Flow ID,Src IP,Src Port,Dst IP,Dst Port,Protocol,Timestamp,Flow Duration,Total Fwd Packet,Total Bwd packets,Total Length of Fwd Packet,Total Length of Bwd Packet,Fwd Packet Length Max,Fwd Packet Length Min,Fwd Packet Length Mean,Fwd Packet Length Std,Bwd Packet Length Max,Bwd Packet Length Min,Bwd Packet Length Mean,Bwd Packet Length Std,Flow Bytes/s,Flow Packets/s,Flow IAT Mean,Flow IAT Std,Flow IAT Max,Flow IAT Min,Fwd IAT Total,Fwd IAT Mean,Fwd IAT Std,Fwd IAT Max,Fwd IAT Min,Bwd IAT Total,Bwd IAT Mean,Bwd IAT Std,Bwd IAT Max,Bwd IAT Min,Fwd PSH Flags,Bwd PSH Flags,Fwd URG Flags,Bwd URG Flags,Fwd RST Flags,Bwd RST Flags,Fwd Header Length,Bwd Header Length,Fwd Packets/s,Bwd Packets/s,Packet Length Min,Packet Length Max,Packet Length Mean,Packet Length Std,Packet Length Variance,FIN Flag Count,SYN Flag Count,RST Flag Count,PSH Flag Count,ACK Flag Count,URG Flag Count,CWR Flag Count,ECE Flag Count,Down/Up Ratio,Average Packet Size,Fwd Segment Size Avg,Bwd Segment Size Avg,Fwd Bytes/Bulk Avg,Fwd Packet/Bulk Avg,Fwd Bulk Rate Avg,Bwd Bytes/Bulk Avg,Bwd Packet/Bulk Avg,Bwd Bulk Rate Avg,Subflow Fwd Packets,Subflow Fwd Bytes,Subflow Bwd Packets,Subflow Bwd Bytes,FWD Init Win Bytes,Bwd Init Win Bytes,Fwd Act Data Pkts,Fwd Seg Size Min,Active Mean,Active Std,Active Max,Active Min,Idle Mean,Idle Std,Idle Max,Idle Min,ICMP Code,ICMP Type,Total TCP Flow Time,Label
134.221.96.0-0.0.0.32-0-0-0,134.221.96.0,0,0.0.0.32,0,0,1970-01-01 00:00:21.811366,99250358,16,0,0.0,0.0,0.0,0.0,0.0,0.0,0,0,0,0,0.0,0.16120848652253728,6616690.533333334,9233503.139419379,2.699827E7,183.0,9.9250358E7,6616690.533333334,9233503.139419379,2.699827E7,183.0,0,0,0,0,0,0,0,0,0,0,0,0,0,0.16120848652253728,0.0,0.0,0.0,0.0,0.0,0.0,0,0,0,0,0,0,0,0,0.0,0.0,0.0,0.0,0,0,0,0,0,0,1,0,0,0,0,0,0,0,292310.6666666666,714770.6094253362,1751330.0,183.0,1.62493545E7,7267775.326373009,2.699827E7,8241624.0,-1,-1,0,Crysis
134.221.96.0-0.0.1.146-0-0-0,134.221.96.0,0,0.0.1.146,0,0,1970-01-01 00:00:25.162765,119462729,72,0,0.0,0.0,0.0,0.0,0.0,0.0,0,0,0,0,0.0,0.6026984365977442,1682573.647887324,879454.6912153022,4257805.0,37578.0,1.19462729E8,1682573.647887324,879454.6912153022,4257805.0,37578.0,0,0,0,0,0,0,0,0,0,0,0,0,0,0.6026984365977442,0.0,0.0,0.0,0.0,0.0,0.0,0,0,0,0,0,0,0,0,0.0,0.0,0.0,0.0,0,0,0,0,0,0,1,0,0,0,0,0,0,0,0,0,0,0,0,0,0,0,-1,-1,0,Crysis
192.168.1.4-192.168.1.5-49245-445-6,192.168.1.4,49245,192.168.1.5,445,6,1970-01-01 00:00:26.130688,119935993,13482,11608,1.584091E7,1.3308824E7,1460.0,0.0,1174.9673638926004,554.0034219495345,1460.0,0.0,1146.521709166093,572.4577690528378,243044.087691007,209.19491615832123,4780.42141974568,215460.35069174244,2.0557506E7,0.0,1.19935993E8,8896.668867294737,295560.014803659,2.076814E7,0.0,1.19935042E8,10332.992332213329,319687.18069885357,2.0557506E7,0.0,1754,1855,0,0,0,0,269648,232168,112.40995853513299,96.78495762318823,0.0,1460.0,1161.8068553208498,562.7841423789251,316725.99091318226,0,2,0,3609,25089,0,0,0,0.8609998516540572,1161.806855320845,1174.9673638925976,1146.5217091660923,98810,70,13596909,59552,43,4295955,0,631,0,530,8192,63784,12178,20,1.09801555E7,1.4695051396285996E7,3.1385321E7,200270.0,1.56732495E7,5086957.516035199,2.0557506E7,9525377.0,-1,-1,119935993,Crysis
134.221.96.0-0.0.0.104-0-0-0,134.221.96.0,0,0.0.0.104,0,0,1970-01-01 00:00:25.166672,115430541,25,0,0.0,0.0,0.0,0.0,0.0,0.0,0,0,0,0,0.0,0.21658046287767116,4809605.875,2526367.838063249,7476537.0,642324.0,1.15430541E8,4809605.875,2526367.838063249,7476537.0,642324.0,0,0,0,0,0,0,0,0,0,0,0,0,0,0.21658046287767116,0.0,0.0,0.0,0.0,0.0,0.0,0,0,0,0,0,0,0,0,0.0,0.0,0.0,0.0,0,0,0,0,0,0,1,0,0,0,0,0,0,0,2846014.4545454546,860389.8381845714,5429029.0,2526634.0,7416879.363636363,81428.48451281986,7476537.0,7254614.0,-1,-1,0,Crysis
134.221.96.0-0.0.0.28-0-0-0,134.221.96.0,0,0.0.0.28,0,0,1970-01-01 00:00:21.851687,118748194,31,0,0.0,0.0,0.0,0.0,0.0,0.0,0,0,0,0,0.0,0.2610566018376667,3958273.1333333333,2866984.2211461775,7562295.0,331.0,1.18748194E8,3958273.1333333333,2866984.2211461775,7562295.0,331.0,0,0,0,0,0,0,0,0,0,0,0,0,0,0.2610566018376667,0.0,0.0,0.0,0.0,0.0,0.0,0,0,0,0,0,0,0,0,0.0,0.0,0.0,0.0,0,0,0,0,0,0,1,0,0,0,0,0,0,0,3139282.2727272725,1861718.9510287577,8745773.0,2437470.0,7425223.909090909,91371.63063386199,7562295.0,7254372.0,-1,-1,0,Crysis
134.221.96.0-0.0.0.136-0-0-0,134.221.96.0,0,0.0.0.136,0,0,1970-01-01 00:00:25.176388,115424069,49,0,0.0,0.0,0.0,0.0,0.0,0.0,0,0,0,0,0.0,0.424521509460908,2404668.1041666665,3007891.6228720546,7562120.0,8.0,1.15424069E8,2404668.1041666665,3007891.6228720546,7562120.0,8.0,0,0,0,0,0,0,0,0,0,0,0,0,0,0.424521509460908,0.0,0.0,0.0,0.0,0.0,0.0,0,0,0,0,0,0,0,0,0.0,0.0,0.0,0.0,0,0,0,0,0,0,1,0,0,0,0,0,0,0,2837265.6363636367,861954.0408799385,5421396.0,2437426.0,7425012.454545454,91348.02643665997,7562120.0,7254163.0,-1,-1,0,Crysis
134.221.96.0-0.0.0.128-0-0-0,134.221.96.0,0,0.0.0.128,0,0,1970-01-01 00:00:29.954153,118105256,25,0,0.0,0.0,0.0,0.0,0.0,0.0,0,0,0,0,0.0,0.21167559215146192,4921052.333333335,2581513.2102571945,7472592.0,642511.0,1.18105256E8,4921052.333333335,2581513.2102571945,7472592.0,642511.0,0,0,0,0,0,0,0,0,0,0,0,0,0,0.21167559215146192,0.0,0.0,0.0,0.0,0.0,0.0,0,0,0,0,0,0,0,0,0.0,0.0,0.0,0.0,0,0,0,0,0,0,1,0,0,0,0,0,0,0,2423690.416666667,566241.512507847,2743603.0,642511.0,7418414.250000001,77646.91405110099,7472592.0,7254439.0,-1,-1,0,Crysis
134.221.96.0-0.0.0.116-0-0-0,134.221.96.0,0,0.0.0.116,0,0,1970-01-01 00:00:29.954605,118105879,25,0,0.0,0.0,0.0,0.0,0.0,0.0,0,0,0,0,0.0,0.21167447557796848,4921078.291666668,2591141.4291775716,7560646.0,642493.0,1.18105879E8,4921078.291666668,2591141.4291775716,7560646.0,642493.0,0,0,0,0,0,0,0,0,0,0,0,0,0,0.21167447557796848,0.0,0.0,0.0,0.0,0.0,0.0,0,0,0,0,0,0,0,0,0.0,0.0,0.0,0.0,0,0,0,0,0,0,1,0,0,0,0,0,0,0,2414181.5,564816.1444500004,2743039.0,642493.0,7427975.083333333,87580.20377029823,7560646.0,7254264.0,-1,-1,0,Crysis
134.221.96.0-0.0.0.194-0-0-0,134.221.96.0,0,0.0.0.194,0,0,1970-01-01 00:00:25.190200,21338,6,0,0.0,0.0,0.0,0.0,0.0,0.0,0,0,0,0,0.0,281.1884900178086,4267.6,5801.751657904705,14306.0,150.0,21338.0,4267.6,5801.751657904705,14306.0,150.0,0,0,0,0,0,0,0,0,0,0,0,0,0,281.1884900178086,0.0,0.0,0.0,0.0,0.0,0.0,0,0,0,0,0,0,0,0,0.0,0.0,0.0,0.0,0,0,0,0,0,0,1,0,0,0,0,0,0,0,0,0,0,0,0,0,0,0,-1,-1,0,Crysis
134.221.96.0-0.0.0.42-0-0-0,134.221.96.0,0,0.0.0.42,0,0,1970-01-01 00:00:25.190786,21219,6,0,0.0,0.0,0.0,0.0,0.0,0.0,0,0,0,0,0.0,282.7654460624912,4243.8,5919.84330029098,14583.0,177.0,21219.0,4243.8,5919.84330029098,14583.0,177.0,0,0,0,0,0,0,0,0,0,0,0,0,0,282.7654460624912,0.0,0.0,0.0,0.0,0.0,0.0,0,0,0,0,0,0,0,0,0.0,0.0,0.0,0.0,0,0,0,0,0,0,1,0,0,0,0,0,0,0,0,0,0,0,0,0,0,0,-1,-1,0,Crysis
134.221.96.0-0.0.0.48-0-0-0,134.221.96.0,0,0.0.0.48,0,0,1970-01-01 00:00:26.825654,55709788,6,0,0.0,0.0,0.0,0.0,0.0,0.0,0,0,0,0,0.0,0.10770100220090588,1.11419576E7,2.20468496449788E7,5.0370681E7,16387.0,5.5709788E7,1.11419576E7,2.20468496449788E7,5.0370681E7,16387.0,0,0,0,0,0,0,0,0,0,0,0,0,0,0.10770100220090588,0.0,0.0,0.0,0.0,0.0,0.0,0,0,0,0,0,0,0,0,0.0,0.0,0.0,0.0,0,0,0,0,0,0,1,0,0,0,0,0,0,0,35014.0,14371.238220835392,45176.0,24852.0,2.781988E7,3.1891648616576754E7,5.0370681E7,5269079.0,-1,-1,0,Crysis
134.221.96.0-0.0.0.60-0-0-0,134.221.96.0,0,0.0.0.60,0,0,1970-01-01 00:00:26.827092,55709594,5,0,0.0,0.0,0.0,0.0,0.0,0.0,0,0,0,0,0.0,0.08975114771075157,1.39273985E7,2.4437761605304122E7,5.0395819E7,15900.0,5.5709594E7,1.39273985E7,2.4437761605304122E7,5.0395819E7,15900.0,0,0,0,0,0,0,0,0,0,0,0,0,0,0.08975114771075157,0.0,0.0,0.0,0.0,0.0,0.0,0,0,0,0,0,0,0,0,0.0,0.0,0.0,0.0,0,0,0,0,0,0,1,0,0,0,0,0,0,0,44749.0,0.0,44749.0,44749.0,2.78324225E7,3.1909461343501624E7,5.0395819E7,5269026.0,-1,-1,0,Crysis
192.168.1.4-192.168.1.5-49266-139-6,192.168.1.4,49266,192.168.1.5,139,6,1970-01-01 00:01:22.540773,113661074,36681,32816,3.9654436E7,3.2621452E7,1460.0,0.0,1081.0620212098877,599.219581739599,1460.0,0.0,994.0715504631901,640.658555783238,635889.5394565777,611.4406414987774,1635.5052664901657,52812.98390938901,6519731.0,0.0,1.13449358E8,3092.9486913849396,75040.47788992313,6522851.0,0.0,1.1366072E8,3463.681852811207,78677.11149614466,6519731.0,0.0,7730,8094,0,0,0,0,733632,658312,322.72262357823575,288.71801792054157,0.0,1460.0,1039.985726002577,620.6492562456167,385205.4992782372,0,2,0,15824,69496,0,0,0,0.8946320983615496,1039.9857260025613,1081.0620212098906,994.0715504631887,69600,50,12158053,64295,47,4485571,0,570,0,469,8192,1120,33246,20,6.4948919E7,0.0,6.4948919E7,6.4948919E7,6519731.0,0.0,6519731.0,6519731.0,-1,-1,113661074,Crysis
134.221.96.0-0.0.0.104-0-0-0,134.221.96.0,0,0.0.0.104,0,0,1970-01-01 00:02:28.058129,112605465,24,0,0.0,0.0,0.0,0.0,0.0,0.0,0,0,0,0,0.0,0.21313352775551347,4895889.782608695,2543093.7258195607,7542944.0,2469228.0,1.12605465E8,4895889.782608695,2543093.7258195607,7542944.0,2469228.0,0,0,0,0,0,0,0,0,0,0,0,0,0,0.21313352775551347,0.0,0.0,0.0,0.0,0.0,0.0,0,0,0,0,0,0,0,0,0.0,0.0,0.0,0.0,0,0,0,0,0,0,1,0,0,0,0,0,0,0,2513401.9090909087,32005.28991105873,2575919.0,2469228.0,7493466.636363636,35878.42281169203,7542944.0,7424539.0,-1,-1,0,Crysis
134.221.96.0-0.0.0.28-0-0-0,134.221.96.0,0,0.0.0.28,0,0,1970-01-01 00:02:28.060923,112604844,24,0,0.0,0.0,0.0,0.0,0.0,0.0,0,0,0,0,0.0,0.213134703157175,4895862.782608696,2538952.3627505023,7554513.0,2455021.0,1.12604844E8,4895862.782608696,2538952.3627505023,7554513.0,2455021.0,0,0,0,0,0,0,0,0,0,0,0,0,0,0.213134703157175,0.0,0.0,0.0,0.0,0.0,0.0,0,0,0,0,0,0,0,0,0.0,0.0,0.0,0.0,0,0,0,0,0,0,1,0,0,0,0,0,0,0,2517982.272727273,53373.89092073185,2654399.0,2455021.0,7488850.090909091,58293.63575632337,7554513.0,7343369.0,-1,-1,0,Crysis
134.221.96.0-0.0.0.136-0-0-0,134.221.96.0,0,0.0.0.136,0,0,1970-01-01 00:02:28.061192,112604896,48,0,0.0,0.0,0.0,0.0,0.0,0.0,0,0,0,0,0.0,0.42626920946670027,2395848.851063831,3033548.1716201357,7554449.0,36.0,1.12604896E8,2395848.851063831,3033548.1716201357,7554449.0,36.0,0,0,0,0,0,0,0,0,0,0,0,0,0,0.42626920946670027,0.0,0.0,0.0,0.0,0.0,0.0,0,0,0,0,0,0,0,0,0.0,0.0,0.0,0.0,0,0,0,0,0,0,1,0,0,0,0,0,0,0,2517993.0,53625.26769723395,2654637.0,2453574.0,7488834.181818183,58496.35267573242,7554449.0,7343112.0,-1,-1,0,Crysis
134.221.96.0-0.0.1.146-0-0-0,134.221.96.0,0,0.0.1.146,0,0,1970-01-01 00:02:25.943862,118479507,73,0,0.0,0.0,0.0,0.0,0.0,0.0,0,0,0,0,0.0,0.616140308551419,1645548.708333334,913838.0059490071,4159501.0,56162.0,1.18479507E8,1645548.708333334,913838.0059490071,4159501.0,56162.0,0,0,0,0,0,0,0,0,0,0,0,0,0,0.616140308551419,0.0,0.0,0.0,0.0,0.0,0.0,0,0,0,0,0,0,0,0,0.0,0.0,0.0,0.0,0,0,0,0,0,0,1,0,0,0,0,0,0,0,0,0,0,0,0,0,0,0,-1,-1,0,Crysis
192.168.1.4-192.168.1.5-49245-445-6,192.168.1.4,49245,192.168.1.5,445,6,1970-01-01 00:02:26.264718,118945223,40059,33669,4.8027179E7,3.7661828E7,1460.0,0.0,1198.9110811552973,532.1317920194818,1460.0,0.0,1118.5906323324155,592.8570506924099,720407.300426012,619.8483481762021,1613.3197200482991,60371.65521674485,8250232.0,0.0,1.18797996E8,2965.6497079234914,83396.77201102303,8250380.0,0.0,1.18945144E8,3532.884163003463,92192.20614774694,8251137.0,0.0,5429,5783,0,0,0,0,801180,673380,336.7852780434907,283.0630701327114,0.0,1460.0,1162.2315402560669,562.1012641320805,315957.83113888284,0,0,0,11212,73728,0,0,0,0.8404852842057965,1162.2315402560764,1198.911081155296,1118.5906323324125,118099,82,30613141,110047,78,3104834,0,651,0,510,0,64240,36989,0,2.6257163E7,1.0817095535087828E7,3.6881179E7,1.525681E7,7018282.666666667,1072376.597302148,8250232.0,6294062.0,-1,-1,239079253,Crysis
134.221.96.0-0.0.0.128-0-0-0,134.221.96.0,0,0.0.0.128,0,0,1970-01-01 00:02:30.598545,117537460,24,0,0.0,0.0,0.0,0.0,0.0,0.0,0,0,0,0,0.0,0.20419022156851102,5110324.347826087,2541781.214444984,7554274.0,2455206.0,1.1753746E8,5110324.347826087,2541781.214444984,7554274.0,2455206.0,0,0,0,0,0,0,0,0,0,0,0,0,0,0.20419022156851102,0.0,0.0,0.0,0.0,0.0,0.0,0,0,0,0,0,0,0,0,0.0,0.0,0.0,0.0,0,0,0,0,0,0,1,0,0,0,0,0,0,0,2514236.0,41174.02135570439,2612002.0,2455206.0,7490071.999999999,45303.885789591586,7554274.0,7385883.0,-1,-1,0,Crysis
134.221.96.0-0.0.0.116-0-0-0,134.221.96.0,0,0.0.0.116,0,0,1970-01-01 00:02:30.599138,117537578,24,0,0.0,0.0,0.0,0.0,0.0,0.0,0,0,0,0,0.0,0.20419001657495445,5110329.478260871,2538205.6683329176,7554537.0,2455197.0,1.17537578E8,5110329.478260871,2538205.6683329176,7554537.0,2455197.0,0,0,0,0,0,0,0,0,0,0,0,0,0,0.20419001657495445,0.0,0.0,0.0,0.0,0.0,0.0,0,0,0,0,0,0,0,0,0.0,0.0,0.0,0.0,0,0,0,0,0,0,1,0,0,0,0,0,0,0,2518077.4545454546,51660.16826794823,2653069.0,2455197.0,7486560.5,54677.62686793477,7554537.0,7344799.0,-1,-1,0,Crysis
134.221.96.0-0.0.0.194-0-0-0,134.221.96.0,0,0.0.0.194,0,0,1970-01-01 00:02:32.286997,119995509,33,0,0.0,0.0,0.0,0.0,0.0,0.0,0,0,0,0,0.0,0.27501029226018786,3749859.65625,7424848.984973984,2.1826992E7,830.0,1.19995509E8,3749859.65625,7424848.984973984,2.1826992E7,830.0,0,0,0,0,0,0,0,0,0,0,0,0,0,0.27501029226018786,0.0,0.0,0.0,0.0,0.0,0.0,0,0,0,0,0,0,0,0,0.0,0.0,0.0,0.0,0,0,0,0,0,0,1,0,0,0,0,0,0,0,14499.0,5084.556561645413,21452.0,7946.0,1.4984939625E7,7196804.087532424,2.1826992E7,8146831.0,-1,-1,0,Crysis
134.221.96.0-0.0.0.42-0-0-0,134.221.96.0,0,0.0.0.42,0,0,1970-01-01 00:02:32.288419,119995163,33,0,0.0,0.0,0.0,0.0,0.0,0.0,0,0,0,0,0.0,0.27501108523849416,3749848.843750001,7425147.538694021,2.1827563E7,744.0,1.19995163E8,3749848.843750001,7425147.538694021,2.1827563E7,744.0,0,0,0,0,0,0,0,0,0,0,0,0,0,0.27501108523849416,0.0,0.0,0.0,0.0,0.0,0.0,0,0,0,0,0,0,0,0,0.0,0.0,0.0,0.0,0,0,0,0,0,0,1,0,0,0,0,0,0,0,13789.75,5042.239348033485,20431.0,7386.0,1.4985605625E7,7196555.402084864,2.1827563E7,8147502.0,-1,-1,0,Crysis
134.221.96.0-0.0.0.32-0-0-0,134.221.96.0,0,0.0.0.32,0,0,1970-01-01 00:02:25.060776,118000491,18,0,0.0,0.0,0.0,0.0,0.0,0.0,0,0,0,0,0.0,0.15254173815259803,6941205.352941177,9747690.31168691,2.3995226E7,133.0,1.18000491E8,6941205.352941177,9747690.31168691,2.3995226E7,133.0,0,0,0,0,0,0,0,0,0,0,0,0,0,0.15254173815259803,0.0,0.0,0.0,0.0,0.0,0.0,0,0,0,0,0,0,0,0,0.0,0.0,0.0,0.0,0,0,0,0,0,0,1,0,0,0,0,0,0,0,917095.0,1455827.7466094675,3258439.0,133.0,1.8749618333333336E7,6548578.040187218,2.3995226E7,6261687.0,-1,-1,0,Crysis
192.168.1.4-192.168.1.255-137-137-17,192.168.1.4,137,192.168.1.255,137,17,1970-01-01 00:00:23.397918,53852138,20,0,1216.0,0.0,68.0,50.0,60.800000000000004,9.047244419100624,0,0,0,0,22.58034769204521,0.37138729756653305,2834323.052631579,1.1047458545450324E7,4.844772E7,71939.0,5.3852138E7,2834323.052631579,1.1047458545450324E7,4.844772E7,71939.0,0,0,0,0,0,0,0,0,0,0,0,160,0,0.37138729756653305,0.0,50.0,68.0,60.800000000000004,9.047244419100624,81.85263157894737,0,0,0,0,0,0,0,0,0.0,60.8,60.8,0.0,1166,19,215,0,0,0,1,60,0,0,0,0,19,8,5404418.0,0.0,5404418.0,5404418.0,4.844772E7,0.0,4.844772E7,4.844772E7,-1,-1,0,Crysis
192.168.1.4-192.168.1.5-49266-139-6,192.168.1.4,49266,192.168.1.5,139,6,1970-01-01 00:03:22.915340,117461851,61063,54226,6.3672817E7,5.0782269E7,1460.0,0.0,1042.739744198597,612.533881607356,1460.0,0.0,936.4929922915207,660.773484250791,974402.199740578,981.5016451596698,1018.8558306155002,40171.99400799823,6548399.0,0.0,1.17461851E8,1923.6489305951438,57029.73964726498,6550733.0,0.0,1.17460103E8,2166.161420009242,60464.51109943872,6746608.0,0.0,14736,15258,0,0,0,0,1221884,1085540,519.8538885616574,461.64775659801245,0.0,1460.0,992.7667513813103,637.8848009745453,406897.0193143353,0,0,0,29994,115289,0,0,0,0.8880336701439497,992.7667513813113,1042.7397441986145,936.4929922915206,64008,46,12073082,58396,43,5229043,0,552,0,440,1847,3,55204,20,7.2606464E7,0.0,7.2606464E7,7.2606464E7,6548399.0,0.0,6548399.0,6548399.0,-1,-1,237836418,Crysis
192.168.1.4-239.255.255.250-58970-3702-17,192.168.1.4,58970,239.255.255.250,3702,17,1970-01-01 00:00:21.535872,4829338,4,0,3964.0,0.0,991.0,991.0,991.0,0.0,0,0,0,0,820.8164348819652,0.8282708727365946,1609779.3333333335,2589674.368487539,4600064.0,106792.0,4829338.0,1609779.3333333335,2589674.368487539,4600064.0,106792.0,0,0,0,0,0,0,0,0,0,0,0,32,0,0.8282708727365946,0.0,991.0,991.0,991.0,0.0,0.0,0,0,0,0,0,0,0,0,0.0,991.0,991.0,0.0,0,0,0,0,0,0,1,991,0,0,0,0,3,8,0,0,0,0,0,0,0,0,-1,-1,0,Crysis
192.168.1.4-192.168.1.5-0-0-1,192.168.1.4,0,192.168.1.5,0,1,1970-01-01 00:00:26.826148,50440670,2,0,0.0,0.0,0.0,0.0,0.0,0.0,0,0,0,0,0.0,0.039650543896423265,5.044067E7,0.0,5.044067E7,5.044067E7,5.044067E7,5.044067E7,0.0,5.044067E7,5.044067E7,0,0,0,0,0,0,0,0,0,0,0,0,0,0.039650543896423265,0.0,0.0,0.0,0.0,0.0,0.0,0,0,0,0,0,0,0,0,0.0,0.0,0.0,0.0,0,0,0,0,0,0,1,0,0,0,0,0,0,0,0,0,0,0,5.044067E7,0.0,5.044067E7,5.044067E7,3,3,0,Crysis
192.168.1.4-239.255.255.250-65004-3702-17,192.168.1.4,65004,239.255.255.250,3702,17,1970-01-01 00:00:22.038062,108193,2,0,1312.0,0.0,656.0,656.0,656.0,0.0,0,0,0,0,12126.47768339911,18.485484273474256,108193.0,0.0,108193.0,108193.0,108193.0,108193.0,0.0,108193.0,108193.0,0,0,0,0,0,0,0,0,0,0,0,16,0,18.485484273474256,0.0,656.0,656.0,656.0,0.0,0.0,0,0,0,0,0,0,0,0,0.0,656.0,656.0,0.0,0,0,0,0,0,0,1,656,0,0,0,0,1,8,0,0,0,0,0,0,0,0,-1,-1,0,Crysis
192.168.1.5-192.168.1.4-3702-65004-17,192.168.1.5,3702,192.168.1.4,65004,17,1970-01-01 00:00:22.042706,66210,2,0,2472.0,0.0,1236.0,1236.0,1236.0,0.0,0,0,0,0,37335.74988672406,30.206917384080953,66210.0,0.0,66210.0,66210.0,66210.0,66210.0,0.0,66210.0,66210.0,0,0,0,0,0,0,0,0,0,0,0,16,0,30.206917384080953,0.0,1236.0,1236.0,1236.0,0.0,0.0,0,0,0,0,0,0,0,0,0.0,1236.0,1236.0,0.0,0,0,0,0,0,0,1,1236,0,0,0,0,1,8,0,0,0,0,0,0,0,0,-1,-1,0,Crysis
134.221.96.0-0.0.0.104-0-0-0,134.221.96.0,0,0.0.0.104,0,0,1970-01-01 00:04:28.133840,112542868,24,0,0.0,0.0,0.0,0.0,0.0,0.0,0,0,0,0,0.0,0.21325207386753287,4893168.173913044,2591566.5914236936,7592608.0,2382485.0,1.12542868E8,4893168.173913044,2591566.5914236936,7592608.0,2382485.0,0,0,0,0,0,0,0,0,0,0,0,0,0,0.21325207386753287,0.0,0.0,0.0,0.0,0.0,0.0,0,0,0,0,0,0,0,0,0.0,0.0,0.0,0.0,0,0,0,0,0,0,1,0,0,0,0,0,0,0,2472162.4545454546,86857.8504941997,2664495.0,2382485.0,7539473.818181819,57574.54020627202,7592608.0,7474139.0,-1,-1,0,Crysis
134.221.96.0-0.0.0.28-0-0-0,134.221.96.0,0,0.0.0.28,0,0,1970-01-01 00:04:28.137159,112541683,24,0,0.0,0.0,0.0,0.0,0.0,0.0,0,0,0,0,0.0,0.2132543192907467,4893116.652173913,2591665.466558374,7593042.0,2382050.0,1.12541683E8,4893116.652173913,2591665.466558374,7593042.0,2382050.0,0,0,0,0,0,0,0,0,0,0,0,0,0,0.2132543192907467,0.0,0.0,0.0,0.0,0.0,0.0,0,0,0,0,0,0,0,0,0.0,0.0,0.0,0.0,0,0,0,0,0,0,1,0,0,0,0,0,0,0,2471999.727272727,86633.35855672554,2664285.0,2382050.0,7539529.818181818,57297.77919922952,7593042.0,7474722.0,-1,-1,0,Crysis
134.221.96.0-0.0.0.136-0-0-0,134.221.96.0,0,0.0.0.136,0,0,1970-01-01 00:04:28.137354,112541854,48,0,0.0,0.0,0.0,0.0,0.0,0.0,0,0,0,0,0.0,0.42650799052946115,2394507.531914894,3053592.140085316,7592193.0,0.0,1.12541854E8,2394507.531914894,3053592.140085316,7592193.0,0.0,0,0,0,0,0,0,0,0,0,0,0,0,0,0.42650799052946115,0.0,0.0,0.0,0.0,0.0,0.0,0,0,0,0,0,0,0,0,0.0,0.0,0.0,0.0,0,0,0,0,0,0,1,0,0,0,0,0,0,0,2472226.090909091,86604.62486779159,2664430.0,2382190.0,7539302.545454545,57224.94237194756,7592193.0,7474528.0,-1,-1,0,Crysis
134.221.96.0-0.0.1.146-0-0-0,134.221.96.0,0,0.0.1.146,0,0,1970-01-01 00:04:28.162794,117508417,72,0,0.0,0.0,0.0,0.0,0.0,0.0,0,0,0,0,0.0,0.6127220656882817,1655048.1267605633,1054582.8041612464,4241050.0,8490.0,1.17508417E8,1655048.1267605633,1054582.8041612464,4241050.0,8490.0,0,0,0,0,0,0,0,0,0,0,0,0,0,0.6127220656882817,0.0,0.0,0.0,0.0,0.0,0.0,0,0,0,0,0,0,0,0,0.0,0.0,0.0,0.0,0,0,0,0,0,0,1,0,0,0,0,0,0,0,0,0,0,0,0,0,0,0,-1,-1,0,Crysis
192.168.1.4-192.168.1.5-49245-445-6,192.168.1.4,49245,192.168.1.5,445,6,1970-01-01 00:04:28.989488,81860103,17493,15632,2.0301669E7,1.7006525E7,1460.0,0.0,1160.5595952666702,559.2018273315463,1460.0,0.0,1087.9302072671428,610.7417573222289,455755.5223208063,404.6537786545419,2471.3229984301233,94236.8605245328,7827128.0,0.0,8.1860103E7,4679.8595357878,131918.96529968083,8000777.0,0.0,8.1658633E7,5224.14643976713,138372.3011170037,7827189.0,0.0,2640,2818,0,0,0,0,349860,312640,213.69384301898572,190.9599356355562,0.0,1460.0,1126.2851018867873,585.2063684248682,342466.49364502257,0,0,0,5458,33125,0,0,0,0.8936145886926199,1126.2851018867925,1160.5595952666781,1087.9302072671444,102363,72,21333932,88837,63,3542107,0,612,0,513,63876,64148,15911,20,8796255.5,1.1681872679049892E7,2.5471134E7,203683.0,6812298.0,1290004.4490980126,7827128.0,5098486.0,-1,-1,324718903,Crysis
134.221.96.0-0.0.0.128-0-0-0,134.221.96.0,0,0.0.0.128,0,0,1970-01-01 00:04:30.660220,117603441,24,0,0.0,0.0,0.0,0.0,0.0,0.0,0,0,0,0,0.0,0.2040756613575618,5113193.0869565215,2596388.162622907,7593170.0,2382069.0,1.17603441E8,5113193.0869565215,2596388.162622907,7593170.0,2382069.0,0,0,0,0,0,0,0,0,0,0,0,0,0,0.2040756613575618,0.0,0.0,0.0,0.0,0.0,0.0,0,0,0,0,0,0,0,0,0.0,0.0,0.0,0.0,0,0,0,0,0,0,1,0,0,0,0,0,0,0,2461941.909090909,86398.98809066525,2664269.0,2382069.0,7543506.666666667,56322.86198069995,7593170.0,7474762.0,-1,-1,0,Crysis
134.221.96.0-0.0.0.116-0-0-0,134.221.96.0,0,0.0.0.116,0,0,1970-01-01 00:04:30.660750,117603426,24,0,0.0,0.0,0.0,0.0,0.0,0.0,0,0,0,0,0.0,0.20407568738686235,5113192.434782609,2596206.8253886164,7593069.0,2382114.0,1.17603426E8,5113192.434782609,2596206.8253886164,7593069.0,2382114.0,0,0,0,0,0,0,0,0,0,0,0,0,0,0.20407568738686235,0.0,0.0,0.0,0.0,0.0,0.0,0,0,0,0,0,0,0,0,0.0,0.0,0.0,0.0,0,0,0,0,0,0,1,0,0,0,0,0,0,0,2462124.7272727275,86334.17975876167,2664343.0,2382114.0,7543337.833333334,56247.56426699457,7593069.0,7474613.0,-1,-1,0,Crysis
134.221.96.0-0.0.0.194-0-0-0,134.221.96.0,0,0.0.0.194,0,0,1970-01-01 00:04:32.289151,119993784,32,0,0.0,0.0,0.0,0.0,0.0,0.0,0,0,0,0,0.0,0.2666804807155677,3870767.2258064514,7542668.405573069,2.1828581E7,733.0,1.19993784E8,3870767.2258064514,7542668.405573069,2.1828581E7,733.0,0,0,0,0,0,0,0,0,0,0,0,0,0,0.2666804807155677,0.0,0.0,0.0,0.0,0.0,0.0,0,0,0,0,0,0,0,0,0.0,0.0,0.0,0.0,0,0,0,0,0,0,1,0,0,0,0,0,0,0,11662.375,5880.292726860749,18246.0,1853.0,1.4987560625E7,7311507.223922397,2.1828581E7,8145920.0,-1,-1,0,Crysis
134.221.96.0-0.0.0.42-0-0-0,134.221.96.0,0,0.0.0.42,0,0,1970-01-01 00:04:32.289572,111845112,32,0,0.0,0.0,0.0,0.0,0.0,0.0,0,0,0,0,0.0,0.286109955346104,3607906.838709677,7457106.684136724,2.1829333E7,710.0,1.11845112E8,3607906.838709677,7457106.684136724,2.1829333E7,710.0,0,0,0,0,0,0,0,0,0,0,0,0,0,0.286109955346104,0.0,0.0,0.0,0.0,0.0,0.0,0,0,0,0,0,0,0,0,0.0,0.0,0.0,0.0,0,0,0,0,0,0,1,0,0,0,0,0,0,0,1370641.3333333335,3332718.505912653,8173513.0,1754.0,1.7267713166666664E7,7064120.080064337,2.1829333E7,8146765.0,-1,-1,0,Crysis
134.221.96.0-0.0.0.32-0-0-0,134.221.96.0,0,0.0.0.32,0,0,1970-01-01 00:04:35.302561,104258787,16,0,0.0,0.0,0.0,0.0,0.0,0.0,0,0,0,0,0.0,0.15346428306325874,6950585.8,9134088.069080368,2.2499793E7,197.0,1.04258787E8,6950585.8,9134088.069080368,2.2499793E7,197.0,0,0,0,0,0,0,0,0,0,0,0,0,0,0.15346428306325874,0.0,0.0,0.0,0.0,0.0,0.0,0,0,0,0,0,0,0,0,0.0,0.0,0.0,0.0,0,0,0,0,0,0,1,0,0,0,0,0,0,0,541043.8333333334,1324370.1147584715,3244403.0,205.0,1.6835386E7,6026834.470222026,2.2499793E7,9241507.0,-1,-1,0,Crysis
192.168.1.5-192.168.1.255-138-138-17,192.168.1.5,138,192.168.1.255,138,17,1970-01-01 00:00:29.571404,83665101,3,0,609.0,0.0,204.0,201.0,203.0,1.7320508075688772,0,0,0,0,7.279020675538298,0.03585724470708521,4.18325505E7,2.569287833658472E7,6.0000159E7,2.3664942E7,8.3665101E7,4.18325505E7,2.569287833658472E7,6.0000159E7,2.3664942E7,0,0,0,0,0,0,0,0,0,0,0,24,0,0.03585724470708521,0.0,201.0,204.0,203.0,1.7320508075688772,3.0,0,0,0,0,0,0,0,0,0.0,203.0,203.0,0.0,0,0,0,0,0,0,1,203,0,0,0,0,2,8,0,0,0,0,4.18325505E7,2.569287833658472E7,6.0000159E7,2.3664942E7,-1,-1,0,Crysis
192.168.1.4-192.168.1.5-49266-139-6,192.168.1.4,49266,192.168.1.5,139,6,1970-01-01 00:05:23.596988,119982875,42382,39573,3.7692793E7,3.0110495E7,1460.0,0.0,889.3585248454543,644.8506793808012,1460.0,0.0,760.8848204584008,676.2564712031394,565108.0456273447,683.0558110897075,1464.0270761646648,55557.74355203485,8420636.0,0.0,1.19775275E8,2826.154998702265,79476.85739194107,8621617.0,0.0,1.19982875E8,3032.014429394532,80900.6431823209,8420636.0,0.0,15049,15373,0,0,0,0,847664,791508,353.2337427320357,329.82206835767187,0.0,1460.0,827.3233847843221,663.3119981177176,439982.80684691906,0,0,0,30422,81955,0,0,0,0.9337218630550705,827.3233847843329,889.3585248454533,760.8848204583934,51182,37,7538493,46239,34,4616451,0,459,0,367,0,3296,37888,0,2.2430119E7,2.8718254125555176E7,5.4815181E7,61510.0,7916989.0,662753.9003800732,8420636.0,7166169.0,-1,-1,361039090,Crysis
192.168.1.4-239.255.255.250-1900-1900-17,192.168.1.4,1900,239.255.255.250,1900,17,1970-01-01 00:00:21.576158,8462305,18,0,8607.0,0.0,513.0,433.0,478.1666666666667,30.860692684079158,0,0,0,0,1017.098769188773,2.127080033158814,497782.64705882355,440372.5183803114,1397260.0,124718.0,8462305.0,497782.64705882355,440372.5183803114,1397260.0,124718.0,0,0,0,0,0,0,0,0,0,0,0,144,0,2.127080033158814,0.0,433.0,513.0,478.1666666666667,30.860692684079158,952.3823529411769,0,0,0,0,0,0,0,0,0.0,478.1666666666667,478.1666666666667,0.0,2707,5,1882,0,0,0,1,478,0,0,0,0,17,8,0,0,0,0,0,0,0,0,-1,-1,0,Crysis
134.221.96.0-0.0.0.20-0-0-0,134.221.96.0,0,0.0.0.20,0,0,1970-01-01 00:00:21.852162,118162064,14,0,0.0,0.0,0.0,0.0,0.0,0.0,0,0,0,0,0.0,0.11848134270911179,9089389.538461538,2.192572413881471E7,6.3769054E7,434.0,1.18162064E8,9089389.538461538,2.192572413881471E7,6.3769054E7,434.0,0,0,0,0,0,0,0,0,0,0,0,0,0,0.11848134270911179,0.0,0.0,0.0,0.0,0.0,0.0,0,0,0,0,0,0,0,0,0.0,0.0,0.0,0.0,0,0,0,0,0,0,1,0,0,0,0,0,0,0,1714025.0,0.0,1714025.0,1714025.0,5.82240195E7,7841862.993726714,6.3769054E7,5.2678985E7,-1,-1,0,Crysis
134.221.96.0-0.0.5.180-0-0-0,134.221.96.0,0,0.0.5.180,0,0,1970-01-01 00:00:21.855214,1710852,9,0,0.0,0.0,0.0,0.0,0.0,0.0,0,0,0,0,0.0,5.260536855321209,213856.49999999997,444862.08687605005,1235761.0,64.0,1710852.0,213856.49999999997,444862.08687605005,1235761.0,64.0,0,0,0,0,0,0,0,0,0,0,0,0,0,5.260536855321209,0.0,0.0,0.0,0.0,0.0,0.0,0,0,0,0,0,0,0,0,0.0,0.0,0.0,0.0,0,0,0,0,0,0,1,0,0,0,0,0,0,0,0,0,0,0,0,0,0,0,-1,-1,0,Crysis
134.221.96.0-0.0.5.91-0-0-0,134.221.96.0,0,0.0.5.91,0,0,1970-01-01 00:00:21.855948,1236422,2,0,0.0,0.0,0.0,0.0,0.0,0.0,0,0,0,0,0.0,1.617570699971369,1236422.0,0.0,1236422.0,1236422.0,1236422.0,1236422.0,0.0,1236422.0,1236422.0,0,0,0,0,0,0,0,0,0,0,0,0,0,1.617570699971369,0.0,0.0,0.0,0.0,0.0,0.0,0,0,0,0,0,0,0,0,0.0,0.0,0.0,0.0,0,0,0,0,0,0,1,0,0,0,0,0,0,0,0,0,0,0,0,0,0,0,-1,-1,0,Crysis
134.221.96.0-0.0.1.214-0-0-0,134.221.96.0,0,0.0.1.214,0,0,1970-01-01 00:00:22.499207,4781247,2,0,0.0,0.0,0.0,0.0,0.0,0.0,0,0,0,0,0.0,0.41830091605809117,4781247.0,0.0,4781247.0,4781247.0,4781247.0,4781247.0,0.0,4781247.0,4781247.0,0,0,0,0,0,0,0,0,0,0,0,0,0,0.41830091605809117,0.0,0.0,0.0,0.0,0.0,0.0,0,0,0,0,0,0,0,0,0.0,0.0,0.0,0.0,0,0,0,0,0,0,1,0,0,0,0,0,0,0,0,0,0,0,0,0,0,0,-1,-1,0,Crysis
192.168.1.5-192.168.1.4-49254-445-6,192.168.1.5,49254,192.168.1.4,445,6,1970-01-01 00:06:07.411636,20133775,87,83,14588.0,23263.0,497.0,0.0,167.6781609195402,122.05541004871456,1460.0,0.0,280.277108433735,367.07011735491557,1879.975315111051,8.443523382972145,119134.76331360944,900337.6310662854,1.1238868E7,0.0,2.0133775E7,234113.66279069768,1259184.8017562288,1.1238868E7,346.0,1.9920858E7,242937.29268292675,1315981.4845240363,1.1435409E7,0.0,75,75,0,0,0,0,1748,1668,4.32109726069751,4.122426122274636,0.0,1460.0,222.65294117647062,275.9431864552223,76144.64215106159,0,2,0,150,169,0,0,0,0.9540229885057471,222.6529411764706,167.67816091954023,280.27710843373495,0,0,0,4652,4,0,0,85,0,136,8192,64076,75,20,8680302.0,0.0,8680302.0,8680302.0,1.1238868E7,0.0,1.1238868E7,1.1238868E7,-1,-1,20133775,Crysis
134.221.96.0-0.0.0.104-0-0-0,134.221.96.0,0,0.0.0.104,0,0,1970-01-01 00:06:28.262304,112773155,24,0,0.0,0.0,0.0,0.0,0.0,0.0,0,0,0,0,0.0,0.21281660515749515,4903180.652173914,2629737.837615042,8084473.0,1605590.0,1.12773155E8,4903180.652173914,2629737.837615042,8084473.0,1605590.0,0,0,0,0,0,0,0,0,0,0,0,0,0,0.21281660515749515,0.0,0.0,0.0,0.0,0.0,0.0,0,0,0,0,0,0,0,0,0.0,0.0,0.0,0.0,0,0,0,0,0,0,1,0,0,0,0,0,0,0,2482029.4545454546,742365.967446968,4470743.0,1605590.0,7523550.090909092,426234.05268524826,8084473.0,6526035.0,-1,-1,0,Crysis
134.221.96.0-0.0.0.28-0-0-0,134.221.96.0,0,0.0.0.28,0,0,1970-01-01 00:06:28.264716,112773189,26,0,0.0,0.0,0.0,0.0,0.0,0.0,0,0,0,0,0.0,0.23055125274501193,4510927.5600000005,2871453.137224268,8085211.0,294.0,1.12773189E8,4510927.5600000005,2871453.137224268,8085211.0,294.0,0,0,0,0,0,0,0,0,0,0,0,0,0,0.23055125274501193,0.0,0.0,0.0,0.0,0.0,0.0,0,0,0,0,0,0,0,0,0.0,0.0,0.0,0.0,0,0,0,0,0,0,1,0,0,0,0,0,0,0,2446352.272727273,827226.15102922,4548385.0,1141823.0,7559765.181818183,343432.63580673817,8085211.0,6911917.0,-1,-1,0,Crysis
134.221.96.0-0.0.0.136-0-0-0,134.221.96.0,0,0.0.0.136,0,0,1970-01-01 00:06:28.264887,112773389,48,0,0.0,0.0,0.0,0.0,0.0,0.0,0,0,0,0,0.0,0.42563232714412796,2399433.808510639,3090118.680107608,8084924.0,0.0,1.12773389E8,2399433.808510639,3090118.680107608,8084924.0,0.0,0,0,0,0,0,0,0,0,0,0,0,0,0,0.42563232714412796,0.0,0.0,0.0,0.0,0.0,0.0,0,0,0,0,0,0,0,0,0.0,0.0,0.0,0.0,0,0,0,0,0,0,1,0,0,0,0,0,0,0,2446082.727272727,827098.2894353113,4548581.0,1142012.0,7560068.2727272725,343062.35320422164,8084924.0,6911711.0,-1,-1,0,Crysis
192.168.1.4-192.168.1.5-49245-445-6,192.168.1.4,49245,192.168.1.5,445,6,1970-01-01 00:06:29.003177,119999854,69089,57714,8.624034E7,6.6938278E7,1460.0,0.0,1248.2499384851303,493.9637133427152,1460.0,0.0,1159.8273902346245,571.4639168600552,1276490.036396211,1056.6929523097585,946.3561615747382,34948.30654957679,5590374.0,0.0,1.19996766E8,1736.868428670677,48682.55993612106,5702691.0,0.0,1.19999854E8,2079.251711052957,52248.83869993968,5590374.0,0.0,6871,7422,0,0,0,0,1381804,1154280,575.7423671532134,480.9505851565453,0.0,1460.0,1208.0046844317494,532.4647113933269,283518.6688791788,0,0,0,14293,126803,0,0,0,0.8353572927673002,1208.0046844317565,1248.2499384851424,1159.8273902346052,98361,69,10210770,90201,64,3882553,0,680,0,527,0,64240,63939,0,9.7114369E7,0.0,9.7114369E7,9.7114369E7,5590374.0,0.0,5590374.0,5590374.0,-1,-1,482872343,Crysis
134.221.96.0-0.0.1.146-0-0-0,134.221.96.0,0,0.0.1.146,0,0,1970-01-01 00:06:28.630906,119406398,73,0,0.0,0.0,0.0,0.0,0.0,0.0,0,0,0,0,0.0,0.6113575254150116,1658422.1944444445,850640.4339127252,3318707.0,52451.0,1.19406398E8,1658422.1944444445,850640.4339127252,3318707.0,52451.0,0,0,0,0,0,0,0,0,0,0,0,0,0,0.6113575254150116,0.0,0.0,0.0,0.0,0.0,0.0,0,0,0,0,0,0,0,0,0.0,0.0,0.0,0.0,0,0,0,0,0,0,1,0,0,0,0,0,0,0,0,0,0,0,0,0,0,0,-1,-1,0,Crysis
134.221.96.0-0.0.0.128-0-0-0,134.221.96.0,0,0.0.0.128,0,0,1970-01-01 00:06:30.677525,117653834,24,0,0.0,0.0,0.0,0.0,0.0,0.0,0,0,0,0,0.0,0.20398825252052558,5115384.086956522,2640496.3238973552,8085256.0,1346619.0,1.17653834E8,5115384.086956522,2640496.3238973552,8085256.0,1346619.0,0,0,0,0,0,0,0,0,0,0,0,0,0,0.20398825252052558,0.0,0.0,0.0,0.0,0.0,0.0,0,0,0,0,0,0,0,0,0.0,0.0,0.0,0.0,0,0,0,0,0,0,1,0,0,0,0,0,0,0,2485098.0909090913,781046.3588505428,4475935.0,1346619.0,7526479.583333332,359987.0848421845,8085256.0,6779482.0,-1,-1,0,Crysis
134.221.96.0-0.0.0.116-0-0-0,134.221.96.0,0,0.0.0.116,0,0,1970-01-01 00:06:30.677971,117653792,24,0,0.0,0.0,0.0,0.0,0.0,0.0,0,0,0,0,0.0,0.20398832534016414,5115382.260869565,2638050.9818610614,8085329.0,1345084.0,1.17653792E8,5115382.260869565,2638050.9818610614,8085329.0,1345084.0,0,0,0,0,0,0,0,0,0,0,0,0,0,0.20398832534016414,0.0,0.0,0.0,0.0,0.0,0.0,0,0,0,0,0,0,0,0,0.0,0.0,0.0,0.0,0,0,0,0,0,0,1,0,0,0,0,0,0,0,2491185.9999999995,799064.4053534109,4545261.0,1345084.0,7520895.5,373125.9706817279,8085329.0,6711732.0,-1,-1,0,Crysis
134.221.96.0-0.0.0.32-0-0-0,134.221.96.0,0,0.0.0.32,0,0,1970-01-01 00:06:42.802243,100900379,18,0,0.0,0.0,0.0,0.0,0.0,0.0,0,0,0,0,0.0,0.1783937798687555,5935316.411764706,8614143.600921873,2.4495345E7,139.0,1.00900379E8,5935316.411764706,8614143.600921873,2.4495345E7,139.0,0,0,0,0,0,0,0,0,0,0,0,0,0,0.1783937798687555,0.0,0.0,0.0,0.0,0.0,0.0,0,0,0,0,0,0,0,0,0.0,0.0,0.0,0.0,0,0,0,0,0,0,1,0,0,0,0,0,0,0,834479.0,1919607.6087914426,4747167.0,139.0,1.5982218166666666E7,6796568.7208909,2.4495345E7,8141198.0,-1,-1,0,Crysis
134.221.96.0-0.0.0.194-0-0-0,134.221.96.0,0,0.0.0.194,0,0,1970-01-01 00:06:33.804058,118489009,36,0,0.0,0.0,0.0,0.0,0.0,0.0,0,0,0,0,0.0,0.3038256485038203,3385400.2571428563,7092150.743248264,2.1930631E7,694.0,1.18489009E8,3385400.2571428563,7092150.743248264,2.1930631E7,694.0,0,0,0,0,0,0,0,0,0,0,0,0,0,0.3038256485038203,0.0,0.0,0.0,0.0,0.0,0.0,0,0,0,0,0,0,0,0,0.0,0.0,0.0,0.0,0,0,0,0,0,0,1,0,0,0,0,0,0,0,13115.624999999998,5991.799442035041,22896.0,7931.0,1.4796901E7,7168363.266711845,2.1930631E7,8048603.0,-1,-1,0,Crysis
134.221.96.0-0.0.0.42-0-0-0,134.221.96.0,0,0.0.0.42,0,0,1970-01-01 00:06:33.805580,118487928,37,0,0.0,0.0,0.0,0.0,0.0,0.0,0,0,0,0,0.0,0.3122680987382951,3291331.3333333326,7013660.750349055,2.1932886E7,381.0,1.18487928E8,3291331.3333333326,7013660.750349055,2.1932886E7,381.0,0,0,0,0,0,0,0,0,0,0,0,0,0,0.3122680987382951,0.0,0.0,0.0,0.0,0.0,0.0,0,0,0,0,0,0,0,0,0.0,0.0,0.0,0.0,0,0,0,0,0,0,1,0,0,0,0,0,0,0,11672.625,5555.4449464981135,20232.0,6889.0,1.479836075E7,7168887.793765935,2.1932886E7,8049527.0,-1,-1,0,Crysis
192.168.1.4-192.168.1.5-49266-139-6,192.168.1.4,49266,192.168.1.5,139,6,1970-01-01 00:07:23.601530,119998578,58787,50708,6.5942465E7,5.205476E7,1460.0,0.0,1121.7184921836567,580.5424018898651,1460.0,0.0,1026.5591228208634,633.8045135161597,983321.8606973826,912.4691460927146,1095.9374760260835,32260.99673957382,3560590.0,0.0,1.19998431E8,2041.2756608716284,45805.61976105522,3755316.0,0.0,1.19997044E8,2366.478868795222,48524.104233155296,3768784.0,0.0,10499,12069,0,0,0,0,1175752,1014160,489.8974719517093,422.57167414100525,0.0,1460.0,1077.6494360473155,607.6436587605886,369230.81603195454,0,0,0,22568,109495,0,0,0,0.8625716569989964,1077.6494360473082,1121.718492183646,1026.5591228208566,82187,59,14632453,58014,43,3363917,0,602,0,475,6527,11714,53285,20,0,0,0,0,0,0,0,0,-1,-1,481059335,Crysis
192.168.1.3-255.255.255.255-67-68-17,192.168.1.3,67,255.255.255.255,68,17,1970-01-01 00:00:20.500618,72646,2,0,1096.0,0.0,548.0,548.0,548.0,0.0,0,0,0,0,15086.859565564519,27.530765630592185,72646.0,0.0,72646.0,72646.0,72646.0,72646.0,0.0,72646.0,72646.0,0,0,0,0,0,0,0,0,0,0,0,16,0,27.530765630592185,0.0,548.0,548.0,548.0,0.0,0.0,0,0,0,0,0,0,0,0,0.0,548.0,548.0,0.0,0,0,0,0,0,0,1,548,0,0,0,0,1,8,0,0,0,0,0,0,0,0,-1,-1,0,Crysis
192.168.1.5-192.168.1.255-137-137-17,192.168.1.5,137,192.168.1.255,137,17,1970-01-01 00:06:07.349901,1492419,3,0,150.0,0.0,50.0,50.0,50.0,0.0,0,0,0,0,100.50796726656523,2.0101593453313047,746209.5,5543.010057721346,750129.0,742290.0,1492419.0,746209.5,5543.010057721346,750129.0,742290.0,0,0,0,0,0,0,0,0,0,0,0,24,0,2.0101593453313047,0.0,50.0,50.0,50.0,0.0,0.0,0,0,0,0,0,0,0,0,0.0,50.0,50.0,0.0,0,0,0,0,0,0,1,50,0,0,0,0,2,8,0,0,0,0,0,0,0,0,-1,-1,0,Crysis
192.168.1.5-239.255.255.250-62296-3702-17,192.168.1.5,62296,239.255.255.250,3702,17,1970-01-01 00:06:15.913770,126788,2,0,1982.0,0.0,991.0,991.0,991.0,0.0,0,0,0,0,15632.3942328927,15.774363504432594,126788.0,0.0,126788.0,126788.0,126788.0,126788.0,0.0,126788.0,126788.0,0,0,0,0,0,0,0,0,0,0,0,16,0,15.774363504432594,0.0,991.0,991.0,991.0,0.0,0.0,0,0,0,0,0,0,0,0,0.0,991.0,991.0,0.0,0,0,0,0,0,0,1,991,0,0,0,0,1,8,0,0,0,0,0,0,0,0,-1,-1,0,Crysis
192.168.1.4-239.255.255.250-65004-3702-17,192.168.1.4,65004,239.255.255.250,3702,17,1970-01-01 00:06:15.965492,165352,2,0,1312.0,0.0,656.0,656.0,656.0,0.0,0,0,0,0,7934.588030383667,12.09540858290193,165352.0,0.0,165352.0,165352.0,165352.0,165352.0,0.0,165352.0,165352.0,0,0,0,0,0,0,0,0,0,0,0,16,0,12.09540858290193,0.0,656.0,656.0,656.0,0.0,0.0,0,0,0,0,0,0,0,0,0.0,656.0,656.0,0.0,0,0,0,0,0,0,1,656,0,0,0,0,1,8,0,0,0,0,0,0,0,0,-1,-1,0,Crysis
192.168.1.5-192.168.1.4-3702-65004-17,192.168.1.5,3702,192.168.1.4,65004,17,1970-01-01 00:06:16.502024,199770,2,0,2472.0,0.0,1236.0,1236.0,1236.0,0.0,0,0,0,0,12374.230364919658,10.01151324022626,199770.0,0.0,199770.0,199770.0,199770.0,199770.0,0.0,199770.0,199770.0,0,0,0,0,0,0,0,0,0,0,0,16,0,10.01151324022626,0.0,1236.0,1236.0,1236.0,0.0,0.0,0,0,0,0,0,0,0,0,0.0,1236.0,1236.0,0.0,0,0,0,0,0,0,1,1236,0,0,0,0,1,8,0,0,0,0,0,0,0,0,-1,-1,0,Crysis
192.168.1.5-239.255.255.250-49901-3702-17,192.168.1.5,49901,239.255.255.250,3702,17,1970-01-01 00:06:15.956906,267770,2,0,1312.0,0.0,656.0,656.0,656.0,0.0,0,0,0,0,4899.727377973634,7.469096612764686,267770.0,0.0,267770.0,267770.0,267770.0,267770.0,0.0,267770.0,267770.0,0,0,0,0,0,0,0,0,0,0,0,16,0,7.469096612764686,0.0,656.0,656.0,656.0,0.0,0.0,0,0,0,0,0,0,0,0,0.0,656.0,656.0,0.0,0,0,0,0,0,0,1,656,0,0,0,0,1,8,0,0,0,0,0,0,0,0,-1,-1,0,Crysis
192.168.1.4-192.168.1.5-3702-49901-17,192.168.1.4,3702,192.168.1.5,49901,17,1970-01-01 00:06:15.964247,135115,2,0,2472.0,0.0,1236.0,1236.0,1236.0,0.0,0,0,0,0,18295.52603337897,14.802205528623764,135115.0,0.0,135115.0,135115.0,135115.0,135115.0,0.0,135115.0,135115.0,0,0,0,0,0,0,0,0,0,0,0,16,0,14.802205528623764,0.0,1236.0,1236.0,1236.0,0.0,0.0,0,0,0,0,0,0,0,0,0.0,1236.0,1236.0,0.0,0,0,0,0,0,0,1,1236,0,0,0,0,1,8,0,0,0,0,0,0,0,0,-1,-1,0,Crysis
192.168.1.4-192.168.1.255-138-138-17,192.168.1.4,138,192.168.1.255,138,17,1970-01-01 00:00:24.597887,4980238,3,0,549.0,0.0,201.0,174.0,183.0,15.588457268119896,0,0,0,0,110.23569556314376,0.6023808500718238,2490119.0,3487945.619558883,4956469.0,23769.0,4980238.0,2490119.0,3487945.619558883,4956469.0,23769.0,0,0,0,0,0,0,0,0,0,0,0,24,0,0.6023808500718238,0.0,174.0,201.0,183.0,15.588457268119896,243.0,0,0,0,0,0,0,0,0,0.0,183.0,183.0,0.0,0,0,0,0,0,0,1,183,0,0,0,0,2,8,0,0,0,0,0,0,0,0,-1,-1,0,Crysis
8.6.0.1-8.0.6.4-0-0-0,8.6.0.1,0,8.0.6.4,0,0,1970-01-01 00:00:20.611205,5625158,7,0,0.0,0.0,0.0,0.0,0.0,0.0,0,0,0,0,0.0,1.2444094903645373,937526.3333333334,877822.7703423206,2599409.0,13049.0,5625158.0,937526.3333333334,877822.7703423206,2599409.0,13049.0,0,0,0,0,0,0,0,0,0,0,0,0,0,1.2444094903645373,0.0,0.0,0.0,0.0,0.0,0.0,0,0,0,0,0,0,0,0,0.0,0.0,0.0,0.0,0,0,0,0,0,0,1,0,0,0,0,0,0,0,0,0,0,0,0,0,0,0,-1,-1,0,Crysis
192.168.1.4-224.0.0.22-0-0-0,192.168.1.4,0,224.0.0.22,0,0,1970-01-01 00:00:20.608638,3220092,11,0,0.0,0.0,0.0,0.0,0.0,0.0,0,0,0,0,0.0,3.4160514668524997,322009.20000000007,454197.19508155884,1524649.0,1085.0,3220092.0,322009.20000000007,454197.19508155884,1524649.0,1085.0,0,0,0,0,0,0,0,0,0,0,0,0,0,3.4160514668524997,0.0,0.0,0.0,0.0,0.0,0.0,0,0,0,0,0,0,0,0,0.0,0.0,0.0,0.0,0,0,0,0,0,0,1,0,0,0,0,0,0,0,0,0,0,0,0,0,0,0,-1,-1,0,Crysis
192.168.1.4-239.255.255.250-54067-1900-17,192.168.1.4,54067,239.255.255.250,1900,17,1970-01-01 00:00:21.575145,12401828,21,0,2533.0,0.0,133.0,97.0,120.61904761904763,15.679528661526117,0,0,0,0,204.24408401729164,1.6932987620857183,620091.3999999999,995298.5869273179,2999911.0,582.0,1.2401828E7,620091.3999999999,995298.5869273179,2999911.0,582.0,0,0,0,0,0,0,0,0,0,0,0,168,0,1.6932987620857183,0.0,97.0,133.0,120.61904761904763,15.679528661526117,245.847619047619,0,0,0,0,0,0,0,0,0.0,120.61904761904762,120.61904761904762,0.0,903,7,1857,0,0,0,1,120,0,0,0,0,20,8,0,0,0,0,0,0,0,0,-1,-1,0,Crysis
192.168.1.5-192.168.1.4-49254-445-6,192.168.1.5,49254,192.168.1.4,445,6,1970-01-01 00:08:27.552309,238,1,1,0.0,1.0,0.0,0.0,0.0,0.0,1.0,1.0,1.0,0.0,4201.680672268907,8403.361344537814,238.0,0.0,238.0,238.0,0,0,0,0,0,0,0,0,0,0,0,0,0,0,0,0,32,20,4201.680672268907,4201.680672268907,0.0,1.0,0.5,0.7071067811865476,0.5,0,0,0,0,2,0,0,0,1.0,0.5,0.0,1.0,0,0,0,0,0,0,0,0,0,0,0,64076,0,0,0,0,0,0,0,0,0,0,-1,-1,140140911,Crysis
134.221.96.0-0.0.0.104-0-0-0,134.221.96.0,0,0.0.0.104,0,0,1970-01-01 00:08:28.329914,112706205,24,0,0.0,0.0,0.0,0.0,0.0,0.0,0,0,0,0,0.0,0.21294302296843373,4900269.782608695,2467196.04560243,7484605.0,2516672.0,1.12706205E8,4900269.782608695,2467196.04560243,7484605.0,2516672.0,0,0,0,0,0,0,0,0,0,0,0,0,0,0.21294302296843373,0.0,0.0,0.0,0.0,0.0,0.0,0,0,0,0,0,0,0,0,0.0,0.0,0.0,0.0,0,0,0,0,0,0,1,0,0,0,0,0,0,0,2594997.090909091,80121.61682024965,2705315.0,2516672.0,7419416.545454546,72138.47728551479,7484605.0,7304337.0,-1,-1,0,Crysis
134.221.96.0-0.0.0.28-0-0-0,134.221.96.0,0,0.0.0.28,0,0,1970-01-01 00:08:28.332196,112706098,24,0,0.0,0.0,0.0,0.0,0.0,0.0,0,0,0,0,0.0,0.2129432251305515,4900265.130434782,2470436.0886513595,7484514.0,2516638.0,1.12706098E8,4900265.130434782,2470436.0886513595,7484514.0,2516638.0,0,0,0,0,0,0,0,0,0,0,0,0,0,0.2129432251305515,0.0,0.0,0.0,0.0,0.0,0.0,0,0,0,0,0,0,0,0,0.0,0.0,0.0,0.0,0,0,0,0,0,0,1,0,0,0,0,0,0,0,2591840.3636363638,82516.93511670535,2705318.0,2516638.0,7422675.909090909,73023.83455482815,7484514.0,7301632.0,-1,-1,0,Crysis
134.221.96.0-0.0.0.136-0-0-0,134.221.96.0,0,0.0.0.136,0,0,1970-01-01 00:08:28.332416,112706247,48,0,0.0,0.0,0.0,0.0,0.0,0.0,0,0,0,0,0.0,0.42588588723036797,2398005.2553191492,3012416.715286795,7592119.0,0.0,1.12706247E8,2398005.2553191492,3012416.715286795,7592119.0,0.0,0,0,0,0,0,0,0,0,0,0,0,0,0,0.42588588723036797,0.0,0.0,0.0,0.0,0.0,0.0,0,0,0,0,0,0,0,0,0.0,0.0,0.0,0.0,0,0,0,0,0,0,1,0,0,0,0,0,0,0,2581043.7272727275,98461.51414749929,2705493.0,2406785.0,7433472.0,88554.57407610306,7592119.0,7301213.0,-1,-1,0,Crysis
134.221.96.0-0.0.0.128-0-0-0,134.221.96.0,0,0.0.0.128,0,0,1970-01-01 00:08:31.036620,117451461,24,0,0.0,0.0,0.0,0.0,0.0,0.0,0,0,0,0,0.0,0.20433973145723577,5106585.260869566,2474266.7803073265,7484648.0,2516743.0,1.17451461E8,5106585.260869566,2474266.7803073265,7484648.0,2516743.0,0,0,0,0,0,0,0,0,0,0,0,0,0,0.20433973145723577,0.0,0.0,0.0,0.0,0.0,0.0,0,0,0,0,0,0,0,0,0.0,0.0,0.0,0.0,0,0,0,0,0,0,1,0,0,0,0,0,0,0,2580085.5454545454,72055.91499573586,2696648.0,2516743.0,7422543.333333333,69310.36995655952,7484648.0,7302774.0,-1,-1,0,Crysis
134.221.96.0-0.0.0.116-0-0-0,134.221.96.0,0,0.0.0.116,0,0,1970-01-01 00:08:31.037153,117451445,24,0,0.0,0.0,0.0,0.0,0.0,0.0,0,0,0,0,0.0,0.20433975929372344,5106584.565217391,2476645.5438474147,7484318.0,2516935.0,1.17451445E8,5106584.565217391,2476645.5438474147,7484318.0,2516935.0,0,0,0,0,0,0,0,0,0,0,0,0,0,0.20433975929372344,0.0,0.0,0.0,0.0,0.0,0.0,0,0,0,0,0,0,0,0,0.0,0.0,0.0,0.0,0,0,0,0,0,0,1,0,0,0,0,0,0,0,2577688.272727273,73929.35080614581,2702215.0,2516935.0,7424739.500000001,69912.37895394485,7484318.0,7302143.0,-1,-1,0,Crysis
134.221.96.0-0.0.1.146-0-0-0,134.221.96.0,0,0.0.1.146,0,0,1970-01-01 00:08:29.783210,119521255,73,0,0.0,0.0,0.0,0.0,0.0,0.0,0,0,0,0,0.0,0.6107700258000136,1660017.4305555557,1008284.8513643136,4834363.0,23756.0,1.19521255E8,1660017.4305555557,1008284.8513643136,4834363.0,23756.0,0,0,0,0,0,0,0,0,0,0,0,0,0,0.6107700258000136,0.0,0.0,0.0,0.0,0.0,0.0,0,0,0,0,0,0,0,0,0.0,0.0,0.0,0.0,0,0,0,0,0,0,1,0,0,0,0,0,0,0,0,0,0,0,0,0,0,0,-1,-1,0,Crysis
134.221.96.0-0.0.0.194-0-0-0,134.221.96.0,0,0.0.0.194,0,0,1970-01-01 00:08:54.149123,98155519,32,0,0.0,0.0,0.0,0.0,0.0,0.0,0,0,0,0,0.0,0.3260132524998416,3166307.0645161294,6825967.327409647,2.1997458E7,748.0,9.8155519E7,3166307.0645161294,6825967.327409647,2.1997458E7,748.0,0,0,0,0,0,0,0,0,0,0,0,0,0,0.3260132524998416,0.0,0.0,0.0,0.0,0.0,0.0,0,0,0,0,0,0,0,0,0.0,0.0,0.0,0.0,0,0,0,0,0,0,1,0,0,0,0,0,0,0,10949.0,6054.114523748843,24648.0,8276.0,1.4009561285714285E7,7469159.438496738,2.1997458E7,7958615.0,-1,-1,0,Crysis
134.221.96.0-0.0.0.42-0-0-0,134.221.96.0,0,0.0.0.42,0,0,1970-01-01 00:08:54.150423,98155372,33,0,0.0,0.0,0.0,0.0,0.0,0.0,0,0,0,0,0.0,0.3362016701439428,3067355.375,6698352.927433463,2.1998902E7,719.0,9.8155372E7,3067355.375,6698352.927433463,2.1998902E7,719.0,0,0,0,0,0,0,0,0,0,0,0,0,0,0.3362016701439428,0.0,0.0,0.0,0.0,0.0,0.0,0,0,0,0,0,0,0,0,0.0,0.0,0.0,0.0,0,0,0,0,0,0,1,0,0,0,0,0,0,0,8808.714285714284,3781.084443837319,17320.0,6906.0,1.3831508142857142E7,7650878.509992375,2.1998902E7,6731414.0,-1,-1,0,Crysis
134.221.96.0-0.0.0.32-0-0-0,134.221.96.0,0,0.0.0.32,0,0,1970-01-01 00:08:47.561540,115499737,18,0,0.0,0.0,0.0,0.0,0.0,0.0,0,0,0,0,0.0,0.1558445107108772,6794102.176470588,8381447.997232439,2.2504806E7,174.0,1.15499737E8,6794102.176470588,8381447.997232439,2.2504806E7,174.0,0,0,0,0,0,0,0,0,0,0,0,0,0,0.1558445107108772,0.0,0.0,0.0,0.0,0.0,0.0,0,0,0,0,0,0,0,0,0.0,0.0,0.0,0.0,0,0,0,0,0,0,1,0,0,0,0,0,0,0,235.25,77.79414226938022,411.0,174.0,1.4437196E7,5870443.104615163,2.2504806E7,6242671.0,-1,-1,0,Crysis
192.168.1.5-192.168.1.255-138-138-17,192.168.1.5,138,192.168.1.255,138,17,1970-01-01 00:09:39.875669,76000570,14,0,2598.0,0.0,204.0,174.0,185.57142857142858,12.277022225494045,0,0,0,0,34.183954146659694,0.18420914474720387,5846197.692307692,1.1722261121320197E7,4.077715E7,305.0,7.600057E7,5846197.692307692,1.1722261121320197E7,4.077715E7,305.0,0,0,0,0,0,0,0,0,0,0,0,112,0,0.18420914474720387,0.0,174.0,204.0,185.57142857142858,12.277022225494045,150.72527472527474,0,0,0,0,0,0,0,0,0.0,185.57142857142858,185.57142857142858,0.0,0,0,0,0,0,0,1,185,0,0,0,0,13,8,4499780.5,6361615.557485732,8998122.0,1439.0,2.2333669666666664E7,1.7101921380829476E7,4.077715E7,7000118.0,-1,-1,0,Crysis
192.168.1.4-192.168.1.255-137-137-17,192.168.1.4,137,192.168.1.255,137,17,1970-01-01 00:05:19.211132,25935132,6,0,300.0,0.0,50.0,50.0,50.0,0.0,0,0,0,0,11.567321114849156,0.2313464222969831,5187026.4,9928004.266050821,2.2946779E7,740610.0,2.5935132E7,5187026.4,9928004.266050821,2.2946779E7,740610.0,0,0,0,0,0,0,0,0,0,0,0,48,0,0.2313464222969831,0.0,50.0,50.0,50.0,0.0,0.0,0,0,0,0,0,0,0,0,0.0,50.0,50.0,0.0,0,0,0,0,0,0,1,50,0,0,0,0,5,8,1497914.0,0.0,1497914.0,1497914.0,2.2946779E7,0.0,2.2946779E7,2.2946779E7,-1,-1,0,Crysis
192.168.1.4-192.168.1.5-137-137-17,192.168.1.4,137,192.168.1.5,137,17,1970-01-01 00:00:24.598869,52651568,1,2,62.0,124.0,62.0,62.0,62.0,0.0,62.0,62.0,62.0,0.0,3.5326583246295726,0.056978360074670525,2.6325784E7,3.407362599404014E7,5.0419476E7,2232092.0,0,0,0,0,0,5.0419476E7,5.0419476E7,0.0,5.0419476E7,5.0419476E7,0,0,0,0,0,0,8,16,0.01899278669155684,0.03798557338311368,62.0,62.0,62.0,0.0,0.0,0,0,0,0,0,0,0,0,2.0,62.0,62.0,62.0,0,0,0,0,0,0,0,20,0,41,0,0,0,8,2232092.0,0.0,2232092.0,2232092.0,5.0419476E7,0.0,5.0419476E7,5.0419476E7,-1,-1,0,Crysis
134.221.96.0-0.0.0.104-0-0-0,134.221.96.0,0,0.0.0.104,0,0,1970-01-01 00:10:28.486750,119994324,25,0,0.0,0.0,0.0,0.0,0.0,0.0,0,0,0,0,0.0,0.2083431879661241,4999763.5,2501080.1039901176,7474154.0,2524311.0,1.19994324E8,4999763.5,2501080.1039901176,7474154.0,2524311.0,0,0,0,0,0,0,0,0,0,0,0,0,0,0.2083431879661241,0.0,0.0,0.0,0.0,0.0,0.0,0,0,0,0,0,0,0,0,0.0,0.0,0.0,0.0,0,0,0,0,0,0,1,0,0,0,0,0,0,0,2551357.1666666665,8701.678154067155,2555736.0,2524311.0,7448169.833333333,8312.780071381212,7474154.0,7443764.0,-1,-1,0,Crysis
134.221.96.0-0.0.0.128-0-0-0,134.221.96.0,0,0.0.0.128,0,0,1970-01-01 00:10:31.037623,117444932,24,0,0.0,0.0,0.0,0.0,0.0,0.0,0,0,0,0,0.0,0.20435109111391883,5106301.391304349,2501019.462080318,7475800.0,2523371.0,1.17444932E8,5106301.391304349,2501019.462080318,7475800.0,2523371.0,0,0,0,0,0,0,0,0,0,0,0,0,0,0.20435109111391883,0.0,0.0,0.0,0.0,0.0,0.0,0,0,0,0,0,0,0,0,0.0,0.0,0.0,0.0,0,0,0,0,0,0,1,0,0,0,0,0,0,0,2551506.818181818,9482.501429667032,2556786.0,2523371.0,7448196.416666667,8885.012635774832,7475800.0,7442589.0,-1,-1,0,Crysis
134.221.96.0-0.0.0.116-0-0-0,134.221.96.0,0,0.0.0.116,0,0,1970-01-01 00:10:31.038075,117444942,24,0,0.0,0.0,0.0,0.0,0.0,0.0,0,0,0,0,0.0,0.20435107371418346,5106301.826086957,2500997.1190032046,7475814.0,2523427.0,1.17444942E8,5106301.826086957,2500997.1190032046,7475814.0,2523427.0,0,0,0,0,0,0,0,0,0,0,0,0,0,0.20435107371418346,0.0,0.0,0.0,0.0,0.0,0.0,0,0,0,0,0,0,0,0,0.0,0.0,0.0,0.0,0,0,0,0,0,0,1,0,0,0,0,0,0,0,2551530.090909091,9483.065416357147,2556298.0,2523427.0,7448175.916666666,8892.271572534146,7475814.0,7443110.0,-1,-1,0,Crysis
134.221.96.0-0.0.0.28-0-0-0,134.221.96.0,0,0.0.0.28,0,0,1970-01-01 00:10:28.491912,119991582,25,0,0.0,0.0,0.0,0.0,0.0,0.0,0,0,0,0,0.0,0.20834794894195163,4999649.250000001,2501269.2646172447,7475857.0,2523373.0,1.19991582E8,4999649.250000001,2501269.2646172447,7475857.0,2523373.0,0,0,0,0,0,0,0,0,0,0,0,0,0,0.20834794894195163,0.0,0.0,0.0,0.0,0.0,0.0,0,0,0,0,0,0,0,0,0.0,0.0,0.0,0.0,0,0,0,0,0,0,1,0,0,0,0,0,0,0,2551059.416666667,9146.528466714673,2556305.0,2523373.0,7448239.083333333,8893.870416889633,7475857.0,7442774.0,-1,-1,0,Crysis
134.221.96.0-0.0.0.136-0-0-0,134.221.96.0,0,0.0.0.136,0,0,1970-01-01 00:10:28.492115,119992969,50,0,0.0,0.0,0.0,0.0,0.0,0.0,0,0,0,0,0.0,0.41669108129160465,2448836.1020408166,3061696.4605946965,7475879.0,0.0,1.19992969E8,2448836.1020408166,3061696.4605946965,7475879.0,0.0,0,0,0,0,0,0,0,0,0,0,0,0,0,0.41669108129160465,0.0,0.0,0.0,0.0,0.0,0.0,0,0,0,0,0,0,0,0,0.0,0.0,0.0,0.0,0,0,0,0,0,0,1,0,0,0,0,0,0,0,2551168.666666667,9183.465164317984,2556645.0,2523405.0,7448231.083333334,8877.19055125737,7475879.0,7443403.0,-1,-1,0,Crysis
134.221.96.0-0.0.1.146-0-0-0,134.221.96.0,0,0.0.1.146,0,0,1970-01-01 00:10:32.034296,117279463,72,0,0.0,0.0,0.0,0.0,0.0,0.0,0,0,0,0,0.0,0.6139182270982942,1651823.4225352113,894832.7252128135,4062279.0,38162.0,1.17279463E8,1651823.4225352113,894832.7252128135,4062279.0,38162.0,0,0,0,0,0,0,0,0,0,0,0,0,0,0.6139182270982942,0.0,0.0,0.0,0.0,0.0,0.0,0,0,0,0,0,0,0,0,0.0,0.0,0.0,0.0,0,0,0,0,0,0,1,0,0,0,0,0,0,0,0,0,0,0,0,0,0,0,-1,-1,0,Crysis
134.221.96.0-0.0.0.194-0-0-0,134.221.96.0,0,0.0.0.194,0,0,1970-01-01 00:10:54.264848,98032350,32,0,0.0,0.0,0.0,0.0,0.0,0.0,0,0,0,0,0.0,0.3264228593928433,3162333.8709677416,6818698.173645742,2.1972395E7,749.0,9.803235E7,3162333.8709677416,6818698.173645742,2.1972395E7,749.0,0,0,0,0,0,0,0,0,0,0,0,0,0,0.3264228593928433,0.0,0.0,0.0,0.0,0.0,0.0,0,0,0,0,0,0,0,0,0.0,0.0,0.0,0.0,0,0,0,0,0,0,1,0,0,0,0,0,0,0,9926.714285714286,691.5894047495991,10854.0,8811.0,1.3992837E7,7463839.162759739,2.1972395E7,8007334.0,-1,-1,0,Crysis
134.221.96.0-0.0.0.42-0-0-0,134.221.96.0,0,0.0.0.42,0,0,1970-01-01 00:10:54.266990,98030549,32,0,0.0,0.0,0.0,0.0,0.0,0.0,0,0,0,0,0.0,0.32642885637618946,3162275.774193548,6819549.043091596,2.1973809E7,743.0,9.8030549E7,3162275.774193548,6819549.043091596,2.1973809E7,743.0,0,0,0,0,0,0,0,0,0,0,0,0,0,0.32642885637618946,0.0,0.0,0.0,0.0,0.0,0.0,0,0,0,0,0,0,0,0,0.0,0.0,0.0,0.0,0,0,0,0,0,0,1,0,0,0,0,0,0,0,8358.714285714286,623.4778034770535,9406.0,7508.0,1.3994530285714285E7,7463897.179760265,2.1973809E7,8009630.0,-1,-1,0,Crysis
134.221.96.0-0.0.0.32-0-0-0,134.221.96.0,0,0.0.0.32,0,0,1970-01-01 00:11:05.561325,115000406,18,0,0.0,0.0,0.0,0.0,0.0,0.0,0,0,0,0,0.0,0.1565211865425936,6764729.764705882,9689308.545782037,2.3256505E7,245.0,1.15000406E8,6764729.764705882,9689308.545782037,2.3256505E7,245.0,0,0,0,0,0,0,0,0,0,0,0,0,0,0.1565211865425936,0.0,0.0,0.0,0.0,0.0,0.0,0,0,0,0,0,0,0,0,0.0,0.0,0.0,0.0,0,0,0,0,0,0,1,0,0,0,0,0,0,0,1949004.6,2355082.273677673,4743440.0,445.0,2.10510066E7,2407509.7720431583,2.3256505E7,1.7756736E7,-1,-1,0,Crysis
134.221.96.0-0.0.0.48-0-0-0,134.221.96.0,0,0.0.0.48,0,0,1970-01-01 00:10:28.038498,95966785,2,0,0.0,0.0,0.0,0.0,0.0,0.0,0,0,0,0,0.0,0.020840543944449112,9.5966785E7,0.0,9.5966785E7,9.5966785E7,9.5966785E7,9.5966785E7,0.0,9.5966785E7,9.5966785E7,0,0,0,0,0,0,0,0,0,0,0,0,0,0.020840543944449112,0.0,0.0,0.0,0.0,0.0,0.0,0,0,0,0,0,0,0,0,0.0,0.0,0.0,0.0,0,0,0,0,0,0,1,0,0,0,0,0,0,0,0,0,0,0,9.5966785E7,0.0,9.5966785E7,9.5966785E7,-1,-1,0,Crysis
134.221.96.0-0.0.0.60-0-0-0,134.221.96.0,0,0.0.0.60,0,0,1970-01-01 00:10:28.039752,95966829,2,0,0.0,0.0,0.0,0.0,0.0,0.0,0,0,0,0,0.0,0.020840534389231512,9.5966829E7,0.0,9.5966829E7,9.5966829E7,9.5966829E7,9.5966829E7,0.0,9.5966829E7,9.5966829E7,0,0,0,0,0,0,0,0,0,0,0,0,0,0.020840534389231512,0.0,0.0,0.0,0.0,0.0,0.0,0,0,0,0,0,0,0,0,0.0,0.0,0.0,0.0,0,0,0,0,0,0,1,0,0,0,0,0,0,0,0,0,0,0,9.5966829E7,0.0,9.5966829E7,9.5966829E7,-1,-1,0,Crysis
192.168.1.5-239.255.255.250-1900-1900-17,192.168.1.5,1900,239.255.255.250,1900,17,1970-01-01 00:06:53.203039,8451901,18,0,8607.0,0.0,513.0,433.0,478.1666666666667,30.860692684079158,0,0,0,0,1018.3507828593828,2.129698395662704,497170.64705882355,405768.0781192843,1307643.0,125021.0,8451901.0,497170.64705882355,405768.0781192843,1307643.0,125021.0,0,0,0,0,0,0,0,0,0,0,0,144,0,2.129698395662704,0.0,433.0,513.0,478.1666666666667,30.860692684079158,952.3823529411769,0,0,0,0,0,0,0,0,0.0,478.1666666666667,478.1666666666667,0.0,2707,5,1788,0,0,0,1,478,0,0,0,0,17,8,0,0,0,0,0,0,0,0,-1,-1,0,Crysis
192.168.1.4-192.168.1.5-0-0-1,192.168.1.4,0,192.168.1.5,0,1,1970-01-01 00:10:28.038885,95967531,2,0,0.0,0.0,0.0,0.0,0.0,0.0,0,0,0,0,0.0,0.02084038194126303,9.5967531E7,0.0,9.5967531E7,9.5967531E7,9.5967531E7,9.5967531E7,0.0,9.5967531E7,9.5967531E7,0,0,0,0,0,0,0,0,0,0,0,0,0,0.02084038194126303,0.0,0.0,0.0,0.0,0.0,0.0,0,0,0,0,0,0,0,0,0.0,0.0,0.0,0.0,0,0,0,0,0,0,1,0,0,0,0,0,0,0,0,0,0,0,9.5967531E7,0.0,9.5967531E7,9.5967531E7,3,3,0,Crysis
134.221.96.0-0.0.0.104-0-0-0,134.221.96.0,0,0.0.0.104,0,0,1970-01-01 00:12:31.036956,117443524,24,0,0.0,0.0,0.0,0.0,0.0,0.0,0,0,0,0,0.0,0.2043535410262383,5106240.173913043,2497608.958355273,7448871.0,2551956.0,1.17443524E8,5106240.173913043,2497608.958355273,7448871.0,2551956.0,0,0,0,0,0,0,0,0,0,0,0,0,0,0.2043535410262383,0.0,0.0,0.0,0.0,0.0,0.0,0,0,0,0,0,0,0,0,0.0,0.0,0.0,0.0,0,0,0,0,0,0,1,0,0,0,0,0,0,0,2554913.4545454546,1213.4286434426497,2556185.0,2551956.0,7444956.333333333,1619.7699238041523,7448871.0,7442885.0,-1,-1,0,Crysis
134.221.96.0-0.0.0.128-0-0-0,134.221.96.0,0,0.0.0.128,0,0,1970-01-01 00:12:31.038410,117443609,24,0,0.0,0.0,0.0,0.0,0.0,0.0,0,0,0,0,0.0,0.20435339312503586,5106243.869565218,2497792.653389175,7448795.0,2552104.0,1.17443609E8,5106243.869565218,2497792.653389175,7448795.0,2552104.0,0,0,0,0,0,0,0,0,0,0,0,0,0,0.20435339312503586,0.0,0.0,0.0,0.0,0.0,0.0,0,0,0,0,0,0,0,0,0.0,0.0,0.0,0.0,0,0,0,0,0,0,1,0,0,0,0,0,0,0,2554729.4545454546,1147.017817092351,2556171.0,2552104.0,7445132.083333333,1509.9674565025869,7448795.0,7443340.0,-1,-1,0,Crysis
134.221.96.0-0.0.0.116-0-0-0,134.221.96.0,0,0.0.0.116,0,0,1970-01-01 00:12:31.039462,117443149,24,0,0.0,0.0,0.0,0.0,0.0,0.0,0,0,0,0,0.0,0.20435419353409878,5106223.869565218,2497783.1696057697,7448552.0,2551698.0,1.17443149E8,5106223.869565218,2497783.1696057697,7448552.0,2551698.0,0,0,0,0,0,0,0,0,0,0,0,0,0,0.20435419353409878,0.0,0.0,0.0,0.0,0.0,0.0,0,0,0,0,0,0,0,0,0.0,0.0,0.0,0.0,0,0,0,0,0,0,1,0,0,0,0,0,0,0,2554719.272727273,1509.123062636644,2556812.0,2551698.0,7445103.083333334,1637.454480052183,7448552.0,7443147.0,-1,-1,0,Crysis
134.221.96.0-0.0.0.28-0-0-0,134.221.96.0,0,0.0.0.28,0,0,1970-01-01 00:12:31.039844,117443454,24,0,0.0,0.0,0.0,0.0,0.0,0.0,0,0,0,0,0.0,0.20435366282738926,5106237.130434782,2497931.5972166997,7448615.0,2551702.0,1.17443454E8,5106237.130434782,2497931.5972166997,7448615.0,2551702.0,0,0,0,0,0,0,0,0,0,0,0,0,0,0.20435366282738926,0.0,0.0,0.0,0.0,0.0,0.0,0,0,0,0,0,0,0,0,0.0,0.0,0.0,0.0,0,0,0,0,0,0,1,0,0,0,0,0,0,0,2554580.909090909,1472.0894303367686,2556701.0,2551702.0,7445255.333333333,1654.5448334996697,7448615.0,7442851.0,-1,-1,0,Crysis
134.221.96.0-0.0.0.136-0-0-0,134.221.96.0,0,0.0.0.136,0,0,1970-01-01 00:12:31.040122,117443587,48,0,0.0,0.0,0.0,0.0,0.0,0.0,0,0,0,0,0.0,0.4087068628106531,2498799.7234042557,3104851.33968483,7448408.0,139.0,1.17443587E8,2498799.7234042557,3104851.33968483,7448408.0,139.0,0,0,0,0,0,0,0,0,0,0,0,0,0,0.4087068628106531,0.0,0.0,0.0,0.0,0.0,0.0,0,0,0,0,0,0,0,0,0.0,0.0,0.0,0.0,0,0,0,0,0,0,1,0,0,0,0,0,0,0,2341924.583333333,737395.4160289086,2556866.0,384.0,7445026.583333333,1648.6089154376575,7448408.0,7442503.0,-1,-1,0,Crysis
134.221.96.0-0.0.1.146-0-0-0,134.221.96.0,0,0.0.1.146,0,0,1970-01-01 00:12:32.796098,119632342,74,0,0.0,0.0,0.0,0.0,0.0,0.0,0,0,0,0,0.0,0.618561826700676,1638799.205479452,1049964.891334996,4852310.0,56201.0,1.19632342E8,1638799.205479452,1049964.891334996,4852310.0,56201.0,0,0,0,0,0,0,0,0,0,0,0,0,0,0.618561826700676,0.0,0.0,0.0,0.0,0.0,0.0,0,0,0,0,0,0,0,0,0.0,0.0,0.0,0.0,0,0,0,0,0,0,1,0,0,0,0,0,0,0,0,0,0,0,0,0,0,0,-1,-1,0,Crysis
134.221.96.0-0.0.0.194-0-0-0,134.221.96.0,0,0.0.0.194,0,0,1970-01-01 00:12:54.266780,119997758,33,0,0.0,0.0,0.0,0.0,0.0,0.0,0,0,0,0,0.0,0.27500513801266185,3749929.9375,7486312.746404813,2.1971788E7,753.0,1.19997758E8,3749929.9375,7486312.746404813,2.1971788E7,753.0,0,0,0,0,0,0,0,0,0,0,0,0,0,0.27500513801266185,0.0,0.0,0.0,0.0,0.0,0.0,0,0,0,0,0,0,0,0,0.0,0.0,0.0,0.0,0,0,0,0,0,0,1,0,0,0,0,0,0,0,9840.125,994.4361557471362,11300.0,8597.0,1.4989879625E7,7462305.066711319,2.1971788E7,8008193.0,-1,-1,0,Crysis
134.221.96.0-0.0.0.42-0-0-0,134.221.96.0,0,0.0.0.42,0,0,1970-01-01 00:12:54.268461,119997889,33,0,0.0,0.0,0.0,0.0,0.0,0.0,0,0,0,0,0.0,0.2750048377934382,3749934.03125,7487028.771703394,2.1973424E7,703.0,1.19997889E8,3749934.03125,7487028.771703394,2.1973424E7,703.0,0,0,0,0,0,0,0,0,0,0,0,0,0,0.2750048377934382,0.0,0.0,0.0,0.0,0.0,0.0,0,0,0,0,0,0,0,0,0.0,0.0,0.0,0.0,0,0,0,0,0,0,1,0,0,0,0,0,0,0,8442.0,1033.8104274962602,9738.0,7199.0,1.4991294125E7,7462249.749321723,2.1973424E7,8009589.0,-1,-1,0,Crysis
192.168.1.4-239.255.255.250-1900-1900-17,192.168.1.4,1900,239.255.255.250,1900,17,1970-01-01 00:07:48.228631,5934079,18,0,8607.0,0.0,513.0,433.0,478.1666666666667,30.860692684079158,0,0,0,0,1450.4356952443675,3.033326654397422,349063.4705882353,432031.77973025286,1478736.0,33681.0,5934079.0,349063.4705882353,432031.77973025286,1478736.0,33681.0,0,0,0,0,0,0,0,0,0,0,0,144,0,3.033326654397422,0.0,433.0,513.0,478.1666666666667,30.860692684079158,952.3823529411769,0,0,0,0,0,0,0,0,0.0,478.1666666666667,478.1666666666667,0.0,4061,8,2634,0,0,0,1,478,0,0,0,0,17,8,0,0,0,0,0,0,0,0,-1,-1,0,Crysis
134.221.96.0-0.0.0.32-0-0-0,134.221.96.0,0,0.0.0.32,0,0,1970-01-01 00:13:15.817987,99744058,16,0,0.0,0.0,0.0,0.0,0.0,0.0,0,0,0,0,0.0,0.16041055799033163,6649603.866666666,8484191.992464919,2.2499633E7,295.0,9.9744058E7,6649603.866666666,8484191.992464919,2.2499633E7,295.0,0,0,0,0,0,0,0,0,0,0,0,0,0,0.16041055799033163,0.0,0.0,0.0,0.0,0.0,0.0,0,0,0,0,0,0,0,0,0.0,0.0,0.0,0.0,0,0,0,0,0,0,1,0,0,0,0,0,0,0,456.2857142857143,124.54679747751351,606.0,295.0,1.4248628714285715E7,6452851.088680588,2.2499633E7,6756618.0,-1,-1,0,Crysis
134.221.96.0-0.0.0.48-0-0-0,134.221.96.0,0,0.0.0.48,0,0,1970-01-01 00:13:16.004322,72006140,2,0,0.0,0.0,0.0,0.0,0.0,0.0,0,0,0,0,0.0,0.027775409152608375,7.200614E7,0.0,7.200614E7,7.200614E7,7.200614E7,7.200614E7,0.0,7.200614E7,7.200614E7,0,0,0,0,0,0,0,0,0,0,0,0,0,0.027775409152608375,0.0,0.0,0.0,0.0,0.0,0.0,0,0,0,0,0,0,0,0,0.0,0.0,0.0,0.0,0,0,0,0,0,0,1,0,0,0,0,0,0,0,0,0,0,0,7.200614E7,0.0,7.200614E7,7.200614E7,-1,-1,0,Crysis
134.221.96.0-0.0.0.60-0-0-0,134.221.96.0,0,0.0.0.60,0,0,1970-01-01 00:13:16.009285,72003282,2,0,0.0,0.0,0.0,0.0,0.0,0.0,0,0,0,0,0.0,0.02777651163178923,7.2003282E7,0.0,7.2003282E7,7.2003282E7,7.2003282E7,7.2003282E7,0.0,7.2003282E7,7.2003282E7,0,0,0,0,0,0,0,0,0,0,0,0,0,0.02777651163178923,0.0,0.0,0.0,0.0,0.0,0.0,0,0,0,0,0,0,0,0,0.0,0.0,0.0,0.0,0,0,0,0,0,0,1,0,0,0,0,0,0,0,0,0,0,0,7.2003282E7,0.0,7.2003282E7,7.2003282E7,-1,-1,0,Crysis
8.6.0.1-8.0.6.4-0-0-0,8.6.0.1,0,8.0.6.4,0,0,1970-01-01 00:10:20.665806,102836570,3,0,0.0,0.0,0.0,0.0,0.0,0.0,0,0,0,0,0.0,0.029172501572154733,5.1418285E7,7.251018426660146E7,1.02690728E8,145842.0,1.0283657E8,5.1418285E7,7.251018426660146E7,1.02690728E8,145842.0,0,0,0,0,0,0,0,0,0,0,0,0,0,0.029172501572154733,0.0,0.0,0.0,0.0,0.0,0.0,0,0,0,0,0,0,0,0,0.0,0.0,0.0,0.0,0,0,0,0,0,0,1,0,0,0,0,0,0,0,145842.0,0.0,145842.0,145842.0,1.02690728E8,0.0,1.02690728E8,1.02690728E8,-1,-1,0,Crysis
134.221.96.0-0.0.0.32-0-0-0,134.221.96.0,0,0.0.0.32,0,0,1970-01-01 00:15:20.061511,46757055,9,0,0.0,0.0,0.0,0.0,0.0,0.0,0,0,0,0,0.0,0.19248432135000804,5844631.875000001,9277135.868956469,2.1757251E7,295.0,4.6757055E7,5844631.875000001,9277135.868956469,2.1757251E7,295.0,0,0,0,0,0,0,0,0,0,0,0,0,0,0.19248432135000804,0.0,0.0,0.0,0.0,0.0,0.0,0,0,0,0,0,0,0,0,0.0,0.0,0.0,0.0,0,0,0,0,0,0,1,0,0,0,0,0,0,0,1629055.5,2303297.8092319067,3257733.0,378.0,2.0749691E7,1424905.0169046356,2.1757251E7,1.9742131E7,-1,-1,0,Crysis
134.221.96.0-0.0.0.104-0-0-0,134.221.96.0,0,0.0.0.104,0,0,1970-01-01 00:14:31.037230,88939020,13,0,0.0,0.0,0.0,0.0,0.0,0.0,0,0,0,0,0.0,0.14616756514744597,7411585.0,3335378.06117592,1.0001098E7,1495394.0,8.893902E7,7411585.0,3335378.06117592,1.0001098E7,1495394.0,0,0,0,0,0,0,0,0,0,0,0,0,0,0.14616756514744597,0.0,0.0,0.0,0.0,0.0,0.0,0,0,0,0,0,0,0,0,0.0,0.0,0.0,0.0,0,0,0,0,0,0,1,0,0,0,0,0,0,0,2555160.5,259.50818869546293,2555344.0,2554977.0,9148145.0,1277713.5513332007,1.0001098E7,7443536.0,-1,-1,0,Crysis
192.168.1.4-239.255.255.250-54067-1900-17,192.168.1.4,54067,239.255.255.250,1900,17,1970-01-01 00:10:21.081871,14986826,6,0,798.0,0.0,133.0,133.0,133.0,0.0,0,0,0,0,53.246764858683214,0.4003516154788212,2997365.2,8371.613386916528,3009085.0,2988006.0,1.4986826E7,2997365.2,8371.613386916528,3009085.0,2988006.0,0,0,0,0,0,0,0,0,0,0,0,48,0,0.4003516154788212,0.0,133.0,133.0,133.0,0.0,0.0,0,0,0,0,0,0,0,0,0.0,133.0,133.0,0.0,0,0,0,0,0,0,1,133,0,0,0,0,5,8,0,0,0,0,0,0,0,0,-1,-1,0,Crysis
134.221.96.0-0.0.0.20-0-0-0,134.221.96.0,0,0.0.0.20,0,0,1970-01-01 00:08:20.150809,68739503,9,0,0.0,0.0,0.0,0.0,0.0,0.0,0,0,0,0,0.0,0.13092908163738107,8592437.875,2.290026314386602E7,6.5184485E7,0.0,6.8739503E7,8592437.875,2.290026314386602E7,6.5184485E7,0.0,0,0,0,0,0,0,0,0,0,0,0,0,0,0.13092908163738107,0.0,0.0,0.0,0.0,0.0,0.0,0,0,0,0,0,0,0,0,0.0,0.0,0.0,0.0,0,0,0,0,0,0,1,0,0,0,0,0,0,0,3555018.0,0.0,3555018.0,3555018.0,6.5184485E7,0.0,6.5184485E7,6.5184485E7,-1,-1,0,Crysis
134.221.96.0-0.0.0.28-0-0-0,134.221.96.0,0,0.0.0.28,0,0,1970-01-01 00:14:31.040508,77442383,11,0,0.0,0.0,0.0,0.0,0.0,0.0,0,0,0,0,0.0,0.14204108362729487,7744238.3,2973361.15120059,1.0001249E7,2554753.0,7.7442383E7,7744238.3,2973361.15120059,1.0001249E7,2554753.0,0,0,0,0,0,0,0,0,0,0,0,0,0,0.14204108362729487,0.0,0.0,0.0,0.0,0.0,0.0,0,0,0,0,0,0,0,0,0.0,0.0,0.0,0.0,0,0,0,0,0,0,1,0,0,0,0,0,0,0,2554815.5,88.38834764831844,2554878.0,2554753.0,9041594.0,1322476.914111655,1.0001249E7,7443337.0,-1,-1,0,Crysis
0.0.0.0-255.255.255.255-68-67-17,0.0.0.0,68,255.255.255.255,67,17,1970-01-01 00:00:20.486585,16063,2,0,602.0,0.0,302.0,300.0,301.0,1.4142135623730951,0,0,0,0,37477.43260910166,124.50974288738094,16063.0,0.0,16063.0,16063.0,16063.0,16063.0,0.0,16063.0,16063.0,0,0,0,0,0,0,0,0,0,0,0,16,0,124.50974288738094,0.0,300.0,302.0,301.0,1.4142135623730951,2.0,0,0,0,0,0,0,0,0,0.0,301.0,301.0,0.0,0,0,0,0,0,0,1,301,0,0,0,0,1,8,0,0,0,0,0,0,0,0,-1,-1,0,Crysis
192.168.1.3-255.255.255.255-67-68-17,192.168.1.3,67,255.255.255.255,68,17,1970-01-01 00:09:29.247396,4431238,3,0,1644.0,0.0,548.0,548.0,548.0,0.0,0,0,0,0,371.0024151264275,0.6770117064350866,2215619.0,2815843.452468194,4206721.0,224517.0,4431238.0,2215619.0,2815843.452468194,4206721.0,224517.0,0,0,0,0,0,0,0,0,0,0,0,24,0,0.6770117064350866,0.0,548.0,548.0,548.0,0.0,0.0,0,0,0,0,0,0,0,0,0.0,548.0,548.0,0.0,0,0,0,0,0,0,1,548,0,0,0,0,2,8,0,0,0,0,0,0,0,0,-1,-1,0,Crysis
192.168.1.5-224.0.0.22-0-0-0,192.168.1.5,0,224.0.0.22,0,0,1970-01-01 00:09:34.048153,3513001,6,0,0.0,0.0,0.0,0.0,0.0,0.0,0,0,0,0,0.0,1.7079414437969132,702600.2,1327807.8920275702,3053753.0,1184.0,3513001.0,702600.2,1327807.8920275702,3053753.0,1184.0,0,0,0,0,0,0,0,0,0,0,0,0,0,1.7079414437969132,0.0,0.0,0.0,0.0,0.0,0.0,0,0,0,0,0,0,0,0,0.0,0.0,0.0,0.0,0,0,0,0,0,0,1,0,0,0,0,0,0,0,0,0,0,0,0,0,0,0,-1,-1,0,Crysis
8.6.0.1-8.0.6.4-0-0-0,8.6.0.1,0,8.0.6.4,0,0,1970-01-01 00:16:32.818082,14453428,4,0,0.0,0.0,0.0,0.0,0.0,0.0,0,0,0,0,0.0,0.27675095485998197,4817809.333333334,6611916.6177788675,1.2452593E7,1000053.0,1.4453428E7,4817809.333333334,6611916.6177788675,1.2452593E7,1000053.0,0,0,0,0,0,0,0,0,0,0,0,0,0,0.27675095485998197,0.0,0.0,0.0,0.0,0.0,0.0,0,0,0,0,0,0,0,0,0.0,0.0,0.0,0.0,0,0,0,0,0,0,1,0,0,0,0,0,0,0,2000835.0,0.0,2000835.0,2000835.0,1.2452593E7,0.0,1.2452593E7,1.2452593E7,-1,-1,0,Crysis
192.168.1.5-192.168.1.255-137-137-17,192.168.1.5,137,192.168.1.255,137,17,1970-01-01 00:09:33.887536,23533128,35,0,2110.0,0.0,68.0,50.0,60.2857142857143,9.037736014561812,0,0,0,0,89.66083896709353,1.4872651013498928,692150.8235294118,1059047.4122971268,6447545.0,211.0,2.3533128E7,692150.8235294118,1059047.4122971268,6447545.0,211.0,0,0,0,0,0,0,0,0,0,0,0,280,0,1.4872651013498928,0.0,50.0,68.0,60.2857142857143,9.037736014561812,81.68067226890763,0,0,0,0,0,0,0,0,0.0,60.285714285714285,60.285714285714285,0.0,980,16,135,0,0,0,1,60,0,0,0,0,34,8,5243656.0,0.0,5243656.0,5243656.0,6447545.0,0.0,6447545.0,6447545.0,-1,-1,0,Crysis
192.168.1.5-255.255.255.255-68-67-17,192.168.1.5,68,255.255.255.255,67,17,1970-01-01 00:09:29.212330,4184028,3,0,904.0,0.0,302.0,300.0,301.3333333333333,1.1547005383792515,0,0,0,0,216.05973956197235,0.7170124100507932,2092014.0,2906563.838280866,4147265.0,36763.0,4184028.0,2092014.0,2906563.838280866,4147265.0,36763.0,0,0,0,0,0,0,0,0,0,0,0,24,0,0.7170124100507932,0.0,300.0,302.0,301.3333333333333,1.1547005383792515,1.3333333333333333,0,0,0,0,0,0,0,0,0.0,301.3333333333333,301.3333333333333,0.0,0,0,0,0,0,0,1,301,0,0,0,0,2,8,0,0,0,0,0,0,0,0,-1,-1,0,Crysis
192.168.1.4-192.168.1.255-137-137-17,192.168.1.4,137,192.168.1.255,137,17,1970-01-01 00:17:13.353306,41991414,15,0,750.0,0.0,50.0,50.0,50.0,0.0,0,0,0,0,17.860794113768115,0.35721588227536233,2999386.7142857146,8130017.081673146,3.1242142E7,738948.0,4.1991414E7,2999386.7142857146,8130017.081673146,3.1242142E7,738948.0,0,0,0,0,0,0,0,0,0,0,0,120,0,0.35721588227536233,0.0,50.0,50.0,50.0,0.0,0.0,0,0,0,0,0,0,0,0,0.0,50.0,50.0,0.0,0,0,0,0,0,0,1,50,0,0,0,0,14,8,9246815.0,0.0,9246815.0,9246815.0,3.1242142E7,0.0,3.1242142E7,3.1242142E7,-1,-1,0,Crysis
134.221.96.0-0.0.0.104-0-0-0,134.221.96.0,0,0.0.0.104,0,0,1970-01-01 00:17:49.115031,119913728,25,0,0.0,0.0,0.0,0.0,0.0,0.0,0,0,0,0,0.0,0.20848321886881874,4996405.333333333,3552991.539684964,8505906.0,1494204.0,1.19913728E8,4996405.333333333,3552991.539684964,8505906.0,1494204.0,0,0,0,0,0,0,0,0,0,0,0,0,0,0.20848321886881874,0.0,0.0,0.0,0.0,0.0,0.0,0,0,0,0,0,0,0,0,0.0,0.0,0.0,0.0,0,0,0,0,0,0,1,0,0,0,0,0,0,0,1518759.75,54127.916739591776,1648479.0,1494204.0,8474050.916666668,72328.0663070682,8505906.0,8286936.0,-1,-1,0,Crysis
134.221.96.0-0.0.0.152-0-0-0,134.221.96.0,0,0.0.0.152,0,0,1970-01-01 00:17:49.115236,119913882,25,0,0.0,0.0,0.0,0.0,0.0,0.0,0,0,0,0,0.0,0.2084829511232069,4996411.75,3574413.8266072473,8748532.0,1252296.0,1.19913882E8,4996411.75,3574413.8266072473,8748532.0,1252296.0,0,0,0,0,0,0,0,0,0,0,0,0,0,0.2084829511232069,0.0,0.0,0.0,0.0,0.0,0.0,0,0,0,0,0,0,0,0,0.0,0.0,0.0,0.0,0,0,0,0,0,0,1,0,0,0,0,0,0,0,1498595.9166666665,94304.83826637405,1648602.0,1252296.0,8494227.583333332,107443.33246495214,8748532.0,8286870.0,-1,-1,0,Crysis
134.221.96.0-0.0.0.32-0-0-0,134.221.96.0,0,0.0.0.32,0,0,1970-01-01 00:17:49.114880,114874178,17,0,0.0,0.0,0.0,0.0,0.0,0.0,0,0,0,0,0.0,0.14798800127213968,7179636.125000001,1.0061919255183032E7,2.9999623E7,228.0,1.14874178E8,7179636.125000001,1.0061919255183032E7,2.9999623E7,228.0,0,0,0,0,0,0,0,0,0,0,0,0,0,0.14798800127213968,0.0,0.0,0.0,0.0,0.0,0.0,0,0,0,0,0,0,0,0,0.0,0.0,0.0,0.0,0,0,0,0,0,0,1,0,0,0,0,0,0,0,2735654.6,2512933.958654763,4873934.0,365.0,2.02391354E7,7684719.660312815,2.9999623E7,9829756.0,-1,-1,0,Crysis
192.168.1.4-192.168.1.3-68-67-17,192.168.1.4,68,192.168.1.3,67,17,1970-01-01 00:10:20.665986,122029,1,1,300.0,548.0,300.0,300.0,300.0,0.0,548.0,548.0,548.0,0.0,6949.167820763917,16.389546747084708,122029.0,0.0,122029.0,122029.0,0,0,0,0,0,0,0,0,0,0,0,0,0,0,0,0,8,8,8.194773373542354,8.194773373542354,300.0,548.0,424.0,175.36248173426378,30752.0,0,0,0,0,0,0,0,0,1.0,424.0,300.0,548.0,0,0,0,0,0,0,0,150,0,274,0,0,0,8,0,0,0,0,0,0,0,0,-1,-1,0,Crysis
192.168.1.4-224.0.0.22-0-0-0,192.168.1.4,0,224.0.0.22,0,0,1970-01-01 00:10:20.799874,543049,6,0,0.0,0.0,0.0,0.0,0.0,0.0,0,0,0,0,0.0,11.048726726317515,108609.8,145812.20031499423,326686.0,911.0,543049.0,108609.8,145812.20031499423,326686.0,911.0,0,0,0,0,0,0,0,0,0,0,0,0,0,11.048726726317515,0.0,0.0,0.0,0.0,0.0,0.0,0,0,0,0,0,0,0,0,0.0,0.0,0.0,0.0,0,0,0,0,0,0,1,0,0,0,0,0,0,0,0,0,0,0,0,0,0,0,-1,-1,0,Crysis
192.168.1.4-239.255.255.250-65004-3702-17,192.168.1.4,65004,239.255.255.250,3702,17,1970-01-01 00:09:34.023563,14617005,4,0,2624.0,0.0,656.0,656.0,656.0,0.0,0,0,0,0,179.5169393456457,0.2736538709537282,4872335.0,8127023.307731989,1.4256258E7,109665.0,1.4617005E7,4872335.0,8127023.307731989,1.4256258E7,109665.0,0,0,0,0,0,0,0,0,0,0,0,32,0,0.2736538709537282,0.0,656.0,656.0,656.0,0.0,0.0,0,0,0,0,0,0,0,0,0.0,656.0,656.0,0.0,0,0,0,0,0,0,1,656,0,0,0,0,3,8,109665.0,0.0,109665.0,109665.0,1.4256258E7,0.0,1.4256258E7,1.4256258E7,-1,-1,0,Crysis
192.168.1.5-192.168.1.4-3702-65004-17,192.168.1.5,3702,192.168.1.4,65004,17,1970-01-01 00:09:34.060446,14487592,4,0,4944.0,0.0,1236.0,1236.0,1236.0,0.0,0,0,0,0,341.2575395552277,0.2760983329734852,4829197.333333334,8184296.288180575,1.4279445E7,55907.0,1.4487592E7,4829197.333333334,8184296.288180575,1.4279445E7,55907.0,0,0,0,0,0,0,0,0,0,0,0,32,0,0.2760983329734852,0.0,1236.0,1236.0,1236.0,0.0,0.0,0,0,0,0,0,0,0,0,0.0,1236.0,1236.0,0.0,0,0,0,0,0,0,1,1236,0,0,0,0,3,8,55907.0,0.0,55907.0,55907.0,1.4279445E7,0.0,1.4279445E7,1.4279445E7,-1,-1,0,Crysis
134.221.96.0-0.0.1.214-0-0-0,134.221.96.0,0,0.0.1.214,0,0,1970-01-01 00:08:21.771604,5514784,3,0,0.0,0.0,0.0,0.0,0.0,0.0,0,0,0,0,0.0,0.5439922941678224,2757392.0,182501.43179712316,2886440.0,2628344.0,5514784.0,2757392.0,182501.43179712316,2886440.0,2628344.0,0,0,0,0,0,0,0,0,0,0,0,0,0,0.5439922941678224,0.0,0.0,0.0,0.0,0.0,0.0,0,0,0,0,0,0,0,0,0.0,0.0,0.0,0.0,0,0,0,0,0,0,1,0,0,0,0,0,0,0,0,0,0,0,0,0,0,0,-1,-1,0,Crysis
134.221.96.0-0.0.5.180-0-0-0,134.221.96.0,0,0.0.5.180,0,0,1970-01-01 00:08:20.154480,3551125,6,0,0.0,0.0,0.0,0.0,0.0,0.0,0,0,0,0,0.0,1.6896054067373016,710225.0,1587592.0580845068,3550196.0,82.0,3551125.0,710225.0,1587592.0580845068,3550196.0,82.0,0,0,0,0,0,0,0,0,0,0,0,0,0,1.6896054067373016,0.0,0.0,0.0,0.0,0.0,0.0,0,0,0,0,0,0,0,0,0.0,0.0,0.0,0.0,0,0,0,0,0,0,1,0,0,0,0,0,0,0,0,0,0,0,0,0,0,0,-1,-1,0,Crysis
134.221.96.0-0.0.1.146-0-0-0,134.221.96.0,0,0.0.1.146,0,0,1970-01-01 00:14:34.897049,77102294,35,0,0.0,0.0,0.0,0.0,0.0,0.0,0,0,0,0,0.0,0.4539423950213466,2267714.5294117653,1242121.5412141178,5969687.0,56367.0,7.7102294E7,2267714.5294117653,1242121.5412141178,5969687.0,56367.0,0,0,0,0,0,0,0,0,0,0,0,0,0,0.4539423950213466,0.0,0.0,0.0,0.0,0.0,0.0,0,0,0,0,0,0,0,0,0.0,0.0,0.0,0.0,0,0,0,0,0,0,1,0,0,0,0,0,0,0,6.0102152E7,0.0,6.0102152E7,6.0102152E7,5969687.0,0.0,5969687.0,5969687.0,-1,-1,0,Crysis
134.221.96.0-0.0.0.84-0-0-0,134.221.96.0,0,0.0.0.84,0,0,1970-01-01 00:00:25.168028,10951,3,0,0.0,0.0,0.0,0.0,0.0,0.0,0,0,0,0,0.0,273.94758469546156,5475.5,1884.4395718621493,6808.0,4143.0,10951.0,5475.5,1884.4395718621493,6808.0,4143.0,0,0,0,0,0,0,0,0,0,0,0,0,0,273.94758469546156,0.0,0.0,0.0,0.0,0.0,0.0,0,0,0,0,0,0,0,0,0.0,0.0,0.0,0.0,0,0,0,0,0,0,1,0,0,0,0,0,0,0,0,0,0,0,0,0,0,0,-1,-1,0,Crysis
134.221.96.0-0.0.0.136-0-0-0,134.221.96.0,0,0.0.0.136,0,0,1970-01-01 00:14:31.040711,77442625,22,0,0.0,0.0,0.0,0.0,0.0,0.0,0,0,0,0,0.0,0.2840812795279085,3687744.0476190476,4436655.964882802,1.0000849E7,139.0,7.7442625E7,3687744.0476190476,4436655.964882802,1.0000849E7,139.0,0,0,0,0,0,0,0,0,0,0,0,0,0,0.2840812795279085,0.0,0.0,0.0,0.0,0.0,0.0,0,0,0,0,0,0,0,0,0.0,0.0,0.0,0.0,0,0,0,0,0,0,1,0,0,0,0,0,0,0,638919.8750000001,1182613.3577551804,2554979.0,156.0,9041383.5,1322434.488637636,1.0000849E7,7443158.0,-1,-1,0,Crysis
134.221.96.0-0.0.0.42-0-0-0,134.221.96.0,0,0.0.0.42,0,0,1970-01-01 00:14:54.271978,60005167,20,0,0.0,0.0,0.0,0.0,0.0,0.0,0,0,0,0,0.0,0.33330463024959167,3158166.6842105268,6961846.714909933,2.1974182E7,719.0,6.0005167E7,3158166.6842105268,6961846.714909933,2.1974182E7,719.0,0,0,0,0,0,0,0,0,0,0,0,0,0,0.33330463024959167,0.0,0.0,0.0,0.0,0.0,0.0,0,0,0,0,0,0,0,0,0.0,0.0,0.0,0.0,0,0,0,0,0,0,1,0,0,0,0,0,0,0,2679709.6666666665,4631159.438282419,8027310.0,1941.0,1.731911E7,8059154.743381219,2.1974182E7,8013200.0,-1,-1,0,Crysis
134.221.96.0-0.0.0.28-0-0-0,134.221.96.0,0,0.0.0.28,0,0,1970-01-01 00:18:50.895960,111770305,2,0,0.0,0.0,0.0,0.0,0.0,0.0,0,0,0,0,0.0,0.017893840407789886,1.11770305E8,0.0,1.11770305E8,1.11770305E8,1.11770305E8,1.11770305E8,0.0,1.11770305E8,1.11770305E8,0,0,0,0,0,0,0,0,0,0,0,0,0,0.017893840407789886,0.0,0.0,0.0,0.0,0.0,0.0,0,0,0,0,0,0,0,0,0.0,0.0,0.0,0.0,0,0,0,0,0,0,1,0,0,0,0,0,0,0,0,0,0,0,1.11770305E8,0.0,1.11770305E8,1.11770305E8,-1,-1,0,Crysis
134.221.96.0-0.0.0.194-0-0-0,134.221.96.0,0,0.0.0.194,0,0,1970-01-01 00:14:54.271444,60005310,19,0,0.0,0.0,0.0,0.0,0.0,0.0,0,0,0,0,0.0,0.31663864414665965,3333628.3333333335,7250567.283663299,2.1972569E7,766.0,6.000531E7,3333628.3333333335,7250567.283663299,2.1972569E7,766.0,0,0,0,0,0,0,0,0,0,0,0,0,0,0.31663864414665965,0.0,0.0,0.0,0.0,0.0,0.0,0,0,0,0,0,0,0,0,0.0,0.0,0.0,0.0,0,0,0,0,0,0,1,0,0,0,0,0,0,0,8331.0,4230.235769631128,11436.0,2080.0,1.499043725E7,8059872.0635344405,2.1972569E7,8009160.0,-1,-1,0,Crysis
134.221.96.0-0.0.4.200-0-0-0,134.221.96.0,0,0.0.4.200,0,0,1970-01-01 00:00:25.174605,20110,4,0,0.0,0.0,0.0,0.0,0.0,0.0,0,0,0,0,0.0,198.90601690701143,6703.333333333334,10456.326378481754,18776.0,516.0,20110.0,6703.333333333334,10456.326378481754,18776.0,516.0,0,0,0,0,0,0,0,0,0,0,0,0,0,198.90601690701143,0.0,0.0,0.0,0.0,0.0,0.0,0,0,0,0,0,0,0,0,0.0,0.0,0.0,0.0,0,0,0,0,0,0,1,0,0,0,0,0,0,0,0,0,0,0,0,0,0,0,-1,-1,0,Crysis
134.221.96.0-0.0.2.111-0-0-0,134.221.96.0,0,0.0.2.111,0,0,1970-01-01 00:00:25.175308,19865,2,0,0.0,0.0,0.0,0.0,0.0,0.0,0,0,0,0,0.0,100.67958721369241,19865.0,0.0,19865.0,19865.0,19865.0,19865.0,0.0,19865.0,19865.0,0,0,0,0,0,0,0,0,0,0,0,0,0,100.67958721369241,0.0,0.0,0.0,0.0,0.0,0.0,0,0,0,0,0,0,0,0,0.0,0.0,0.0,0.0,0,0,0,0,0,0,1,0,0,0,0,0,0,0,0,0,0,0,0,0,0,0,-1,-1,0,Crysis
134.221.96.0-0.0.0.172-0-0-0,134.221.96.0,0,0.0.0.172,0,0,1970-01-01 00:00:25.178126,29831,2,0,0.0,0.0,0.0,0.0,0.0,0.0,0,0,0,0,0.0,67.04434983741746,29831.0,0.0,29831.0,29831.0,29831.0,29831.0,0.0,29831.0,29831.0,0,0,0,0,0,0,0,0,0,0,0,0,0,67.04434983741746,0.0,0.0,0.0,0.0,0.0,0.0,0,0,0,0,0,0,0,0,0.0,0.0,0.0,0.0,0,0,0,0,0,0,1,0,0,0,0,0,0,0,0,0,0,0,0,0,0,0,-1,-1,0,Crysis
134.221.96.0-0.0.0.128-0-0-0,134.221.96.0,0,0.0.0.128,0,0,1970-01-01 00:14:31.039390,77442498,11,0,0.0,0.0,0.0,0.0,0.0,0.0,0,0,0,0,0.0,0.1420408727001549,7744249.8,2973408.9054557416,1.0000669E7,2554405.0,7.7442498E7,7744249.8,2973408.9054557416,1.0000669E7,2554405.0,0,0,0,0,0,0,0,0,0,0,0,0,0,0.1420408727001549,0.0,0.0,0.0,0.0,0.0,0.0,0,0,0,0,0,0,0,0,0.0,0.0,0.0,0.0,0,0,0,0,0,0,1,0,0,0,0,0,0,0,2554650.0,346.4823227814083,2554895.0,2554405.0,9041649.75,1322366.8899224112,1.0000669E7,7443376.0,-1,-1,0,Crysis
134.221.96.0-0.0.0.116-0-0-0,134.221.96.0,0,0.0.0.116,0,0,1970-01-01 00:14:31.039859,77442496,11,0,0.0,0.0,0.0,0.0,0.0,0.0,0,0,0,0,0.0,0.14204087636844762,7744249.6000000015,2973323.2179094823,1.0001338E7,2554817.0,7.7442496E7,7744249.6000000015,2973323.2179094823,1.0001338E7,2554817.0,0,0,0,0,0,0,0,0,0,0,0,0,0,0.14204087636844762,0.0,0.0,0.0,0.0,0.0,0.0,0,0,0,0,0,0,0,0,0.0,0.0,0.0,0.0,0,0,0,0,0,0,1,0,0,0,0,0,0,0,2554886.0,97.58073580374356,2554955.0,2554817.0,9041590.5,1322450.2249019213,1.0001338E7,7443387.0,-1,-1,0,Crysis
192.168.1.4-192.168.1.255-138-138-17,192.168.1.4,138,192.168.1.255,138,17,1970-01-01 00:19:31.178001,70001766,10,0,1902.0,0.0,204.0,174.0,190.2,11.593101396951552,0,0,0,0,27.170743092395696,0.14285353886643373,7777974.0,1.6237707097119639E7,5.0540619E7,638.0,7.0001766E7,7777974.0,1.6237707097119639E7,5.0540619E7,638.0,0,0,0,0,0,0,0,0,0,0,0,80,0,0.14285353886643373,0.0,174.0,204.0,190.2,11.593101396951552,134.4,0,0,0,0,0,0,0,0,0.0,190.2,190.2,0.0,744,4,248,0,0,0,1,190,0,0,0,0,9,8,2190377.3333333335,1915044.941995444,3568007.0,3564.0,2.1143544666666664E7,2.546466887542063E7,5.0540619E7,5889691.0,-1,-1,0,Crysis
134.221.96.0-0.0.0.20-0-0-0,134.221.96.0,0,0.0.0.20,0,0,1970-01-01 00:18:49.881177,111644706,11,0,0.0,0.0,0.0,0.0,0.0,0.0,0,0,0,0,0.0,0.09852683923947098,1.11644706E7,3.490839768857645E7,1.1051377E8,123.0,1.11644706E8,1.11644706E7,3.490839768857645E7,1.1051377E8,123.0,0,0,0,0,0,0,0,0,0,0,0,0,0,0.09852683923947098,0.0,0.0,0.0,0.0,0.0,0.0,0,0,0,0,0,0,0,0,0.0,0.0,0.0,0.0,0,0,0,0,0,0,1,0,0,0,0,0,0,0,1015069.0,0.0,1015069.0,1015069.0,1.1051377E8,0.0,1.1051377E8,1.1051377E8,-1,-1,0,Crysis
192.168.1.4-224.0.0.252-65143-5355-17,192.168.1.4,65143,224.0.0.252,5355,17,1970-01-01 00:17:18.243309,90922,2,0,42.0,0.0,21.0,21.0,21.0,0.0,0,0,0,0,461.9344053144453,21.996876443545016,90922.0,0.0,90922.0,90922.0,90922.0,90922.0,0.0,90922.0,90922.0,0,0,0,0,0,0,0,0,0,0,0,16,0,21.996876443545016,0.0,21.0,21.0,21.0,0.0,0.0,0,0,0,0,0,0,0,0,0.0,21.0,21.0,0.0,0,0,0,0,0,0,1,21,0,0,0,0,1,8,0,0,0,0,0,0,0,0,-1,-1,0,Crysis
192.168.1.4-192.168.1.255-137-137-17,192.168.1.4,137,192.168.1.255,137,17,1970-01-01 00:19:35.178863,5248800,8,0,544.0,0.0,68.0,68.0,68.0,0.0,0,0,0,0,103.64273738759336,1.5241579027587258,749828.5714285714,634.8477132727355,750504.0,749023.0,5248800.0,749828.5714285714,634.8477132727355,750504.0,749023.0,0,0,0,0,0,0,0,0,0,0,0,64,0,1.5241579027587258,0.0,68.0,68.0,68.0,0.0,0.0,0,0,0,0,0,0,0,0,0.0,68.0,68.0,0.0,544,8,103,0,0,0,1,68,0,0,0,0,7,8,0,0,0,0,0,0,0,0,-1,-1,0,Crysis
169.254.148.41-169.254.255.255-137-137-17,169.254.148.41,137,169.254.255.255,137,17,1970-01-01 00:19:14.597052,1756967,7,0,476.0,0.0,68.0,68.0,68.0,0.0,0,0,0,0,270.92142311153253,3.9841385751695966,292827.8333333333,366432.1672432248,749638.0,32.0,1756967.0,292827.8333333333,366432.1672432248,749638.0,32.0,0,0,0,0,0,0,0,0,0,0,0,56,0,3.9841385751695966,0.0,68.0,68.0,68.0,0.0,0.0,0,0,0,0,0,0,0,0,0.0,68.0,68.0,0.0,476,7,270,0,0,0,1,68,0,0,0,0,6,8,0,0,0,0,0,0,0,0,-1,-1,0,Crysis
134.221.96.0-0.0.0.128-0-0-0,134.221.96.0,0,0.0.0.128,0,0,1970-01-01 00:21:00.523492,48503803,11,0,0.0,0.0,0.0,0.0,0.0,0.0,0,0,0,0,0.0,0.22678634085661284,4850380.3,2349556.921424125,7097385.0,1408895.0,4.8503803E7,4850380.3,2349556.921424125,7097385.0,1408895.0,0,0,0,0,0,0,0,0,0,0,0,0,0,0.22678634085661284,0.0,0.0,0.0,0.0,0.0,0.0,0,0,0,0,0,0,0,0,0.0,0.0,0.0,0.0,0,0,0,0,0,0,1,0,0,0,0,0,0,0,2666505.6,703754.6938694619,3024980.0,1408895.0,7034255.0,48963.79666141095,7097385.0,6969259.0,-1,-1,0,Crysis
192.168.1.5-224.0.0.252-59881-5355-17,192.168.1.5,59881,224.0.0.252,5355,17,1970-01-01 00:09:55.609921,107951,2,0,48.0,0.0,24.0,24.0,24.0,0.0,0,0,0,0,444.6461820640846,18.52692425267019,107951.0,0.0,107951.0,107951.0,107951.0,107951.0,0.0,107951.0,107951.0,0,0,0,0,0,0,0,0,0,0,0,16,0,18.52692425267019,0.0,24.0,24.0,24.0,0.0,0.0,0,0,0,0,0,0,0,0,0.0,24.0,24.0,0.0,0,0,0,0,0,0,1,24,0,0,0,0,1,8,0,0,0,0,0,0,0,0,-1,-1,0,Crysis
134.221.96.0-0.0.0.28-0-0-0,134.221.96.0,0,0.0.0.28,0,0,1970-01-01 00:20:51.931884,57096198,14,0,0.0,0.0,0.0,0.0,0.0,0.0,0,0,0,0,0.0,0.24520021455719346,4392015.230769231,2875358.0424146648,8050376.0,161.0,5.7096198E7,4392015.230769231,2875358.0424146648,8050376.0,161.0,0,0,0,0,0,0,0,0,0,0,0,0,0,0.24520021455719346,0.0,0.0,0.0,0.0,0.0,0.0,0,0,0,0,0,0,0,0,0.0,0.0,0.0,0.0,0,0,0,0,0,0,1,0,0,0,0,0,0,0,2776591.0,462720.9769601979,3025532.0,1951010.0,7202207.166666666,417948.2098932434,8050376.0,6968684.0,-1,-1,0,Crysis
192.168.1.4-192.168.1.5-49271-139-6,192.168.1.4,49271,192.168.1.5,139,6,1970-01-01 00:10:28.042285,95952366,13294,13189,1.4601461E7,1.3208778E7,1460.0,0.0,1098.3497066345808,597.1943013522337,1460.0,0.0,1001.4995829858219,647.2438818934056,289833.80149271153,276.0015318434149,3623.305112906875,271767.9773784163,3.4660142E7,0.0,9.5952366E7,7218.262694651319,385092.1866993879,3.4872334E7,0.0,9.5951797E7,7275.689793751891,386075.26785213215,3.4660142E7,0.0,2349,2893,0,0,0,0,265972,263872,138.54791240895509,137.4536194344598,0.0,1460.0,1050.1166408639408,624.4915989986262,389989.75721986085,2,2,0,5242,26482,0,0,0,0.9921017000150444,1050.1166408639504,1098.349706634572,1001.4995829858215,44421,32,19648123,58931,43,3215886,0,551,0,498,8192,63671,11834,20,3146968.8,4592266.315547608,1.0642038E7,12677.0,1.5945103E7,1.3050373444610905E7,3.4660142E7,5128662.0,-1,-1,95952366,Crysis
192.168.1.5-224.0.0.252-64142-5355-17,192.168.1.5,64142,224.0.0.252,5355,17,1970-01-01 00:09:34.051214,107604,2,0,42.0,0.0,21.0,21.0,21.0,0.0,0,0,0,0,390.32006245121,18.58666964053381,107604.0,0.0,107604.0,107604.0,107604.0,107604.0,0.0,107604.0,107604.0,0,0,0,0,0,0,0,0,0,0,0,16,0,18.58666964053381,0.0,21.0,21.0,21.0,0.0,0.0,0,0,0,0,0,0,0,0,0.0,21.0,21.0,0.0,0,0,0,0,0,0,1,21,0,0,0,0,1,8,0,0,0,0,0,0,0,0,-1,-1,0,Crysis
192.168.1.4-192.168.1.3-68-67-17,192.168.1.4,68,192.168.1.3,67,17,1970-01-01 00:20:20.812613,497475,1,1,300.0,548.0,300.0,300.0,300.0,0.0,548.0,548.0,548.0,0.0,1704.608271772451,4.020302527765215,497475.0,0.0,497475.0,497475.0,0,0,0,0,0,0,0,0,0,0,0,0,0,0,0,0,8,8,2.0101512638826073,2.0101512638826073,300.0,548.0,424.0,175.36248173426378,30752.0,0,0,0,0,0,0,0,0,1.0,424.0,300.0,548.0,0,0,0,0,0,0,0,150,0,274,0,0,0,8,0,0,0,0,0,0,0,0,-1,-1,0,Crysis
192.168.1.4-192.168.1.5-49261-5357-6,192.168.1.4,49261,192.168.1.5,5357,6,1970-01-01 00:00:26.948518,9121,8,12,952.0,13081.0,733.0,0.0,119.00000000000003,259.65966736700346,1460.0,0.0,1090.0833333333335,657.5589096780376,1538537.441070058,2192.742023900888,480.05263157894734,822.754011684349,2907.0,15.0,8910.0,1272.857142857143,1860.4076102269837,5298.0,192.0,8732.0,793.8181818181818,1202.2695885850076,3480.0,15.0,2,1,0,0,0,0,172,252,877.0968095603552,1315.6452143405327,0.0,1460.0,701.6500000000001,716.519237997873,513399.81842105265,2,2,0,3,19,0,0,0,1.5,701.65,119.0,1090.0833333333333,0,0,0,13081,9,12589990,0,47,0,654,8192,256,2,20,0,0,0,0,0,0,0,0,-1,-1,9121,Crysis
192.168.1.4-192.168.1.5-49262-5357-6,192.168.1.4,49262,192.168.1.5,5357,6,1970-01-01 00:00:27.337099,10772,8,12,952.0,13081.0,733.0,0.0,119.00000000000003,259.65966736700346,1460.0,0.0,1090.0833333333335,657.5589096780376,1302729.298180468,1856.6654288897141,566.9473684210526,1304.6992618004697,5555.0,12.0,10586.0,1512.2857142857144,2074.9351567607855,5960.0,207.0,9590.0,871.8181818181818,1698.519167874288,5555.0,12.0,2,1,0,0,0,0,172,252,742.6661715558856,1113.9992573338284,0.0,1460.0,701.6500000000001,716.519237997873,513399.81842105265,2,2,0,3,19,0,0,0,1.5,701.65,119.0,1090.0833333333333,0,0,0,13081,9,15855757,0,47,0,654,8192,256,2,20,0,0,0,0,0,0,0,0,-1,-1,10772,Crysis
192.168.1.4-192.168.1.5-1900-61303-17,192.168.1.4,1900,192.168.1.5,61303,17,1970-01-01 00:08:22.083808,5536284,3,0,1338.0,0.0,446.0,446.0,446.0,0.0,0,0,0,0,241.67835320586877,0.5418797157082259,2768142.0,1705093.2505226803,3973825.0,1562459.0,5536284.0,2768142.0,1705093.2505226803,3973825.0,1562459.0,0,0,0,0,0,0,0,0,0,0,0,24,0,0.5418797157082259,0.0,446.0,446.0,446.0,0.0,0.0,0,0,0,0,0,0,0,0,0.0,446.0,446.0,0.0,0,0,0,0,0,0,1,446,0,0,0,0,2,8,0,0,0,0,0,0,0,0,-1,-1,0,Crysis
192.168.1.4-224.0.0.252-54064-5355-17,192.168.1.4,54064,224.0.0.252,5355,17,1970-01-01 00:00:21.423509,105921,2,0,42.0,0.0,21.0,21.0,21.0,0.0,0,0,0,0,396.5219361599683,18.88199695999849,105921.0,0.0,105921.0,105921.0,105921.0,105921.0,0.0,105921.0,105921.0,0,0,0,0,0,0,0,0,0,0,0,16,0,18.88199695999849,0.0,21.0,21.0,21.0,0.0,0.0,0,0,0,0,0,0,0,0,0.0,21.0,21.0,0.0,0,0,0,0,0,0,1,21,0,0,0,0,1,8,0,0,0,0,0,0,0,0,-1,-1,0,Crysis
192.168.1.5-224.0.0.252-53979-5355-17,192.168.1.5,53979,224.0.0.252,5355,17,1970-01-01 00:09:50.484900,92298,2,0,48.0,0.0,24.0,24.0,24.0,0.0,0,0,0,0,520.054605733602,21.66894190556675,92298.0,0.0,92298.0,92298.0,92298.0,92298.0,0.0,92298.0,92298.0,0,0,0,0,0,0,0,0,0,0,0,16,0,21.66894190556675,0.0,24.0,24.0,24.0,0.0,0.0,0,0,0,0,0,0,0,0,0.0,24.0,24.0,0.0,0,0,0,0,0,0,1,24,0,0,0,0,1,8,0,0,0,0,0,0,0,0,-1,-1,0,Crysis
192.168.1.4-192.168.1.5-49277-445-6,192.168.1.4,49277,192.168.1.5,445,6,1970-01-01 00:14:04.006747,71985630,4,2,108.0,0.0,108.0,0.0,27.0,54.0,0.0,0.0,0.0,0.0,1.5002994347621879,0.08334996859789932,1.4397126E7,3.2075050181121565E7,7.177449E7,180.0,7.198563E7,2.399521E7,4.1560031718249485E7,7.1984601E7,421.0,210712.0,210712.0,0.0,210712.0,210712.0,1,0,0,0,1,0,92,52,0.05556664573193289,0.027783322865966444,0.0,108.0,18.0,44.090815370097204,1944.0,0,2,1,1,5,0,0,0,0.5,18.0,27.0,0.0,0,0,0,0,0,0,0,18,0,0,8192,256,1,20,211140.0,0.0,211140.0,211140.0,7.177449E7,0.0,7.177449E7,7.177449E7,-1,-1,71985630,Crysis
169.254.148.41-224.0.0.22-0-0-0,169.254.148.41,0,224.0.0.22,0,0,1970-01-01 00:19:11.978258,34369,4,0,0.0,0.0,0.0,0.0,0.0,0.0,0,0,0,0,0.0,116.38395065320493,11456.333333333334,17473.675467208763,31627.0,938.0,34369.0,11456.333333333334,17473.675467208763,31627.0,938.0,0,0,0,0,0,0,0,0,0,0,0,0,0,116.38395065320493,0.0,0.0,0.0,0.0,0.0,0.0,0,0,0,0,0,0,0,0,0.0,0.0,0.0,0.0,0,0,0,0,0,0,1,0,0,0,0,0,0,0,0,0,0,0,0,0,0,0,-1,-1,0,Crysis
192.168.1.4-192.168.1.5-49274-139-6,192.168.1.4,49274,192.168.1.5,139,6,1970-01-01 00:12:04.011837,71986895,5,4,180.0,4.0,108.0,0.0,36.0,50.91168824543142,4.0,0.0,1.0,2.0,2.5560207868390488,0.12502275587799697,8998361.875,2.53679272281432E7,7.1780528E7,99.0,7.1986895E7,1.799672375E7,3.599258350030031E7,7.1985599E7,255.0,7.1986579E7,2.3995526333333332E7,4.13835464019456E7,7.1780983E7,274.0,2,1,0,0,0,0,112,92,0.06945708659888719,0.055565669279109754,0.0,108.0,20.444444444444443,40.469467228736505,1637.7777777777778,2,2,0,3,8,0,0,0,0.8,20.444444444444443,36.0,1.0,0,0,0,0,0,0,0,20,0,0,8192,256,2,20,205752.0,0.0,205752.0,205752.0,7.1780528E7,0.0,7.1780528E7,7.1780528E7,-1,-1,71986895,Crysis
192.168.1.4-239.255.255.250-54067-1900-17,192.168.1.4,54067,239.255.255.250,1900,17,1970-01-01 00:18:49.871138,106804305,12,0,1542.0,0.0,133.0,123.0,128.5,4.757768766592553,0,0,0,0,14.437620281317312,0.1123550216444927,9709482.272727272,2.524883447620752E7,8.5723851E7,510.0,1.06804305E8,9709482.272727272,2.524883447620752E7,8.5723851E7,510.0,0,0,0,0,0,0,0,0,0,0,0,96,0,0.1123550216444927,0.0,123.0,133.0,128.5,4.757768766592553,22.63636363636363,0,0,0,0,0,0,0,0,0.0,128.5,128.5,0.0,0,0,0,0,0,0,1,128,0,0,0,0,11,8,5995551.0,0.0,5995551.0,5995551.0,8.5723851E7,0.0,8.5723851E7,8.5723851E7,-1,-1,0,Crysis
192.168.1.4-224.0.0.252-64838-5355-17,192.168.1.4,64838,224.0.0.252,5355,17,1970-01-01 00:17:53.518406,107206,2,0,42.0,0.0,21.0,21.0,21.0,0.0,0,0,0,0,391.76911740014555,18.65567225714979,107206.0,0.0,107206.0,107206.0,107206.0,107206.0,0.0,107206.0,107206.0,0,0,0,0,0,0,0,0,0,0,0,16,0,18.65567225714979,0.0,21.0,21.0,21.0,0.0,0.0,0,0,0,0,0,0,0,0,0.0,21.0,21.0,0.0,0,0,0,0,0,0,1,21,0,0,0,0,1,8,0,0,0,0,0,0,0,0,-1,-1,0,Crysis
192.168.1.5-192.168.1.4-49252-2869-6,192.168.1.5,49252,192.168.1.4,2869,6,1970-01-01 00:00:24.897425,69211273,6,6,191.0,5615.0,191.0,0.0,31.833333333333336,77.97542347859783,1460.0,0.0,935.8333333333333,673.7852526337057,83.88806834979034,0.17338215986866762,6291933.909090909,2.0866624172967367E7,6.9207173E7,0.0,6.9211273E7,1.38422546E7,3.0949930285168126E7,6.9207173E7,285.0,3583.0,716.6,1329.3083916082078,3084.0,0.0,1,2,0,0,1,0,132,132,0.08669107993433381,0.08669107993433381,0.0,1460.0,483.83333333333337,657.265801128686,431998.3333333334,0,2,1,3,11,0,0,0,1.0,483.8333333333333,31.833333333333332,935.8333333333334,0,0,0,5615,5,11252505,0,15,0,467,8192,256,1,20,4100.0,0.0,4100.0,4100.0,6.9207173E7,0.0,6.9207173E7,6.9207173E7,-1,-1,69211273,Crysis
192.168.1.4-192.168.1.5-49282-445-6,192.168.1.4,49282,192.168.1.5,445,6,1970-01-01 00:16:29.090253,2993268,2,0,0.0,0.0,0.0,0.0,0.0,0.0,0,0,0,0,0.0,0.6681660312407709,2993268.0,0.0,2993268.0,2993268.0,2993268.0,2993268.0,0.0,2993268.0,2993268.0,0,0,0,0,0,0,0,0,0,0,0,64,0,0.6681660312407709,0.0,0.0,0.0,0.0,0.0,0.0,0,2,0,0,0,0,0,0,0.0,0.0,0.0,0.0,0,0,0,0,0,0,1,0,0,0,8192,0,0,32,0,0,0,0,0,0,0,0,-1,-1,2993268,Crysis
134.221.96.0-0.0.0.152-0-0-0,134.221.96.0,0,0.0.0.152,0,0,1970-01-01 00:19:50.626427,49896001,11,0,0.0,0.0,0.0,0.0,0.0,0.0,0,0,0,0,0.0,0.22045854937352596,4989600.1000000015,3683115.09276251,8504705.0,1494960.0,4.9896001E7,4989600.1000000015,3683115.09276251,8504705.0,1494960.0,0,0,0,0,0,0,0,0,0,0,0,0,0,0.22045854937352596,0.0,0.0,0.0,0.0,0.0,0.0,0,0,0,0,0,0,0,0,0.0,0.0,0.0,0.0,0,0,0,0,0,0,1,0,0,0,0,0,0,0,1495509.5,595.9376365582784,1496329.0,1494960.0,8483588.8,45987.629969373374,8504705.0,8401329.0,-1,-1,0,Crysis
134.221.96.0-0.0.1.146-0-0-0,134.221.96.0,0,0.0.1.146,0,0,1970-01-01 00:20:42.573357,65840968,35,0,0.0,0.0,0.0,0.0,0.0,0.0,0,0,0,0,0.0,0.5315839220346821,1936499.058823529,1204983.644206488,4862818.0,2287.0,6.5840968E7,1936499.058823529,1204983.644206488,4862818.0,2287.0,0,0,0,0,0,0,0,0,0,0,0,0,0,0.5315839220346821,0.0,0.0,0.0,0.0,0.0,0.0,0,0,0,0,0,0,0,0,0.0,0.0,0.0,0.0,0,0,0,0,0,0,1,0,0,0,0,0,0,0,0,0,0,0,0,0,0,0,-1,-1,0,Crysis
192.168.1.5-224.0.0.252-50866-5355-17,192.168.1.5,50866,224.0.0.252,5355,17,1970-01-01 00:19:20.135580,106102,2,0,42.0,0.0,21.0,21.0,21.0,0.0,0,0,0,0,395.8455071534938,18.849786054928277,106102.0,0.0,106102.0,106102.0,106102.0,106102.0,0.0,106102.0,106102.0,0,0,0,0,0,0,0,0,0,0,0,16,0,18.849786054928277,0.0,21.0,21.0,21.0,0.0,0.0,0,0,0,0,0,0,0,0,0.0,21.0,21.0,0.0,0,0,0,0,0,0,1,21,0,0,0,0,1,8,0,0,0,0,0,0,0,0,-1,-1,0,Crysis
192.168.1.4-192.168.1.5-3702-56119-17,192.168.1.4,3702,192.168.1.5,56119,17,1970-01-01 00:09:39.844693,119920,2,0,2452.0,0.0,1226.0,1226.0,1226.0,0.0,0,0,0,0,20446.964643095398,16.67778519012675,119920.0,0.0,119920.0,119920.0,119920.0,119920.0,0.0,119920.0,119920.0,0,0,0,0,0,0,0,0,0,0,0,16,0,16.67778519012675,0.0,1226.0,1226.0,1226.0,0.0,0.0,0,0,0,0,0,0,0,0,0.0,1226.0,1226.0,0.0,0,0,0,0,0,0,1,1226,0,0,0,0,1,8,0,0,0,0,0,0,0,0,-1,-1,0,Crysis
192.168.1.4-192.168.1.5-49245-445-6,192.168.1.4,49245,192.168.1.5,445,6,1970-01-01 00:08:29.003510,119022126,33588,29212,3.984386E7,3.2731408E7,1460.0,0.0,1186.2528283910847,543.4174635055056,1460.0,0.0,1120.4781596604162,591.5498176664506,609762.8267873487,527.6329881723,1895.2869631682042,240602.24028279365,5.9823982E7,0.0,1.19022126E8,3543.69625152588,330316.5665944253,6.0030431E7,0.0,5.919753E7,2026.5492451473822,45498.1290661754,3157477.0,0.0,4480,4956,0,0,1,0,671760,584240,282.1996306804333,245.43335749186667,0.0,1460.0,1155.6571337579428,567.2607284826186,321784.73407863104,0,0,1,9436,62800,0,0,0,0.8697153745385257,1155.6571337579617,1186.252828391092,1120.4781596604134,111830,78,17478759,86120,62,3344977,0,634,0,521,63041,64148,30646,20,5.9198144E7,0.0,5.9198144E7,5.9198144E7,5.9823982E7,0.0,5.9823982E7,5.9823982E7,-1,-1,601894948,Crysis
134.221.96.0-0.0.0.32-0-0-0,134.221.96.0,0,0.0.0.32,0,0,1970-01-01 00:20:03.818512,84904832,17,0,0.0,0.0,0.0,0.0,0.0,0.0,0,0,0,0,0.0,0.20022417569826886,5306552.0,8965856.55496873,2.5500354E7,185.0,8.4904832E7,5306552.0,8965856.55496873,2.5500354E7,185.0,0,0,0,0,0,0,0,0,0,0,0,0,0,0.20022417569826886,0.0,0.0,0.0,0.0,0.0,0.0,0,0,0,0,0,0,0,0,0.0,0.0,0.0,0.0,0,0,0,0,0,0,1,0,0,0,0,0,0,0,1196241.0,2316666.197066667,4670309.0,295.0,1.8803789E7,8086266.9625717485,2.5500354E7,7420051.0,-1,-1,0,Crysis
192.168.1.5-224.0.0.252-56324-5355-17,192.168.1.5,56324,224.0.0.252,5355,17,1970-01-01 00:20:33.996452,102021,2,0,48.0,0.0,24.0,24.0,24.0,0.0,0,0,0,0,470.4913694239421,19.603807059330922,102021.0,0.0,102021.0,102021.0,102021.0,102021.0,0.0,102021.0,102021.0,0,0,0,0,0,0,0,0,0,0,0,16,0,19.603807059330922,0.0,24.0,24.0,24.0,0.0,0.0,0,0,0,0,0,0,0,0,0.0,24.0,24.0,0.0,0,0,0,0,0,0,1,24,0,0,0,0,1,8,0,0,0,0,0,0,0,0,-1,-1,0,Crysis
192.168.1.5-239.255.255.250-56325-3702-17,192.168.1.5,56325,239.255.255.250,3702,17,1970-01-01 00:20:34.834847,29763968,4,0,2624.0,0.0,656.0,656.0,656.0,0.0,0,0,0,0,88.16028830564527,0.13439068339275195,9921322.666666668,1.692610649768937E7,2.9465796E7,92053.0,2.9763968E7,9921322.666666668,1.692610649768937E7,2.9465796E7,92053.0,0,0,0,0,0,0,0,0,0,0,0,32,0,0.13439068339275195,0.0,656.0,656.0,656.0,0.0,0.0,0,0,0,0,0,0,0,0,0.0,656.0,656.0,0.0,0,0,0,0,0,0,1,656,0,0,0,0,3,8,206119.0,0.0,206119.0,206119.0,2.9465796E7,0.0,2.9465796E7,2.9465796E7,-1,-1,0,Crysis
192.168.1.4-192.168.1.5-49263-139-6,192.168.1.4,49263,192.168.1.5,139,6,1970-01-01 00:01:17.250639,16784536,12,10,983.0,908.0,238.0,0.0,81.91666666666666,77.10023975122884,223.0,0.0,90.8,79.0917891510308,112.66322762809767,1.3107303055622153,799263.6190476192,3598326.544624424,1.6502319E7,72.0,1.6784536E7,1525866.9090909092,4967531.022900299,1.6502319E7,249.0,1.6784282E7,1864920.2222222222,5589098.631253943,1.6769183E7,283.0,8,8,0,0,0,0,252,212,0.7149438030339356,0.5957865025282796,0.0,238.0,85.95454545454545,76.25738201438804,5815.188311688313,2,2,0,16,21,0,0,0,0.8333333333333334,85.95454545454545,81.91666666666667,90.8,0,0,0,0,0,0,0,44,0,41,8192,253,8,20,223809.0,0.0,223809.0,223809.0,1.6502319E7,0.0,1.6502319E7,1.6502319E7,-1,-1,16784536,Crysis
192.168.1.5-239.255.255.250-61303-1900-17,192.168.1.5,61303,239.255.255.250,1900,17,1970-01-01 00:08:19.897999,98351372,15,0,1941.0,0.0,133.0,123.0,129.4,4.61054691518727,0,0,0,0,19.73536271563146,0.15251439502033587,7025098.0,1.7692322089112163E7,6.8338192E7,773.0,9.8351372E7,7025098.0,1.7692322089112163E7,6.8338192E7,773.0,0,0,0,0,0,0,0,0,0,0,0,120,0,0.15251439502033587,0.0,123.0,133.0,129.4,4.61054691518727,21.257142857142856,0,0,0,0,0,0,0,0,0.0,129.4,129.4,0.0,0,0,0,0,0,0,1,129,0,0,0,0,14,8,5993193.0,0.0,5993193.0,5993193.0,6.8338192E7,0.0,6.8338192E7,6.8338192E7,-1,-1,0,Crysis
134.221.96.0-0.0.0.116-0-0-0,134.221.96.0,0,0.0.0.116,0,0,1970-01-01 00:21:00.524064,48503639,11,0,0.0,0.0,0.0,0.0,0.0,0.0,0,0,0,0,0.0,0.22678710766423113,4850363.9,2348023.3395379586,7097385.0,1408765.0,4.8503639E7,4850363.9,2348023.3395379586,7097385.0,1408765.0,0,0,0,0,0,0,0,0,0,0,0,0,0,0.22678710766423113,0.0,0.0,0.0,0.0,0.0,0.0,0,0,0,0,0,0,0,0,0.0,0.0,0.0,0.0,0,0,0,0,0,0,1,0,0,0,0,0,0,0,2668120.0,704790.9249316424,3025405.0,1408765.0,7032607.8,50291.76075362645,7097385.0,6968796.0,-1,-1,0,Crysis
192.168.1.5-239.255.255.250-57527-3702-17,192.168.1.5,57527,239.255.255.250,3702,17,1970-01-01 00:09:48.271810,82181,2,0,1312.0,0.0,656.0,656.0,656.0,0.0,0,0,0,0,15964.760711113273,24.33652547425804,82181.0,0.0,82181.0,82181.0,82181.0,82181.0,0.0,82181.0,82181.0,0,0,0,0,0,0,0,0,0,0,0,16,0,24.33652547425804,0.0,656.0,656.0,656.0,0.0,0.0,0,0,0,0,0,0,0,0,0.0,656.0,656.0,0.0,0,0,0,0,0,0,1,656,0,0,0,0,1,8,0,0,0,0,0,0,0,0,-1,-1,0,Crysis
192.168.1.4-224.0.0.252-51513-5355-17,192.168.1.4,51513,224.0.0.252,5355,17,1970-01-01 00:10:20.817116,103774,2,0,42.0,0.0,21.0,21.0,21.0,0.0,0,0,0,0,404.7256538246574,19.272650182126544,103774.0,0.0,103774.0,103774.0,103774.0,103774.0,0.0,103774.0,103774.0,0,0,0,0,0,0,0,0,0,0,0,16,0,19.272650182126544,0.0,21.0,21.0,21.0,0.0,0.0,0,0,0,0,0,0,0,0,0.0,21.0,21.0,0.0,0,0,0,0,0,0,1,21,0,0,0,0,1,8,0,0,0,0,0,0,0,0,-1,-1,0,Crysis
192.168.1.5-224.0.0.252-49873-5355-17,192.168.1.5,49873,224.0.0.252,5355,17,1970-01-01 00:20:36.675403,26,2,0,48.0,0.0,24.0,24.0,24.0,0.0,0,0,0,0,1846153.8461538462,76923.07692307692,26.0,0.0,26.0,26.0,26.0,26.0,0.0,26.0,26.0,0,0,0,0,0,0,0,0,0,0,0,16,0,76923.07692307692,0.0,24.0,24.0,24.0,0.0,0.0,0,0,0,0,0,0,0,0,0.0,24.0,24.0,0.0,0,0,0,0,0,0,1,24,0,0,0,0,1,8,0,0,0,0,0,0,0,0,-1,-1,0,Crysis
134.221.96.0-0.0.4.200-0-0-0,134.221.96.0,0,0.0.4.200,0,0,1970-01-01 00:20:59.975821,1679,2,0,0.0,0.0,0.0,0.0,0.0,0.0,0,0,0,0,0.0,1191.1852293031566,1679.0,0.0,1679.0,1679.0,1679.0,1679.0,0.0,1679.0,1679.0,0,0,0,0,0,0,0,0,0,0,0,0,0,1191.1852293031566,0.0,0.0,0.0,0.0,0.0,0.0,0,0,0,0,0,0,0,0,0.0,0.0,0.0,0.0,0,0,0,0,0,0,1,0,0,0,0,0,0,0,0,0,0,0,0,0,0,0,-1,-1,0,Crysis
192.168.1.5-192.168.1.4-49256-5357-6,192.168.1.5,49256,192.168.1.4,5357,6,1970-01-01 00:06:15.974925,17054,7,6,952.0,4148.0,733.0,0.0,136.00000000000003,275.6138603191066,1460.0,0.0,691.3333333333334,762.0411187506005,299050.0762284508,762.284508033306,1421.1666666666667,3517.978935110156,12523.0,0.0,16746.0,2791.0,5059.168785482453,13075.0,199.0,16215.0,3242.9999999999995,5242.562827472838,12523.0,0.0,2,1,0,0,0,0,152,132,410.4608889410109,351.8236190922951,0.0,1460.0,392.3076923076923,602.4716292926697,362972.06410256407,2,2,0,3,12,0,0,0,0.8571428571428571,392.3076923076923,136.0,691.3333333333334,0,0,0,0,0,0,0,73,0,319,8192,256,2,20,0,0,0,0,0,0,0,0,-1,-1,17054,Crysis
192.168.1.4-8.8.8.8-64456-53-17,192.168.1.4,64456,8.8.8.8,53,17,1970-01-01 00:21:00.683031,16671,1,1,43.0,98.0,43.0,43.0,43.0,0.0,98.0,98.0,98.0,0.0,8457.800971747347,119.96880810989144,16671.0,0.0,16671.0,16671.0,0,0,0,0,0,0,0,0,0,0,0,0,0,0,0,0,8,8,59.98440405494572,59.98440405494572,43.0,98.0,70.5,38.890872965260115,1512.5,0,0,0,0,0,0,0,0,1.0,70.5,43.0,98.0,0,0,0,0,0,0,0,21,0,49,0,0,0,8,0,0,0,0,0,0,0,0,-1,-1,0,Crysis
192.168.1.4-8.8.8.8-58676-53-17,192.168.1.4,58676,8.8.8.8,53,17,1970-01-01 00:10:37.085952,18399,1,1,43.0,98.0,43.0,43.0,43.0,0.0,98.0,98.0,98.0,0.0,7663.45997065058,108.7015598673841,18399.0,0.0,18399.0,18399.0,0,0,0,0,0,0,0,0,0,0,0,0,0,0,0,0,8,8,54.35077993369205,54.35077993369205,43.0,98.0,70.5,38.890872965260115,1512.5,0,0,0,0,0,0,0,0,1.0,70.5,43.0,98.0,0,0,0,0,0,0,0,21,0,49,0,0,0,8,0,0,0,0,0,0,0,0,-1,-1,0,Crysis
192.168.1.4-192.168.1.5-49281-445-6,192.168.1.4,49281,192.168.1.5,445,6,1970-01-01 00:16:28.001439,3006921,2,0,0.0,0.0,0.0,0.0,0.0,0.0,0,0,0,0,0.0,0.6651322066658885,3006921.0,0.0,3006921.0,3006921.0,3006921.0,3006921.0,0.0,3006921.0,3006921.0,0,0,0,0,0,0,0,0,0,0,0,64,0,0.6651322066658885,0.0,0.0,0.0,0.0,0.0,0.0,0,2,0,0,0,0,0,0,0.0,0.0,0.0,0.0,0,0,0,0,0,0,1,0,0,0,8192,0,0,32,0,0,0,0,0,0,0,0,-1,-1,3006921,Crysis
134.221.96.0-0.0.0.96-0-0-0,134.221.96.0,0,0.0.0.96,0,0,1970-01-01 00:20:42.664980,9266135,2,0,0.0,0.0,0.0,0.0,0.0,0.0,0,0,0,0,0.0,0.21583972173943072,9266135.0,0.0,9266135.0,9266135.0,9266135.0,9266135.0,0.0,9266135.0,9266135.0,0,0,0,0,0,0,0,0,0,0,0,0,0,0.21583972173943072,0.0,0.0,0.0,0.0,0.0,0.0,0,0,0,0,0,0,0,0,0.0,0.0,0.0,0.0,0,0,0,0,0,0,1,0,0,0,0,0,0,0,0,0,0,0,9266135.0,0.0,9266135.0,9266135.0,-1,-1,0,Crysis
192.168.1.5-224.0.0.252-56118-5355-17,192.168.1.5,56118,224.0.0.252,5355,17,1970-01-01 00:09:37.122416,95792,2,0,42.0,0.0,21.0,21.0,21.0,0.0,0,0,0,0,438.4499749457157,20.87857023551027,95792.0,0.0,95792.0,95792.0,95792.0,95792.0,0.0,95792.0,95792.0,0,0,0,0,0,0,0,0,0,0,0,16,0,20.87857023551027,0.0,21.0,21.0,21.0,0.0,0.0,0,0,0,0,0,0,0,0,0.0,21.0,21.0,0.0,0,0,0,0,0,0,1,21,0,0,0,0,1,8,0,0,0,0,0,0,0,0,-1,-1,0,Crysis
192.168.1.4-192.168.1.5-49276-139-6,192.168.1.4,49276,192.168.1.5,139,6,1970-01-01 00:13:16.012893,71989023,5,4,180.0,4.0,108.0,0.0,36.0,50.91168824543142,4.0,0.0,1.0,2.0,2.55594523070552,0.1250190601975526,8998627.875,2.5369235379185166E7,7.1784036E7,119.0,7.1989023E7,1.799725575E7,3.599338550044912E7,7.1987334E7,363.0,7.1988562E7,2.3996187333333332E7,4.138611981243762E7,7.1784618E7,316.0,2,1,0,0,0,0,112,92,0.06945503344308479,0.05556402675446783,0.0,108.0,20.444444444444443,40.469467228736505,1637.7777777777778,2,2,0,3,8,0,0,0,0.8,20.444444444444443,36.0,1.0,0,0,0,0,0,0,0,20,0,0,8192,256,2,20,204188.0,0.0,204188.0,204188.0,7.1784036E7,0.0,7.1784036E7,7.1784036E7,-1,-1,71989023,Crysis
192.168.1.4-224.0.0.252-60876-5355-17,192.168.1.4,60876,224.0.0.252,5355,17,1970-01-01 00:16:52.011104,91290,2,0,42.0,0.0,21.0,21.0,21.0,0.0,0,0,0,0,460.0722970752547,21.908204622631175,91290.0,0.0,91290.0,91290.0,91290.0,91290.0,0.0,91290.0,91290.0,0,0,0,0,0,0,0,0,0,0,0,16,0,21.908204622631175,0.0,21.0,21.0,21.0,0.0,0.0,0,0,0,0,0,0,0,0,0.0,21.0,21.0,0.0,0,0,0,0,0,0,1,21,0,0,0,0,1,8,0,0,0,0,0,0,0,0,-1,-1,0,Crysis
192.168.1.4-224.0.0.252-57528-5355-17,192.168.1.4,57528,224.0.0.252,5355,17,1970-01-01 00:20:21.345692,98486,2,0,42.0,0.0,21.0,21.0,21.0,0.0,0,0,0,0,426.45655220031273,20.307454866681557,98486.0,0.0,98486.0,98486.0,98486.0,98486.0,0.0,98486.0,98486.0,0,0,0,0,0,0,0,0,0,0,0,16,0,20.307454866681557,0.0,21.0,21.0,21.0,0.0,0.0,0,0,0,0,0,0,0,0,0.0,21.0,21.0,0.0,0,0,0,0,0,0,1,21,0,0,0,0,1,8,0,0,0,0,0,0,0,0,-1,-1,0,Crysis
192.168.1.4-192.168.1.5-49258-5357-6,192.168.1.4,49258,192.168.1.5,5357,6,1970-01-01 00:00:25.930560,7826,8,12,952.0,13081.0,733.0,0.0,119.00000000000003,259.65966736700346,1460.0,0.0,1090.0833333333335,657.5589096780376,1793125.4791719909,2555.5839509327884,411.89473684210526,961.7849086600994,4194.0,11.0,7672.0,1096.0,1603.4653098835659,4623.0,184.0,7480.0,680.0,1266.1883746109818,4194.0,11.0,2,1,0,0,0,0,172,252,1022.2335803731153,1533.350370559673,0.0,1460.0,701.6500000000001,716.519237997873,513399.81842105265,2,2,0,3,19,0,0,0,1.5,701.65,119.0,1090.0833333333333,0,0,0,13081,9,15609785,0,47,0,654,8192,256,2,20,0,0,0,0,0,0,0,0,-1,-1,7826,Crysis
192.168.1.4-224.0.0.252-58459-5355-17,192.168.1.4,58459,224.0.0.252,5355,17,1970-01-01 00:00:20.919597,115109,2,0,48.0,0.0,24.0,24.0,24.0,0.0,0,0,0,0,416.9960645996403,17.374836024985015,115109.0,0.0,115109.0,115109.0,115109.0,115109.0,0.0,115109.0,115109.0,0,0,0,0,0,0,0,0,0,0,0,16,0,17.374836024985015,0.0,24.0,24.0,24.0,0.0,0.0,0,0,0,0,0,0,0,0,0.0,24.0,24.0,0.0,0,0,0,0,0,0,1,24,0,0,0,0,1,8,0,0,0,0,0,0,0,0,-1,-1,0,Crysis
192.168.1.4-224.0.0.252-59971-5355-17,192.168.1.4,59971,224.0.0.252,5355,17,1970-01-01 00:00:23.669907,115151,2,0,42.0,0.0,21.0,21.0,21.0,0.0,0,0,0,0,364.73847383001447,17.368498753810215,115151.0,0.0,115151.0,115151.0,115151.0,115151.0,0.0,115151.0,115151.0,0,0,0,0,0,0,0,0,0,0,0,16,0,17.368498753810215,0.0,21.0,21.0,21.0,0.0,0.0,0,0,0,0,0,0,0,0,0.0,21.0,21.0,0.0,0,0,0,0,0,0,1,21,0,0,0,0,1,8,0,0,0,0,0,0,0,0,-1,-1,0,Crysis
192.168.1.4-192.168.1.5-49259-139-6,192.168.1.4,49259,192.168.1.5,139,6,1970-01-01 00:00:26.831170,13151565,12,10,983.0,908.0,238.0,0.0,81.91666666666666,77.10023975122884,223.0,0.0,90.8,79.0917891510308,143.78516929354035,1.672804719438333,626264.9999999998,2822195.725498145,1.2941917E7,120.0,1.3151565E7,1195596.8181818181,3896257.9745699028,1.2941917E7,359.0,1.3151171E7,1461241.2222222222,4379328.786495277,1.3139451E7,302.0,8,8,0,0,0,0,252,212,0.9124389378754544,0.7603657815628787,0.0,238.0,85.95454545454545,76.25738201438804,5815.188311688313,2,2,0,16,21,0,0,0,0.8333333333333334,85.95454545454545,81.91666666666667,90.8,0,0,0,0,0,0,0,44,0,41,8192,253,8,20,205830.0,0.0,205830.0,205830.0,1.2941917E7,0.0,1.2941917E7,1.2941917E7,-1,-1,13151565,Crysis
192.168.1.5-224.0.0.22-0-0-0,192.168.1.5,0,224.0.0.22,0,0,1970-01-01 00:19:16.500520,72498688,14,0,0.0,0.0,0.0,0.0,0.0,0.0,0,0,0,0,0.0,0.19310694284564156,5576822.153846153,1.8772369583019447E7,6.7992165E7,4162.0,7.2498688E7,5576822.153846153,1.8772369583019447E7,6.7992165E7,4162.0,0,0,0,0,0,0,0,0,0,0,0,0,0,0.19310694284564156,0.0,0.0,0.0,0.0,0.0,0.0,0,0,0,0,0,0,0,0,0.0,0.0,0.0,0.0,0,0,0,0,0,0,1,0,0,0,0,0,0,0,4004129.0,0.0,4004129.0,4004129.0,6.7992165E7,0.0,6.7992165E7,6.7992165E7,-1,-1,0,Crysis
192.168.1.5-224.0.0.252-59585-5355-17,192.168.1.5,59585,224.0.0.252,5355,17,1970-01-01 00:20:28.786581,108141,2,0,48.0,0.0,24.0,24.0,24.0,0.0,0,0,0,0,443.8649540877188,18.494373086988283,108141.0,0.0,108141.0,108141.0,108141.0,108141.0,0.0,108141.0,108141.0,0,0,0,0,0,0,0,0,0,0,0,16,0,18.494373086988283,0.0,24.0,24.0,24.0,0.0,0.0,0,0,0,0,0,0,0,0,0.0,24.0,24.0,0.0,0,0,0,0,0,0,1,24,0,0,0,0,1,8,0,0,0,0,0,0,0,0,-1,-1,0,Crysis
192.168.1.4-192.168.1.5-49280-139-6,192.168.1.4,49280,192.168.1.5,139,6,1970-01-01 00:15:40.011320,206477,3,3,180.0,4.0,108.0,0.0,60.0,54.99090833947008,4.0,0.0,1.3333333333333335,2.309401076758503,891.1404175767761,29.058926660112267,41295.4,91609.45545520942,205171.0,142.0,1306.0,653.0,202.2325394193526,796.0,510.0,205823.0,102911.5,145026.89371457972,205461.0,362.0,2,1,0,0,0,0,72,72,14.529463330056133,14.529463330056133,0.0,108.0,30.666666666666664,47.37369171456523,2244.2666666666664,0,2,0,3,5,0,0,0,1.0,30.666666666666668,60.0,1.3333333333333333,0,0,0,0,0,0,0,30,0,0,8192,256,2,20,0,0,0,0,0,0,0,0,-1,-1,206477,Crysis
192.168.1.4-192.168.1.5-49257-2869-6,192.168.1.4,49257,192.168.1.5,2869,6,1970-01-01 00:00:24.579475,62755010,6,6,235.0,5876.0,235.0,0.0,39.166666666666664,95.93834825900781,1460.0,0.0,979.3333333333334,685.4113120358218,97.37867940742899,0.19121979265081784,5705000.909090909,1.8919719663434993E7,6.2750102E7,17.0,6.275501E7,1.2551002E7,2.8062150031530093E7,6.2750102E7,302.0,4140.0,828.0,1481.0925021753367,3464.0,17.0,1,2,0,0,1,0,128,128,0.09560989632540892,0.09560989632540892,0.0,1460.0,509.25000000000006,677.3413433820095,458791.29545454535,0,2,1,3,11,0,0,0,1.0,509.25,39.166666666666664,979.3333333333334,0,0,0,5876,5,8692307,0,19,0,489,8192,64240,1,20,4908.0,0.0,4908.0,4908.0,6.2750102E7,0.0,6.2750102E7,6.2750102E7,-1,-1,62755010,Crysis
192.168.1.4-192.168.1.5-49264-139-6,192.168.1.4,49264,192.168.1.5,139,6,1970-01-01 00:01:17.269933,16769191,14,11,973.0,1033.0,214.0,0.0,69.5,69.49460410708159,334.0,0.0,93.9090909090909,103.58132509816095,119.6241369067834,1.4908292236638012,698716.2916666667,2808605.340847048,1.3633504E7,85.0,1.6769191E7,1289937.769230769,3780676.7446801136,1.3633504E7,212.0,1.6768884E7,1676888.4,4375090.723655357,1.3857795E7,806.0,9,9,0,0,0,0,292,232,0.8348643652517287,0.6559648584120725,0.0,334.0,80.24000000000001,85.08440906926877,7239.356666666667,2,2,0,18,24,0,0,0,0.7857142857142857,80.24,69.5,93.9090909090909,0,0,0,0,0,0,0,38,0,41,8192,253,9,20,3131263.0,0.0,3131263.0,3131263.0,1.3633504E7,0.0,1.3633504E7,1.3633504E7,-1,-1,16769191,Crysis
192.168.1.5-224.0.0.252-50107-5355-17,192.168.1.5,50107,224.0.0.252,5355,17,1970-01-01 00:09:33.727682,107401,2,0,42.0,0.0,21.0,21.0,21.0,0.0,0,0,0,0,391.0578113797823,18.621800541894398,107401.0,0.0,107401.0,107401.0,107401.0,107401.0,0.0,107401.0,107401.0,0,0,0,0,0,0,0,0,0,0,0,16,0,18.621800541894398,0.0,21.0,21.0,21.0,0.0,0.0,0,0,0,0,0,0,0,0,0.0,21.0,21.0,0.0,0,0,0,0,0,0,1,21,0,0,0,0,1,8,0,0,0,0,0,0,0,0,-1,-1,0,Crysis
192.168.1.4-192.168.1.5-0-0-1,192.168.1.4,0,192.168.1.5,0,1,1970-01-01 00:14:28.010839,71996109,2,0,0.0,0.0,0.0,0.0,0.0,0.0,0,0,0,0,0.0,0.027779279016314617,7.1996109E7,0.0,7.1996109E7,7.1996109E7,7.1996109E7,7.1996109E7,0.0,7.1996109E7,7.1996109E7,0,0,0,0,0,0,0,0,0,0,0,0,0,0.027779279016314617,0.0,0.0,0.0,0.0,0.0,0.0,0,0,0,0,0,0,0,0,0.0,0.0,0.0,0.0,0,0,0,0,0,0,1,0,0,0,0,0,0,0,0,0,0,0,7.1996109E7,0.0,7.1996109E7,7.1996109E7,3,3,0,Crysis
192.168.1.5-192.168.1.4-49251-2869-6,192.168.1.5,49251,192.168.1.4,2869,6,1970-01-01 00:00:24.841568,4952,6,7,308.0,5895.0,308.0,0.0,51.333333333333336,125.7404734628698,1460.0,0.0,842.1428571428571,724.2495952297635,1252625.2019386108,2625.2019386106626,412.66666666666663,418.37593650020574,1224.0,0.0,4703.0,940.6,499.58512788112495,1659.0,309.0,4290.0,715.0,922.7944516521542,2183.0,0.0,1,2,0,0,0,0,128,148,1211.631663974152,1413.5702746365105,0.0,1460.0,477.15384615384625,661.2321637359864,437227.97435897443,2,2,0,3,12,0,0,0,1.1666666666666667,477.15384615384613,51.333333333333336,842.1428571428571,0,0,0,5895,5,10583482,0,23,0,453,8192,64240,1,20,0,0,0,0,0,0,0,0,-1,-1,4952,Crysis
192.168.1.4-192.168.1.5-3702-57527-17,192.168.1.4,3702,192.168.1.5,57527,17,1970-01-01 00:09:48.279740,229557,2,0,2472.0,0.0,1236.0,1236.0,1236.0,0.0,0,0,0,0,10768.56728394255,8.712433077623421,229557.0,0.0,229557.0,229557.0,229557.0,229557.0,0.0,229557.0,229557.0,0,0,0,0,0,0,0,0,0,0,0,16,0,8.712433077623421,0.0,1236.0,1236.0,1236.0,0.0,0.0,0,0,0,0,0,0,0,0,0.0,1236.0,1236.0,0.0,0,0,0,0,0,0,1,1236,0,0,0,0,1,8,0,0,0,0,0,0,0,0,-1,-1,0,Crysis
192.168.1.4-224.0.0.252-65380-5355-17,192.168.1.4,65380,224.0.0.252,5355,17,1970-01-01 00:00:23.627523,106613,2,0,48.0,0.0,24.0,24.0,24.0,0.0,0,0,0,0,450.22652021798467,18.75943834241603,106613.0,0.0,106613.0,106613.0,106613.0,106613.0,0.0,106613.0,106613.0,0,0,0,0,0,0,0,0,0,0,0,16,0,18.75943834241603,0.0,24.0,24.0,24.0,0.0,0.0,0,0,0,0,0,0,0,0,0.0,24.0,24.0,0.0,0,0,0,0,0,0,1,24,0,0,0,0,1,8,0,0,0,0,0,0,0,0,-1,-1,0,Crysis
192.168.1.4-8.8.8.8-52535-53-17,192.168.1.4,52535,8.8.8.8,53,17,1970-01-01 00:00:23.644882,19512,1,1,43.0,98.0,43.0,43.0,43.0,0.0,98.0,98.0,98.0,0.0,7226.322263222632,102.50102501025009,19512.0,0.0,19512.0,19512.0,0,0,0,0,0,0,0,0,0,0,0,0,0,0,0,0,8,8,51.250512505125045,51.250512505125045,43.0,98.0,70.5,38.890872965260115,1512.5,0,0,0,0,0,0,0,0,1.0,70.5,43.0,98.0,0,0,0,0,0,0,0,21,0,49,0,0,0,8,0,0,0,0,0,0,0,0,-1,-1,0,Crysis
192.168.1.5-224.0.0.252-59573-5355-17,192.168.1.5,59573,224.0.0.252,5355,17,1970-01-01 00:09:53.034601,107327,2,0,48.0,0.0,24.0,24.0,24.0,0.0,0,0,0,0,447.2313583720778,18.63463993216991,107327.0,0.0,107327.0,107327.0,107327.0,107327.0,0.0,107327.0,107327.0,0,0,0,0,0,0,0,0,0,0,0,16,0,18.63463993216991,0.0,24.0,24.0,24.0,0.0,0.0,0,0,0,0,0,0,0,0,0.0,24.0,24.0,0.0,0,0,0,0,0,0,1,24,0,0,0,0,1,8,0,0,0,0,0,0,0,0,-1,-1,0,Crysis
192.168.1.5-224.0.0.252-58709-5355-17,192.168.1.5,58709,224.0.0.252,5355,17,1970-01-01 00:20:28.537612,116867,2,0,42.0,0.0,21.0,21.0,21.0,0.0,0,0,0,0,359.3828882404785,17.113470868594213,116867.0,0.0,116867.0,116867.0,116867.0,116867.0,0.0,116867.0,116867.0,0,0,0,0,0,0,0,0,0,0,0,16,0,17.113470868594213,0.0,21.0,21.0,21.0,0.0,0.0,0,0,0,0,0,0,0,0,0.0,21.0,21.0,0.0,0,0,0,0,0,0,1,21,0,0,0,0,1,8,0,0,0,0,0,0,0,0,-1,-1,0,Crysis
192.168.1.4-8.8.8.8-58670-53-17,192.168.1.4,58670,8.8.8.8,53,17,1970-01-01 00:00:22.188040,19205,1,1,34.0,62.0,34.0,34.0,34.0,0.0,62.0,62.0,62.0,0.0,4998.698255662588,104.13954699297058,19205.0,0.0,19205.0,19205.0,0,0,0,0,0,0,0,0,0,0,0,0,0,0,0,0,8,8,52.06977349648529,52.06977349648529,34.0,62.0,48.0,19.79898987322333,392.0,0,0,0,0,0,0,0,0,1.0,48.0,34.0,62.0,0,0,0,0,0,0,0,17,0,31,0,0,0,8,0,0,0,0,0,0,0,0,-1,-1,0,Crysis
192.168.1.5-192.168.1.4-3702-51167-17,192.168.1.5,3702,192.168.1.4,51167,17,1970-01-01 00:00:24.407198,450904,4,0,4904.0,0.0,1226.0,1226.0,1226.0,0.0,0,0,0,0,10875.929244362436,8.871067899153699,150301.33333333334,79568.92640555944,242134.0,101878.0,450904.0,150301.33333333334,79568.92640555944,242134.0,101878.0,0,0,0,0,0,0,0,0,0,0,0,32,0,8.871067899153699,0.0,1226.0,1226.0,1226.0,0.0,0.0,0,0,0,0,0,0,0,0,0.0,1226.0,1226.0,0.0,4904,4,10875,0,0,0,1,1226,0,0,0,0,3,8,0,0,0,0,0,0,0,0,-1,-1,0,Crysis
192.168.1.4-239.255.255.250-65004-3702-17,192.168.1.4,65004,239.255.255.250,3702,17,1970-01-01 00:20:28.945587,36997805,6,0,3936.0,0.0,656.0,656.0,656.0,0.0,0,0,0,0,106.38468957820606,0.1621717828936068,7399561.0,1.478672744451349E7,3.3765725E7,106246.0,3.6997805E7,7399561.0,1.478672744451349E7,3.3765725E7,106246.0,0,0,0,0,0,0,0,0,0,0,0,48,0,0.1621717828936068,0.0,656.0,656.0,656.0,0.0,0.0,0,0,0,0,0,0,0,0,0.0,656.0,656.0,0.0,0,0,0,0,0,0,1,656,0,0,0,0,5,8,3125834.0,0.0,3125834.0,3125834.0,3.3765725E7,0.0,3.3765725E7,3.3765725E7,-1,-1,0,Crysis
192.168.1.4-192.168.1.5-49275-445-6,192.168.1.4,49275,192.168.1.5,445,6,1970-01-01 00:12:58.040830,65957566,4,2,108.0,0.0,108.0,0.0,27.0,54.0,0.0,0.0,0.0,0.0,1.6374163958688226,0.09096757754826792,1.31915132E7,2.9381025195480715E7,6.5749644E7,114.0,6.5957566E7,2.1985855333333332E7,3.8080098870155394E7,6.5956966E7,175.0,207611.0,207611.0,0.0,207611.0,207611.0,1,0,0,0,1,0,92,52,0.060645051698845286,0.030322525849422643,0.0,108.0,18.0,44.090815370097204,1944.0,0,2,1,1,5,0,0,0,0.5,18.0,27.0,0.0,0,0,0,0,0,0,0,18,0,0,8192,256,1,20,207922.0,0.0,207922.0,207922.0,6.5749644E7,0.0,6.5749644E7,6.5749644E7,-1,-1,65957566,Crysis
192.168.1.5-239.255.255.250-59588-3702-17,192.168.1.5,59588,239.255.255.250,3702,17,1970-01-01 00:20:29.736137,155780,2,0,1248.0,0.0,624.0,624.0,624.0,0.0,0,0,0,0,8011.297984336885,12.838618564642445,155780.0,0.0,155780.0,155780.0,155780.0,155780.0,0.0,155780.0,155780.0,0,0,0,0,0,0,0,0,0,0,0,16,0,12.838618564642445,0.0,624.0,624.0,624.0,0.0,0.0,0,0,0,0,0,0,0,0,0.0,624.0,624.0,0.0,0,0,0,0,0,0,1,624,0,0,0,0,1,8,0,0,0,0,0,0,0,0,-1,-1,0,Crysis
192.168.1.5-224.0.0.252-50710-5355-17,192.168.1.5,50710,224.0.0.252,5355,17,1970-01-01 00:19:20.275600,84741,2,0,44.0,0.0,22.0,22.0,22.0,0.0,0,0,0,0,519.2291806799542,23.601326394543374,84741.0,0.0,84741.0,84741.0,84741.0,84741.0,0.0,84741.0,84741.0,0,0,0,0,0,0,0,0,0,0,0,16,0,23.601326394543374,0.0,22.0,22.0,22.0,0.0,0.0,0,0,0,0,0,0,0,0,0.0,22.0,22.0,0.0,0,0,0,0,0,0,1,22,0,0,0,0,1,8,0,0,0,0,0,0,0,0,-1,-1,0,Crysis
192.168.1.5-239.255.255.250-49901-3702-17,192.168.1.5,49901,239.255.255.250,3702,17,1970-01-01 00:09:34.113789,143544,2,0,1312.0,0.0,656.0,656.0,656.0,0.0,0,0,0,0,9140.054617399543,13.933010087499303,143544.0,0.0,143544.0,143544.0,143544.0,143544.0,0.0,143544.0,143544.0,0,0,0,0,0,0,0,0,0,0,0,16,0,13.933010087499303,0.0,656.0,656.0,656.0,0.0,0.0,0,0,0,0,0,0,0,0,0.0,656.0,656.0,0.0,0,0,0,0,0,0,1,656,0,0,0,0,1,8,0,0,0,0,0,0,0,0,-1,-1,0,Crysis
192.168.1.4-224.0.0.252-49677-5355-17,192.168.1.4,49677,224.0.0.252,5355,17,1970-01-01 00:17:20.796966,100449,2,0,42.0,0.0,21.0,21.0,21.0,0.0,0,0,0,0,418.12262939402086,19.91060139971528,100449.0,0.0,100449.0,100449.0,100449.0,100449.0,0.0,100449.0,100449.0,0,0,0,0,0,0,0,0,0,0,0,16,0,19.91060139971528,0.0,21.0,21.0,21.0,0.0,0.0,0,0,0,0,0,0,0,0,0.0,21.0,21.0,0.0,0,0,0,0,0,0,1,21,0,0,0,0,1,8,0,0,0,0,0,0,0,0,-1,-1,0,Crysis
134.221.96.0-0.0.0.194-0-0-0,134.221.96.0,0,0.0.0.194,0,0,1970-01-01 00:20:59.970482,24406103,10,0,0.0,0.0,0.0,0.0,0.0,0.0,0,0,0,0,0.0,0.4097335818012404,2711789.222222222,8119737.6790996725,2.4364415E7,163.0,2.4406103E7,2711789.222222222,8119737.6790996725,2.4364415E7,163.0,0,0,0,0,0,0,0,0,0,0,0,0,0,0.4097335818012404,0.0,0.0,0.0,0.0,0.0,0.0,0,0,0,0,0,0,0,0,0.0,0.0,0.0,0.0,0,0,0,0,0,0,1,0,0,0,0,0,0,0,33800.0,0.0,33800.0,33800.0,2.4364415E7,0.0,2.4364415E7,2.4364415E7,-1,-1,0,Crysis
192.168.1.4-192.168.1.5-49300-5357-6,192.168.1.4,49300,192.168.1.5,5357,6,1970-01-01 00:21:05.848557,4999,7,6,952.0,4148.0,733.0,0.0,136.00000000000003,275.6138603191066,1460.0,0.0,691.3333333333334,762.0411187506005,1020204.0408081616,2600.520104020804,416.5833333333333,641.1288990144767,2309.0,36.0,4865.0,810.8333333333334,939.8590142498325,2649.0,160.0,4705.0,941.0,867.1110078876868,2309.0,36.0,2,1,0,0,0,0,152,132,1400.2800560112023,1200.2400480096019,0.0,1460.0,392.3076923076923,602.4716292926697,362972.06410256407,2,2,0,3,12,0,0,0,0.8571428571428571,392.3076923076923,136.0,691.3333333333334,0,0,0,0,0,0,0,73,0,319,8192,256,2,20,0,0,0,0,0,0,0,0,-1,-1,4999,Crysis
134.221.96.0-0.0.0.104-0-0-0,134.221.96.0,0,0.0.0.104,0,0,1970-01-01 00:19:50.625356,118400674,25,0,0.0,0.0,0.0,0.0,0.0,0.0,0,0,0,0,0.0,0.21114744667754173,4933361.416666667,3100005.3765835967,8505654.0,1409254.0,1.18400674E8,4933361.416666667,3100005.3765835967,8505654.0,1409254.0,0,0,0,0,0,0,0,0,0,0,0,0,0,0.21114744667754173,0.0,0.0,0.0,0.0,0.0,0.0,0,0,0,0,0,0,0,0,0.0,0.0,0.0,0.0,0,0,0,0,0,0,1,0,0,0,0,0,0,0,2163767.5454545454,768609.2550399539,3024337.0,1494623.0,7883269.250000001,750821.6054620228,8505654.0,6970092.0,-1,-1,0,Crysis
192.168.1.5-239.255.255.250-49876-1900-17,192.168.1.5,49876,239.255.255.250,1900,17,1970-01-01 00:20:40.043564,6367849,9,0,1143.0,0.0,133.0,123.0,127.0,4.58257569495584,0,0,0,0,179.49546228247561,1.4133500967124064,795981.125,1134689.3360137248,2620687.0,519.0,6367849.0,795981.125,1134689.3360137248,2620687.0,519.0,0,0,0,0,0,0,0,0,0,0,0,72,0,1.4133500967124064,0.0,123.0,133.0,127.0,4.58257569495584,21.0,0,0,0,0,0,0,0,0,0.0,127.0,127.0,0.0,0,0,0,0,0,0,1,127,0,0,0,0,8,8,0,0,0,0,0,0,0,0,-1,-1,0,Crysis
134.221.96.0-0.0.0.134-0-0-0,134.221.96.0,0,0.0.0.134,0,0,1970-01-01 00:20:57.093806,1606,2,0,0.0,0.0,0.0,0.0,0.0,0.0,0,0,0,0,0.0,1245.3300124533,1606.0,0.0,1606.0,1606.0,1606.0,1606.0,0.0,1606.0,1606.0,0,0,0,0,0,0,0,0,0,0,0,0,0,1245.3300124533,0.0,0.0,0.0,0.0,0.0,0.0,0,0,0,0,0,0,0,0,0.0,0.0,0.0,0.0,0,0,0,0,0,0,1,0,0,0,0,0,0,0,0,0,0,0,0,0,0,0,-1,-1,0,Crysis
192.168.1.4-192.168.1.5-49278-139-6,192.168.1.4,49278,192.168.1.5,139,6,1970-01-01 00:14:28.015773,71979686,5,4,180.0,4.0,108.0,0.0,36.0,50.91168824543142,4.0,0.0,1.0,2.0,2.5562767806461393,0.12503527731421335,8997460.75,2.5360503406168304E7,7.1761224E7,0.0,7.1979686E7,1.79949215E7,3.598882366831509E7,7.1978157E7,162.0,7.1979254E7,2.3993084666666668E7,4.13692550457394E7,7.1762022E7,299.0,2,1,0,0,0,0,112,92,0.06946404295234075,0.0555712343618726,0.0,108.0,20.444444444444443,40.469467228736505,1637.7777777777778,2,2,0,3,8,0,0,0,0.8,20.444444444444443,36.0,1.0,0,0,0,0,0,0,0,20,0,0,8192,256,2,20,217483.0,0.0,217483.0,217483.0,7.1761224E7,0.0,7.1761224E7,7.1761224E7,-1,-1,71979686,Crysis
192.168.1.4-192.168.1.5-3702-59588-17,192.168.1.4,3702,192.168.1.5,59588,17,1970-01-01 00:20:31.818927,77686,2,0,2452.0,0.0,1226.0,1226.0,1226.0,0.0,0,0,0,0,31562.95857683495,25.744664418299305,77686.0,0.0,77686.0,77686.0,77686.0,77686.0,0.0,77686.0,77686.0,0,0,0,0,0,0,0,0,0,0,0,16,0,25.744664418299305,0.0,1226.0,1226.0,1226.0,0.0,0.0,0,0,0,0,0,0,0,0,0.0,1226.0,1226.0,0.0,0,0,0,0,0,0,1,1226,0,0,0,0,1,8,0,0,0,0,0,0,0,0,-1,-1,0,Crysis
192.168.1.5-224.0.0.252-49797-5355-17,192.168.1.5,49797,224.0.0.252,5355,17,1970-01-01 00:19:16.719758,117743,2,0,42.0,0.0,21.0,21.0,21.0,0.0,0,0,0,0,356.7091037259115,16.986147796471975,117743.0,0.0,117743.0,117743.0,117743.0,117743.0,0.0,117743.0,117743.0,0,0,0,0,0,0,0,0,0,0,0,16,0,16.986147796471975,0.0,21.0,21.0,21.0,0.0,0.0,0,0,0,0,0,0,0,0,0.0,21.0,21.0,0.0,0,0,0,0,0,0,1,21,0,0,0,0,1,8,0,0,0,0,0,0,0,0,-1,-1,0,Crysis
192.168.1.5-192.168.1.4-49261-5357-6,192.168.1.5,49261,192.168.1.4,5357,6,1970-01-01 00:09:34.144823,6989,7,6,952.0,4148.0,733.0,0.0,136.00000000000003,275.6138603191066,1460.0,0.0,691.3333333333334,762.0411187506005,729718.1284876234,1860.0658177135497,582.4166666666667,888.7705970847733,2501.0,0.0,6858.0,1143.0,1221.8463078472676,2918.0,290.0,6803.0,1360.6,1209.9800824806994,2802.0,0.0,2,1,0,0,0,0,152,132,1001.5739018457575,858.4919158677922,0.0,1460.0,392.3076923076923,602.4716292926697,362972.06410256407,2,2,0,3,12,0,0,0,0.8571428571428571,392.3076923076923,136.0,691.3333333333334,0,0,0,0,0,0,0,73,0,319,8192,256,2,20,0,0,0,0,0,0,0,0,-1,-1,6989,Crysis
192.168.1.4-192.168.1.5-49279-445-6,192.168.1.4,49279,192.168.1.5,445,6,1970-01-01 00:15:16.003618,71989146,4,2,108.0,0.0,108.0,0.0,27.0,54.0,0.0,0.0,0.0,0.0,1.5002261590934833,0.08334589772741574,1.43978292E7,3.208358721936123E7,7.1790491E7,117.0,7.1989146E7,2.3996382E7,4.156216993486702E7,7.1988242E7,444.0,198328.0,198328.0,0.0,198328.0,198328.0,1,0,0,0,1,0,92,52,0.05556393181827716,0.02778196590913858,0.0,108.0,18.0,44.090815370097204,1944.0,0,2,1,1,5,0,0,0,0.5,18.0,27.0,0.0,0,0,0,0,0,0,0,18,0,0,8192,256,1,20,198655.0,0.0,198655.0,198655.0,7.1790491E7,0.0,7.1790491E7,7.1790491E7,-1,-1,71989146,Crysis
192.168.1.5-192.168.1.4-1900-54067-17,192.168.1.5,1900,192.168.1.4,54067,17,1970-01-01 00:00:22.717295,9017766,8,0,3256.0,0.0,446.0,394.0,407.0,24.071322594086343,0,0,0,0,361.0650353979023,0.8871376791103252,1288252.2857142857,1305910.2054084365,3812859.0,93483.0,9017766.0,1288252.2857142857,1305910.2054084365,3812859.0,93483.0,0,0,0,0,0,0,0,0,0,0,0,64,0,0.8871376791103252,0.0,394.0,446.0,407.0,24.071322594086343,579.4285714285717,0,0,0,0,0,0,0,0,0.0,407.0,407.0,0.0,0,0,0,0,0,0,1,407,0,0,0,0,7,8,0,0,0,0,0,0,0,0,-1,-1,0,Crysis
192.168.1.4-224.0.0.22-0-0-0,192.168.1.4,0,224.0.0.22,0,0,1970-01-01 00:20:21.327760,490096,5,0,0.0,0.0,0.0,0.0,0.0,0.0,0,0,0,0,0.0,10.202082857236134,122524.0,148513.59229376953,312402.0,1422.0,490096.0,122524.0,148513.59229376953,312402.0,1422.0,0,0,0,0,0,0,0,0,0,0,0,0,0,10.202082857236134,0.0,0.0,0.0,0.0,0.0,0.0,0,0,0,0,0,0,0,0,0.0,0.0,0.0,0.0,0,0,0,0,0,0,1,0,0,0,0,0,0,0,0,0,0,0,0,0,0,0,-1,-1,0,Crysis
192.168.1.4-224.0.0.252-61463-5355-17,192.168.1.4,61463,224.0.0.252,5355,17,1970-01-01 00:00:23.347857,108466,2,0,42.0,0.0,21.0,21.0,21.0,0.0,0,0,0,0,387.2181144321723,18.43895783010344,108466.0,0.0,108466.0,108466.0,108466.0,108466.0,0.0,108466.0,108466.0,0,0,0,0,0,0,0,0,0,0,0,16,0,18.43895783010344,0.0,21.0,21.0,21.0,0.0,0.0,0,0,0,0,0,0,0,0,0.0,21.0,21.0,0.0,0,0,0,0,0,0,1,21,0,0,0,0,1,8,0,0,0,0,0,0,0,0,-1,-1,0,Crysis
192.168.1.5-192.168.1.4-49262-5357-6,192.168.1.5,49262,192.168.1.4,5357,6,1970-01-01 00:09:39.901619,5612,7,6,952.0,4148.0,733.0,0.0,136.00000000000003,275.6138603191066,1460.0,0.0,691.3333333333334,762.0411187506005,908766.9280114041,2316.464718460442,467.66666666666674,805.2510995542528,2689.0,0.0,5504.0,917.3333333333333,1171.7814927138365,3071.0,190.0,5482.0,1096.4,1103.3006389919296,2689.0,0.0,2,1,0,0,0,0,152,132,1247.327156094084,1069.1375623663578,0.0,1460.0,392.3076923076923,602.4716292926697,362972.06410256407,2,2,0,3,12,0,0,0,0.8571428571428571,392.3076923076923,136.0,691.3333333333334,0,0,0,0,0,0,0,73,0,319,8192,256,2,20,0,0,0,0,0,0,0,0,-1,-1,5612,Crysis
192.168.1.5-192.168.1.4-49264-5357-6,192.168.1.5,49264,192.168.1.4,5357,6,1970-01-01 00:09:48.310477,5081,7,6,952.0,4148.0,733.0,0.0,136.00000000000003,275.6138603191066,1460.0,0.0,691.3333333333334,762.0411187506005,1003739.4213737454,2558.551466246802,423.4166666666667,687.2099663703867,2454.0,0.0,4982.0,830.3333333333333,1049.2204090021633,2889.0,202.0,4884.0,976.8,942.1004192759921,2454.0,0.0,2,1,0,0,0,0,152,132,1377.6815587482781,1180.869907498524,0.0,1460.0,392.3076923076923,602.4716292926697,362972.06410256407,2,2,0,3,12,0,0,0,0.8571428571428571,392.3076923076923,136.0,691.3333333333334,0,0,0,0,0,0,0,73,0,319,8192,256,2,20,0,0,0,0,0,0,0,0,-1,-1,5081,Crysis
192.168.1.5-192.168.1.255-138-138-17,192.168.1.5,138,192.168.1.255,138,17,1970-01-01 00:19:22.428400,28156753,11,0,2046.0,0.0,201.0,174.0,186.0,12.727922061357855,0,0,0,0,72.66462862390419,0.3906700463650763,2815675.3,4633687.895893341,1.5585473E7,20825.0,2.8156753E7,2815675.3,4633687.895893341,1.5585473E7,20825.0,0,0,0,0,0,0,0,0,0,0,0,88,0,0.3906700463650763,0.0,174.0,201.0,186.0,12.727922061357855,161.99999999999997,0,0,0,0,0,0,0,0,0.0,186.0,186.0,0.0,0,0,0,0,0,0,1,186,0,0,0,0,10,8,8419712.0,0.0,8419712.0,8419712.0,1.5585473E7,0.0,1.5585473E7,1.5585473E7,-1,-1,0,Crysis
192.168.1.4-239.255.255.250-1900-1900-17,192.168.1.4,1900,239.255.255.250,1900,17,1970-01-01 00:15:09.569162,8483942,18,0,8607.0,0.0,513.0,433.0,478.1666666666667,30.860692684079158,0,0,0,0,1014.5048139178697,2.1216552399816027,499055.41176470584,436977.4911112498,1375315.0,108891.0,8483942.0,499055.41176470584,436977.4911112498,1375315.0,108891.0,0,0,0,0,0,0,0,0,0,0,0,144,0,2.1216552399816027,0.0,433.0,513.0,478.1666666666667,30.860692684079158,952.3823529411769,0,0,0,0,0,0,0,0,0.0,478.1666666666667,478.1666666666667,0.0,2707,5,1863,0,0,0,1,478,0,0,0,0,17,8,0,0,0,0,0,0,0,0,-1,-1,0,Crysis
192.168.1.4-224.0.0.252-64188-5355-17,192.168.1.4,64188,224.0.0.252,5355,17,1970-01-01 00:17:15.625270,101833,2,0,42.0,0.0,21.0,21.0,21.0,0.0,0,0,0,0,412.43997525360146,19.63999882160007,101833.0,0.0,101833.0,101833.0,101833.0,101833.0,0.0,101833.0,101833.0,0,0,0,0,0,0,0,0,0,0,0,16,0,19.63999882160007,0.0,21.0,21.0,21.0,0.0,0.0,0,0,0,0,0,0,0,0,0.0,21.0,21.0,0.0,0,0,0,0,0,0,1,21,0,0,0,0,1,8,0,0,0,0,0,0,0,0,-1,-1,0,Crysis
134.221.96.0-0.0.1.162-0-0-0,134.221.96.0,0,0.0.1.162,0,0,1970-01-01 00:00:21.811663,10999320,6,0,0.0,0.0,0.0,0.0,0.0,0.0,0,0,0,0,0.0,0.5454882665473865,2199864.0,1429591.9794084604,3476083.0,15099.0,1.099932E7,2199864.0,1429591.9794084604,3476083.0,15099.0,0,0,0,0,0,0,0,0,0,0,0,0,0,0.5454882665473865,0.0,0.0,0.0,0.0,0.0,0.0,0,0,0,0,0,0,0,0,0.0,0.0,0.0,0.0,0,0,0,0,0,0,1,0,0,0,0,0,0,0,0,0,0,0,0,0,0,0,-1,-1,0,Crysis
134.221.96.0-0.0.0.44-0-0-0,134.221.96.0,0,0.0.0.44,0,0,1970-01-01 00:20:42.663753,9266626,2,0,0.0,0.0,0.0,0.0,0.0,0.0,0,0,0,0,0.0,0.2158282852895973,9266626.0,0.0,9266626.0,9266626.0,9266626.0,9266626.0,0.0,9266626.0,9266626.0,0,0,0,0,0,0,0,0,0,0,0,0,0,0.2158282852895973,0.0,0.0,0.0,0.0,0.0,0.0,0,0,0,0,0,0,0,0,0.0,0.0,0.0,0.0,0,0,0,0,0,0,1,0,0,0,0,0,0,0,0,0,0,0,9266626.0,0.0,9266626.0,9266626.0,-1,-1,0,Crysis
134.221.96.0-0.0.0.84-0-0-0,134.221.96.0,0,0.0.0.84,0,0,1970-01-01 00:20:42.665884,17305730,3,0,0.0,0.0,0.0,0.0,0.0,0.0,0,0,0,0,0.0,0.173352987709851,8652865.0,866613.1004594842,9265653.0,8040077.0,1.730573E7,8652865.0,866613.1004594842,9265653.0,8040077.0,0,0,0,0,0,0,0,0,0,0,0,0,0,0.173352987709851,0.0,0.0,0.0,0.0,0.0,0.0,0,0,0,0,0,0,0,0,0.0,0.0,0.0,0.0,0,0,0,0,0,0,1,0,0,0,0,0,0,0,0,0,0,0,8652865.0,866613.1004594842,9265653.0,8040077.0,-1,-1,0,Crysis
192.168.1.4-239.255.255.250-58970-3702-17,192.168.1.4,58970,239.255.255.250,3702,17,1970-01-01 00:05:34.268481,9569569,6,0,5946.0,0.0,991.0,991.0,991.0,0.0,0,0,0,0,621.3445976511587,0.6269874850163054,1913913.8,4112698.9355194354,9270269.0,7784.0,9569569.0,1913913.8,4112698.9355194354,9270269.0,7784.0,0,0,0,0,0,0,0,0,0,0,0,48,0,0.6269874850163054,0.0,991.0,991.0,991.0,0.0,0.0,0,0,0,0,0,0,0,0,0.0,991.0,991.0,0.0,3964,4,15648,0,0,0,1,991,0,0,0,0,5,8,253311.0,0.0,253311.0,253311.0,9270269.0,0.0,9270269.0,9270269.0,-1,-1,0,Crysis
192.168.1.5-224.0.0.252-58351-5355-17,192.168.1.5,58351,224.0.0.252,5355,17,1970-01-01 00:09:45.264681,109856,2,0,48.0,0.0,24.0,24.0,24.0,0.0,0,0,0,0,436.9356248179435,18.20565103408098,109856.0,0.0,109856.0,109856.0,109856.0,109856.0,0.0,109856.0,109856.0,0,0,0,0,0,0,0,0,0,0,0,16,0,18.20565103408098,0.0,24.0,24.0,24.0,0.0,0.0,0,0,0,0,0,0,0,0,0.0,24.0,24.0,0.0,0,0,0,0,0,0,1,24,0,0,0,0,1,8,0,0,0,0,0,0,0,0,-1,-1,0,Crysis
192.168.1.4-192.168.1.5-49273-445-6,192.168.1.4,49273,192.168.1.5,445,6,1970-01-01 00:12:04.008800,54021382,3,3,108.0,0.0,108.0,0.0,36.0,62.353829072479584,0.0,0.0,0.0,0.0,1.9992083875232958,0.1110671326401831,1.08042764E7,2.40425746995318E7,5.3812641E7,244.0,886.0,443.0,90.50966799187809,507.0,379.0,5.4021119E7,2.70105595E7,3.790386715712903E7,5.3812641E7,208478.0,1,0,0,0,0,1,72,72,0.05553356632009155,0.05553356632009155,0.0,108.0,18.0,44.090815370097204,1944.0,0,2,1,1,5,0,0,0,1.0,18.0,36.0,0.0,0,0,0,0,0,0,0,18,0,0,8192,0,1,20,208741.0,0.0,208741.0,208741.0,5.3812641E7,0.0,5.3812641E7,5.3812641E7,-1,-1,54021382,Crysis
192.168.1.4-8.8.8.8-59459-53-17,192.168.1.4,59459,8.8.8.8,53,17,1970-01-01 00:00:22.169825,16295,1,1,34.0,50.0,34.0,34.0,34.0,0.0,50.0,50.0,50.0,0.0,5154.955507824486,122.737035900583,16295.0,0.0,16295.0,16295.0,0,0,0,0,0,0,0,0,0,0,0,0,0,0,0,0,8,8,61.3685179502915,61.3685179502915,34.0,50.0,42.0,11.313708498984761,128.0,0,0,0,0,0,0,0,0,1.0,42.0,34.0,50.0,0,0,0,0,0,0,0,17,0,25,0,0,0,8,0,0,0,0,0,0,0,0,-1,-1,0,Crysis
169.254.148.41-224.0.0.252-64803-5355-17,169.254.148.41,64803,224.0.0.252,5355,17,1970-01-01 00:19:11.986823,211451,2,0,42.0,0.0,21.0,21.0,21.0,0.0,0,0,0,0,198.62757802043973,9.458456096211416,211451.0,0.0,211451.0,211451.0,211451.0,211451.0,0.0,211451.0,211451.0,0,0,0,0,0,0,0,0,0,0,0,16,0,9.458456096211416,0.0,21.0,21.0,21.0,0.0,0.0,0,0,0,0,0,0,0,0,0.0,21.0,21.0,0.0,0,0,0,0,0,0,1,21,0,0,0,0,1,8,0,0,0,0,0,0,0,0,-1,-1,0,Crysis
192.168.1.5-192.168.1.255-137-137-17,192.168.1.5,137,192.168.1.255,137,17,1970-01-01 00:19:19.338179,79025782,39,0,2382.0,0.0,68.0,50.0,61.076923076923094,8.8715530456226,0,0,0,0,30.14206173878798,0.4935098269574858,2079625.8421052627,7387169.773089824,3.9295437E7,32.0,7.9025782E7,2079625.8421052627,7387169.773089824,3.9295437E7,32.0,0,0,0,0,0,0,0,0,0,0,0,312,0,0.4935098269574858,0.0,50.0,68.0,61.076923076923094,8.8715530456226,78.70445344129561,0,0,0,0,0,0,0,0,0.0,61.07692307692308,61.07692307692308,0.0,891,13,330,0,0,0,1,61,0,0,0,0,38,8,2699131.5,641949.0126205507,3153058.0,2245205.0,3.2180202E7,1.0062461836471729E7,3.9295437E7,2.5064967E7,-1,-1,0,Crysis
192.168.1.4-192.168.1.5-1900-49876-17,192.168.1.4,1900,192.168.1.5,49876,17,1970-01-01 00:20:42.006469,5547022,3,0,1338.0,0.0,446.0,446.0,446.0,0.0,0,0,0,0,241.21050899022936,0.5408307376462541,2773511.0,1248855.2273790585,3656585.0,1890437.0,5547022.0,2773511.0,1248855.2273790585,3656585.0,1890437.0,0,0,0,0,0,0,0,0,0,0,0,24,0,0.5408307376462541,0.0,446.0,446.0,446.0,0.0,0.0,0,0,0,0,0,0,0,0,0.0,446.0,446.0,0.0,0,0,0,0,0,0,1,446,0,0,0,0,2,8,0,0,0,0,0,0,0,0,-1,-1,0,Crysis
192.168.1.4-224.0.0.252-62294-5355-17,192.168.1.4,62294,224.0.0.252,5355,17,1970-01-01 00:00:22.702587,112600,2,0,48.0,0.0,24.0,24.0,24.0,0.0,0,0,0,0,426.2877442273534,17.761989342806395,112600.0,0.0,112600.0,112600.0,112600.0,112600.0,0.0,112600.0,112600.0,0,0,0,0,0,0,0,0,0,0,0,16,0,17.761989342806395,0.0,24.0,24.0,24.0,0.0,0.0,0,0,0,0,0,0,0,0,0.0,24.0,24.0,0.0,0,0,0,0,0,0,1,24,0,0,0,0,1,8,0,0,0,0,0,0,0,0,-1,-1,0,Crysis
192.168.1.4-239.255.255.250-51167-3702-17,192.168.1.4,51167,239.255.255.250,3702,17,1970-01-01 00:00:23.011705,1809465,4,0,2496.0,0.0,624.0,624.0,624.0,0.0,0,0,0,0,1379.413251983321,2.210598160229681,603155.0,578579.7395320717,1268822.0,221127.0,1809465.0,603155.0,578579.7395320717,1268822.0,221127.0,0,0,0,0,0,0,0,0,0,0,0,32,0,2.210598160229681,0.0,624.0,624.0,624.0,0.0,0.0,0,0,0,0,0,0,0,0,0.0,624.0,624.0,0.0,0,0,0,0,0,0,1,624,0,0,0,0,3,8,0,0,0,0,0,0,0,0,-1,-1,0,Crysis
192.168.1.4-192.168.1.5-49283-139-6,192.168.1.4,49283,192.168.1.5,139,6,1970-01-01 00:16:29.091500,2992148,2,0,0.0,0.0,0.0,0.0,0.0,0.0,0,0,0,0,0.0,0.668416134496021,2992148.0,0.0,2992148.0,2992148.0,2992148.0,2992148.0,0.0,2992148.0,2992148.0,0,0,0,0,0,0,0,0,0,0,0,64,0,0.668416134496021,0.0,0.0,0.0,0.0,0.0,0.0,0,2,0,0,0,0,0,0,0.0,0.0,0.0,0.0,0,0,0,0,0,0,1,0,0,0,8192,0,0,32,0,0,0,0,0,0,0,0,-1,-1,2992148,Crysis
192.168.1.5-192.168.1.4-49160-5357-6,192.168.1.5,49160,192.168.1.4,5357,6,1970-01-01 00:20:34.917393,126458,7,6,952.0,4148.0,733.0,0.0,136.00000000000003,275.6138603191066,1460.0,0.0,691.3333333333334,762.0411187506005,40329.59559695709,102.80092995302789,10538.166666666664,33529.52574789551,116945.0,0.0,126330.0,21055.000000000004,46994.08850908803,116945.0,424.0,126237.0,25247.4,51826.084627338,117918.0,0.0,2,1,0,0,0,0,152,132,55.354346897784254,47.44658305524364,0.0,1460.0,392.3076923076923,602.4716292926697,362972.06410256407,2,2,0,3,12,0,0,0,0.8571428571428571,392.3076923076923,136.0,691.3333333333334,0,0,0,0,0,0,0,73,0,319,8192,256,2,20,0,0,0,0,0,0,0,0,-1,-1,126458,Crysis
192.168.1.4-8.8.8.8-49842-53-17,192.168.1.4,49842,8.8.8.8,53,17,1970-01-01 00:00:21.108837,18163,1,1,43.0,98.0,43.0,43.0,43.0,0.0,98.0,98.0,98.0,0.0,7763.034740956891,110.11396795683534,18163.0,0.0,18163.0,18163.0,0,0,0,0,0,0,0,0,0,0,0,0,0,0,0,0,8,8,55.05698397841767,55.05698397841767,43.0,98.0,70.5,38.890872965260115,1512.5,0,0,0,0,0,0,0,0,1.0,70.5,43.0,98.0,0,0,0,0,0,0,0,21,0,49,0,0,0,8,0,0,0,0,0,0,0,0,-1,-1,0,Crysis
192.168.1.4-192.168.1.5-3702-56325-17,192.168.1.4,3702,192.168.1.5,56325,17,1970-01-01 00:20:34.839874,29791697,4,0,4944.0,0.0,1236.0,1236.0,1236.0,0.0,0,0,0,0,165.95227858285483,0.13426559755894402,9930565.666666668,1.70339496521289E7,2.9599659E7,73296.0,2.9791697E7,9930565.666666668,1.70339496521289E7,2.9599659E7,73296.0,0,0,0,0,0,0,0,0,0,0,0,32,0,0.13426559755894402,0.0,1236.0,1236.0,1236.0,0.0,0.0,0,0,0,0,0,0,0,0,0.0,1236.0,1236.0,0.0,0,0,0,0,0,0,1,1236,0,0,0,0,3,8,118742.0,0.0,118742.0,118742.0,2.9599659E7,0.0,2.9599659E7,2.9599659E7,-1,-1,0,Crysis
192.168.1.5-192.168.1.4-49250-2869-6,192.168.1.5,49250,192.168.1.4,2869,6,1970-01-01 00:00:22.271401,60009725,6,6,235.0,5876.0,235.0,0.0,39.166666666666664,95.93834825900781,1460.0,0.0,979.3333333333334,685.4113120358218,101.83349448776843,0.19996758858668323,5455429.545454545,1.809235222739315E7,6.0005924E7,0.0,6.0009725E7,1.2001945E7,2.6835040064469233E7,6.0005924E7,284.0,2805.0,561.0,952.8753853468984,2247.0,0.0,1,2,0,0,1,0,128,128,0.09998379429334162,0.09998379429334162,0.0,1460.0,509.25000000000006,677.3413433820095,458791.29545454535,0,2,1,3,11,0,0,0,1.0,509.25,39.166666666666664,979.3333333333334,0,0,0,5876,5,10530465,0,19,0,489,8192,64240,1,20,3801.0,0.0,3801.0,3801.0,6.0005924E7,0.0,6.0005924E7,6.0005924E7,-1,-1,60009725,Crysis
192.168.1.4-224.0.0.252-57072-5355-17,192.168.1.4,57072,224.0.0.252,5355,17,1970-01-01 00:00:20.614647,47564,2,0,42.0,0.0,21.0,21.0,21.0,0.0,0,0,0,0,883.0207720124464,42.04860819106887,47564.0,0.0,47564.0,47564.0,47564.0,47564.0,0.0,47564.0,47564.0,0,0,0,0,0,0,0,0,0,0,0,16,0,42.04860819106887,0.0,21.0,21.0,21.0,0.0,0.0,0,0,0,0,0,0,0,0,0.0,21.0,21.0,0.0,0,0,0,0,0,0,1,21,0,0,0,0,1,8,0,0,0,0,0,0,0,0,-1,-1,0,Crysis
192.168.1.4-192.168.1.5-49266-139-6,192.168.1.4,49266,192.168.1.5,139,6,1970-01-01 00:09:23.601717,64424510,3868,3519,4266794.0,3731817.0,1460.0,0.0,1103.1008273009322,594.0286494597196,1460.0,0.0,1060.4765558397257,615.823146033347,124154.78208526538,114.66132998139994,8722.5169239101,703529.8385509397,6.0460382E7,0.0,6.442234E7,16659.513835014222,972308.1873431822,6.0460529E7,0.0,6.442451E7,18312.82262649232,1019380.7676181355,6.0460514E7,0.0,697,851,0,0,0,1,77360,70380,60.03926145499594,54.62206852640401,0.0,1460.0,1082.795586841747,604.8428049969551,365834.81875658466,1,0,1,1548,7386,0,0,0,0.9097724922440538,1082.7955868417491,1103.1008273009306,1060.476555839727,94484,67,31251875,51425,38,7669283,0,577,0,505,0,0,3470,0,3963996.0,0.0,3963996.0,3963996.0,6.0460382E7,0.0,6.0460382E7,6.0460382E7,-1,-1,545485454,Crysis
192.168.1.5-192.168.1.4-49253-445-6,192.168.1.5,49253,192.168.1.4,445,6,1970-01-01 00:02:35.849659,21479789,18,13,1455.0,1212.0,238.0,0.0,80.83333333333333,75.57641244228954,223.0,0.0,93.23076923076921,64.1939169575979,124.1632308399305,1.4432171563696459,715992.9666666666,2868081.0578726493,1.5673184E7,145.0,2.1479789E7,1263516.9999999998,3768147.6488377214,1.5673184E7,389.0,2.1479116E7,1789926.3333333335,4509151.459696811,1.5879812E7,462.0,11,11,0,0,1,0,372,272,0.8379970585372137,0.6052200978324321,0.0,238.0,86.03225806451613,70.1690738483214,4923.698924731182,0,2,1,22,30,0,0,0,0.7222222222222222,86.03225806451613,80.83333333333333,93.23076923076923,0,0,0,0,0,0,0,46,0,39,8192,251,11,20,5805401.0,0.0,5805401.0,5805401.0,1.5673184E7,0.0,1.5673184E7,1.5673184E7,-1,-1,21479789,Crysis
192.168.1.4-224.0.0.252-61933-5355-17,192.168.1.4,61933,224.0.0.252,5355,17,1970-01-01 00:20:21.651203,105158,2,0,42.0,0.0,21.0,21.0,21.0,0.0,0,0,0,0,399.398999600601,19.018999980981,105158.0,0.0,105158.0,105158.0,105158.0,105158.0,0.0,105158.0,105158.0,0,0,0,0,0,0,0,0,0,0,0,16,0,19.018999980981,0.0,21.0,21.0,21.0,0.0,0.0,0,0,0,0,0,0,0,0,0.0,21.0,21.0,0.0,0,0,0,0,0,0,1,21,0,0,0,0,1,8,0,0,0,0,0,0,0,0,-1,-1,0,Crysis
192.168.1.5-224.0.0.252-57526-5355-17,192.168.1.5,57526,224.0.0.252,5355,17,1970-01-01 00:09:47.846104,105870,2,0,48.0,0.0,24.0,24.0,24.0,0.0,0,0,0,0,453.38622839331254,18.891092849721357,105870.0,0.0,105870.0,105870.0,105870.0,105870.0,0.0,105870.0,105870.0,0,0,0,0,0,0,0,0,0,0,0,16,0,18.891092849721357,0.0,24.0,24.0,24.0,0.0,0.0,0,0,0,0,0,0,0,0,0.0,24.0,24.0,0.0,0,0,0,0,0,0,1,24,0,0,0,0,1,8,0,0,0,0,0,0,0,0,-1,-1,0,Crysis
192.168.1.4-224.0.0.252-64511-5355-17,192.168.1.4,64511,224.0.0.252,5355,17,1970-01-01 00:10:21.152503,104991,2,0,42.0,0.0,21.0,21.0,21.0,0.0,0,0,0,0,400.0342886533131,19.04925184063396,104991.0,0.0,104991.0,104991.0,104991.0,104991.0,0.0,104991.0,104991.0,0,0,0,0,0,0,0,0,0,0,0,16,0,19.04925184063396,0.0,21.0,21.0,21.0,0.0,0.0,0,0,0,0,0,0,0,0,0.0,21.0,21.0,0.0,0,0,0,0,0,0,1,21,0,0,0,0,1,8,0,0,0,0,0,0,0,0,-1,-1,0,Crysis
134.221.96.0-0.0.0.136-0-0-0,134.221.96.0,0,0.0.0.136,0,0,1970-01-01 00:20:42.666613,66361995,24,0,0.0,0.0,0.0,0.0,0.0,0.0,0,0,0,0,0.0,0.361652780330067,2885304.1304347827,3391714.4508241136,9265454.0,125.0,6.6361995E7,2885304.1304347827,3391714.4508241136,9265454.0,125.0,0,0,0,0,0,0,0,0,0,0,0,0,0,0.361652780330067,0.0,0.0,0.0,0.0,0.0,0.0,0,0,0,0,0,0,0,0,0.0,0.0,0.0,0.0,0,0,0,0,0,0,1,0,0,0,0,0,0,0,2668172.0,705088.6117113223,3025685.0,1408289.0,7574425.857142857,946606.5570785694,9265454.0,6968699.0,-1,-1,0,Crysis
192.168.1.5-239.255.255.250-56119-3702-17,192.168.1.5,56119,239.255.255.250,3702,17,1970-01-01 00:09:39.321550,162185,2,0,1248.0,0.0,624.0,624.0,624.0,0.0,0,0,0,0,7694.91629928785,12.331596633474119,162185.0,0.0,162185.0,162185.0,162185.0,162185.0,0.0,162185.0,162185.0,0,0,0,0,0,0,0,0,0,0,0,16,0,12.331596633474119,0.0,624.0,624.0,624.0,0.0,0.0,0,0,0,0,0,0,0,0,0.0,624.0,624.0,0.0,0,0,0,0,0,0,1,624,0,0,0,0,1,8,0,0,0,0,0,0,0,0,-1,-1,0,Crysis
192.168.1.4-192.168.1.5-49253-5357-6,192.168.1.4,49253,192.168.1.5,5357,6,1970-01-01 00:00:22.045210,7502,8,12,952.0,13081.0,733.0,0.0,119.00000000000003,259.65966736700346,1460.0,0.0,1090.0833333333335,657.5589096780376,1870567.8485737136,2665.955745134631,394.8421052631579,798.2629240459768,3266.0,13.0,6845.0,977.8571428571429,1271.4995646311258,3594.0,196.0,7157.0,650.6363636363636,1123.1172042780995,3266.0,13.0,2,1,0,0,0,0,172,252,1066.3822980538523,1599.5734470807784,0.0,1460.0,701.6500000000001,716.519237997873,513399.81842105265,2,2,0,3,19,0,0,0,1.5,701.65,119.0,1090.0833333333333,0,0,0,13081,9,17302910,0,47,0,654,8192,256,2,20,0,0,0,0,0,0,0,0,-1,-1,7502,Crysis
192.168.1.4-8.8.8.8-53489-53-17,192.168.1.4,53489,8.8.8.8,53,17,1970-01-01 00:16:47.290900,18313,1,1,34.0,62.0,34.0,34.0,34.0,0.0,62.0,62.0,62.0,0.0,5242.177687981216,109.21203516627533,18313.0,0.0,18313.0,18313.0,0,0,0,0,0,0,0,0,0,0,0,0,0,0,0,0,8,8,54.606017583137664,54.606017583137664,34.0,62.0,48.0,19.79898987322333,392.0,0,0,0,0,0,0,0,0,1.0,48.0,34.0,62.0,0,0,0,0,0,0,0,17,0,31,0,0,0,8,0,0,0,0,0,0,0,0,-1,-1,0,Crysis
134.221.96.0-0.0.5.180-0-0-0,134.221.96.0,0,0.0.5.180,0,0,1970-01-01 00:20:41.414583,111149,6,0,0.0,0.0,0.0,0.0,0.0,0.0,0,0,0,0,0.0,53.981592277033535,22229.8,49285.52184668434,110394.0,37.0,111149.0,22229.8,49285.52184668434,110394.0,37.0,0,0,0,0,0,0,0,0,0,0,0,0,0,53.981592277033535,0.0,0.0,0.0,0.0,0.0,0.0,0,0,0,0,0,0,0,0,0.0,0.0,0.0,0.0,0,0,0,0,0,0,1,0,0,0,0,0,0,0,0,0,0,0,0,0,0,0,-1,-1,0,Crysis
192.168.1.5-192.168.1.4-49254-445-6,192.168.1.5,49254,192.168.1.4,445,6,1970-01-01 00:10:27.576505,330,1,1,0.0,1.0,0.0,0.0,0.0,0.0,1.0,1.0,1.0,0.0,3030.3030303030305,6060.606060606061,330.0,0.0,330.0,330.0,0,0,0,0,0,0,0,0,0,0,0,0,0,0,1,0,20,20,3030.3030303030305,3030.3030303030305,0.0,1.0,0.5,0.7071067811865476,0.5,0,0,1,0,1,0,0,0,1.0,0.5,0.0,1.0,0,0,0,0,0,0,0,0,0,0,0,64076,0,0,0,0,0,0,0,0,0,0,-1,-1,260165199,Crysis
192.168.1.4-192.168.1.5-49272-445-6,192.168.1.4,49272,192.168.1.5,445,6,1970-01-01 00:10:28.044775,95949018,11787,9316,1.3158911E7,8694503.0,1460.0,0.0,1116.3918724017976,581.8377017938012,1460.0,0.0,933.2871404036109,664.4503881351972,227760.68432508607,219.93971840337127,4546.915837361389,306221.8944149549,3.5222221E7,0.0,9.5949018E7,8140.931444086213,411353.08221308683,3.5222221E7,0.0,6.0522541E7,6497.320558239401,281699.0899002018,2.4309592E7,0.0,2237,2458,0,0,1,0,235764,188780,122.84648916365148,97.09322923971979,0.0,1460.0,1035.5595886840765,626.2869837172964,392235.3859737091,0,2,1,4695,21102,0,0,0,0.7903622635106473,1035.5595886840733,1116.3918724017985,933.2871404036067,85816,61,24038902,51267,38,2273151,0,623,0,412,8192,984,10754,20,5287942.0,5845413.143810966,1.0718887E7,205684.0,1.86993125E7,1.3696434475331856E7,3.5222221E7,5048516.0,-1,-1,95949018,Crysis
192.168.1.5-239.255.255.250-59586-3702-17,192.168.1.5,59586,239.255.255.250,3702,17,1970-01-01 00:20:28.880392,34749373,8,0,7912.0,0.0,989.0,989.0,989.0,0.0,0,0,0,0,227.6875614417561,0.2302199812353449,4964196.142857143,1.1823889967570592E7,3.1708573E7,3198.0,3.4749373E7,4964196.142857143,1.1823889967570592E7,3.1708573E7,3198.0,0,0,0,0,0,0,0,0,0,0,0,64,0,0.2302199812353449,0.0,989.0,989.0,989.0,0.0,0.0,0,0,0,0,0,0,0,0,0.0,989.0,989.0,0.0,3956,4,13126,0,0,0,1,989,0,0,0,0,7,8,2739421.0,0.0,2739421.0,2739421.0,3.1708573E7,0.0,3.1708573E7,3.1708573E7,-1,-1,0,Crysis
192.168.1.5-192.168.1.4-3702-65004-17,192.168.1.5,3702,192.168.1.4,65004,17,1970-01-01 00:20:29.277037,36715922,6,0,7406.0,0.0,1235.0,1234.0,1234.3333333333335,0.5163977794943104,0,0,0,0,201.71085448977695,0.16341684133657328,7343184.4,1.4833477672858557E7,3.3813555E7,104672.0,3.6715922E7,7343184.4,1.4833477672858557E7,3.3813555E7,104672.0,0,0,0,0,0,0,0,0,0,0,0,48,0,0.16341684133657328,0.0,1234.0,1235.0,1234.3333333333335,0.5163977794943104,0.2666666666666545,0,0,0,0,0,0,0,0,0.0,1234.3333333333333,1234.3333333333333,0.0,0,0,0,0,0,0,1,1234,0,0,0,0,5,8,2753250.0,0.0,2753250.0,2753250.0,3.3813555E7,0.0,3.3813555E7,3.3813555E7,-1,-1,0,Crysis
192.168.1.5-224.0.0.252-53401-5355-17,192.168.1.5,53401,224.0.0.252,5355,17,1970-01-01 00:20:31.465799,98930,2,0,48.0,0.0,24.0,24.0,24.0,0.0,0,0,0,0,485.19154958051143,20.216314565854645,98930.0,0.0,98930.0,98930.0,98930.0,98930.0,0.0,98930.0,98930.0,0,0,0,0,0,0,0,0,0,0,0,16,0,20.216314565854645,0.0,24.0,24.0,24.0,0.0,0.0,0,0,0,0,0,0,0,0,0.0,24.0,24.0,0.0,0,0,0,0,0,0,1,24,0,0,0,0,1,8,0,0,0,0,0,0,0,0,-1,-1,0,Crysis
192.168.1.4-192.168.1.5-49260-139-6,192.168.1.4,49260,192.168.1.5,139,6,1970-01-01 00:00:26.844499,13140764,13,11,973.0,1006.0,214.0,0.0,74.84615384615384,69.27102106201669,334.0,0.0,91.45454545454545,103.16817691164619,150.60007165489006,1.8263778270426285,571337.5652173915,2690402.979082482,1.2911522E7,82.0,1.3140764E7,1095063.6666666665,3721687.765477679,1.2911522E7,256.0,1.3140481E7,1314048.1,4148092.207182008,1.3119724E7,272.0,9,9,0,0,0,0,272,232,0.9892879896480904,0.837089837394538,0.0,334.0,82.45833333333333,84.8686858657521,7202.693840579711,2,2,0,18,23,0,0,0,0.8461538461538461,82.45833333333333,74.84615384615384,91.45454545454545,0,0,0,0,0,0,0,40,0,41,8192,253,9,20,223852.0,0.0,223852.0,223852.0,1.2911522E7,0.0,1.2911522E7,1.2911522E7,-1,-1,13140764,Crysis
192.168.1.5-239.255.255.250-1900-1900-17,192.168.1.5,1900,239.255.255.250,1900,17,1970-01-01 00:14:17.202672,8453923,18,0,8607.0,0.0,513.0,433.0,478.1666666666667,30.860692684079158,0,0,0,0,1018.1072148397851,2.129189016744061,497289.5882352941,403557.4593598876,1297378.0,124253.0,8453923.0,497289.5882352941,403557.4593598876,1297378.0,124253.0,0,0,0,0,0,0,0,0,0,0,0,144,0,2.129189016744061,0.0,433.0,513.0,478.1666666666667,30.860692684079158,952.3823529411769,0,0,0,0,0,0,0,0,0.0,478.1666666666667,478.1666666666667,0.0,2707,5,1779,0,0,0,1,478,0,0,0,0,17,8,0,0,0,0,0,0,0,0,-1,-1,0,Crysis
192.168.1.4-192.168.1.5-3702-49901-17,192.168.1.4,3702,192.168.1.5,49901,17,1970-01-01 00:09:34.117065,216325,2,0,2472.0,0.0,1236.0,1236.0,1236.0,0.0,0,0,0,0,11427.25066450942,9.24534843406911,216325.0,0.0,216325.0,216325.0,216325.0,216325.0,0.0,216325.0,216325.0,0,0,0,0,0,0,0,0,0,0,0,16,0,9.24534843406911,0.0,1236.0,1236.0,1236.0,0.0,0.0,0,0,0,0,0,0,0,0,0.0,1236.0,1236.0,0.0,0,0,0,0,0,0,1,1236,0,0,0,0,1,8,0,0,0,0,0,0,0,0,-1,-1,0,Crysis
192.168.1.4-8.8.8.8-56158-53-17,192.168.1.4,56158,8.8.8.8,53,17,1970-01-01 00:16:47.271825,18379,1,1,34.0,50.0,34.0,34.0,34.0,0.0,50.0,50.0,50.0,0.0,4570.43364709723,108.81984874041025,18379.0,0.0,18379.0,18379.0,0,0,0,0,0,0,0,0,0,0,0,0,0,0,0,0,8,8,54.409924370205125,54.409924370205125,34.0,50.0,42.0,11.313708498984761,128.0,0,0,0,0,0,0,0,0,1.0,42.0,34.0,50.0,0,0,0,0,0,0,0,17,0,25,0,0,0,8,0,0,0,0,0,0,0,0,-1,-1,0,Crysis
192.168.1.5-239.255.255.250-62296-3702-17,192.168.1.5,62296,239.255.255.250,3702,17,1970-01-01 00:09:33.973655,14163987,4,0,3964.0,0.0,991.0,991.0,991.0,0.0,0,0,0,0,279.8647019373853,0.2824063591699145,4721329.0,7918817.026614013,1.3864945E7,91401.0,1.4163987E7,4721329.0,7918817.026614013,1.3864945E7,91401.0,0,0,0,0,0,0,0,0,0,0,0,32,0,0.2824063591699145,0.0,991.0,991.0,991.0,0.0,0.0,0,0,0,0,0,0,0,0,0.0,991.0,991.0,0.0,0,0,0,0,0,0,1,991,0,0,0,0,3,8,91401.0,0.0,91401.0,91401.0,1.3864945E7,0.0,1.3864945E7,1.3864945E7,-1,-1,0,Crysis
8.6.0.1-8.0.6.4-0-0-0,8.6.0.1,0,8.0.6.4,0,0,1970-01-01 00:19:16.818368,75000467,5,0,0.0,0.0,0.0,0.0,0.0,0.0,0,0,0,0,0.0,0.0666662515581403,1.875011675E7,3.032438904631072E7,6.3993985E7,527001.0,7.5000467E7,1.875011675E7,3.032438904631072E7,6.3993985E7,527001.0,0,0,0,0,0,0,0,0,0,0,0,0,0,0.0666662515581403,0.0,0.0,0.0,0.0,0.0,0.0,0,0,0,0,0,0,0,0,0.0,0.0,0.0,0.0,0,0,0,0,0,0,1,0,0,0,0,0,0,0,527001.0,0.0,527001.0,527001.0,3.59657335E7,3.9637933400904045E7,6.3993985E7,7937482.0,-1,-1,0,Crysis
134.221.96.0-0.0.1.214-0-0-0,134.221.96.0,0,0.0.1.214,0,0,1970-01-01 00:20:41.256517,6827220,3,0,0.0,0.0,0.0,0.0,0.0,0.0,0,0,0,0,0.0,0.4394175081511948,3413610.0,122671.71282736701,3500352.0,3326868.0,6827220.0,3413610.0,122671.71282736701,3500352.0,3326868.0,0,0,0,0,0,0,0,0,0,0,0,0,0,0.4394175081511948,0.0,0.0,0.0,0.0,0.0,0.0,0,0,0,0,0,0,0,0,0.0,0.0,0.0,0.0,0,0,0,0,0,0,1,0,0,0,0,0,0,0,0,0,0,0,0,0,0,0,-1,-1,0,Crysis
134.221.96.0-0.0.0.42-0-0-0,134.221.96.0,0,0.0.0.42,0,0,1970-01-01 00:20:42.707917,41669035,13,0,0.0,0.0,0.0,0.0,0.0,0.0,0,0,0,0,0.0,0.3119822669279478,3472419.5833333335,7770718.730012832,2.4365112E7,269.0,4.1669035E7,3472419.5833333335,7770718.730012832,2.4365112E7,269.0,0,0,0,0,0,0,0,0,0,0,0,0,0,0.3119822669279478,0.0,0.0,0.0,0.0,0.0,0.0,0,0,0,0,0,0,0,0,0.0,0.0,0.0,0.0,0,0,0,0,0,0,1,0,0,0,0,0,0,0,2910021.0,0.0,2910021.0,2910021.0,1.9376006E7,7055661.369316983,2.4365112E7,1.43869E7,-1,-1,0,Crysis
