Flow ID,Src IP,Src Port,Dst IP,Dst Port,Protocol,Timestamp,Flow Duration,Total Fwd Packet,Total Bwd packets,Total Length of Fwd Packet,Total Length of Bwd Packet,Fwd Packet Length Max,Fwd Packet Length Min,Fwd Packet Length Mean,Fwd Packet Length Std,Bwd Packet Length Max,Bwd Packet Length Min,Bwd Packet Length Mean,Bwd Packet Length Std,Flow Bytes/s,Flow Packets/s,Flow IAT Mean,Flow IAT Std,Flow IAT Max,Flow IAT Min,Fwd IAT Total,Fwd IAT Mean,Fwd IAT Std,Fwd IAT Max,Fwd IAT Min,Bwd IAT Total,Bwd IAT Mean,Bwd IAT Std,Bwd IAT Max,Bwd IAT Min,Fwd PSH Flags,Bwd PSH Flags,Fwd URG Flags,Bwd URG Flags,Fwd RST Flags,Bwd RST Flags,Fwd Header Length,Bwd Header Length,Fwd Packets/s,Bwd Packets/s,Packet Length Min,Packet Length Max,Packet Length Mean,Packet Length Std,Packet Length Variance,FIN Flag Count,SYN Flag Count,RST Flag Count,PSH Flag Count,ACK Flag Count,URG Flag Count,CWR Flag Count,ECE Flag Count,Down/Up Ratio,Average Packet Size,Fwd Segment Size Avg,Bwd Segment Size Avg,Fwd Bytes/Bulk Avg,Fwd Packet/Bulk Avg,Fwd Bulk Rate Avg,Bwd Bytes/Bulk Avg,Bwd Packet/Bulk Avg,Bwd Bulk Rate Avg,Subflow Fwd Packets,Subflow Fwd Bytes,Subflow Bwd Packets,Subflow Bwd Bytes,FWD Init Win Bytes,Bwd Init Win Bytes,Fwd Act Data Pkts,Fwd Seg Size Min,Active Mean,Active Std,Active Max,Active Min,Idle Mean,Idle Std,Idle Max,Idle Min,Total TCP Flow Time,Label
134.221.96.0-0.0.1.146-0-0-0,134.221.96.0,0,0.0.1.146,0,0,1970-01-01 00:00:17.305488,118699986,71,0,0.0,0.0,0.0,0.0,0.0,0.0,0,0,0,0,0.0,0.5981466585851156,1695714.0857142855,1110565.5431691161,4468857.0,77073.0,1.18699986E8,1695714.0857142855,1110565.5431691161,4468857.0,77073.0,0,0,0,0,0,0,0,0,0,0,0,0,0,0.5981466585851156,0.0,0.0,0.0,0.0,0.0,0.0,0,0,0,0,0,0,0,0,0.0,0.0,0.0,0.0,0,0,0,0,0,0,1,0,0,0,0,0,0,0,0,0,0,0,0,0,0,0,0,1
134.221.96.0-0.0.0.32-0-0-0,134.221.96.0,0,0.0.0.32,0,0,1970-01-01 00:00:15.800906,99014802,16,0,0.0,0.0,0.0,0.0,0.0,0.0,0,0,0,0,0.0,0.161592001163624,6600986.8,8941091.032181414,2.4499961E7,125.0,9.9014802E7,6600986.8,8941091.032181414,2.4499961E7,125.0,0,0,0,0,0,0,0,0,0,0,0,0,0,0.161592001163624,0.0,0.0,0.0,0.0,0.0,0.0,0,0,0,0,0,0,0,0,0.0,0.0,0.0,0.0,0,0,0,0,0,0,1,0,0,0,0,0,0,0,704533.3333333334,1724994.2124701366,4225663.0,125.0,1.57979015E7,7179715.98570926,2.4499961E7,6045385.0,0,1
134.221.96.0-0.0.0.104-0-0-0,134.221.96.0,0,0.0.0.104,0,0,1970-01-01 00:00:17.308024,114097780,26,0,0.0,0.0,0.0,0.0,0.0,0.0,0,0,0,0,0.0,0.22787472289119035,4563911.200000001,3804178.0200489215,8998081.0,1000727.0,1.1409778E8,4563911.200000001,3804178.0200489215,8998081.0,1000727.0,0,0,0,0,0,0,0,0,0,0,0,0,0,0.22787472289119035,0.0,0.0,0.0,0.0,0.0,0.0,0,0,0,0,0,0,0,0,0.0,0.0,0.0,0.0,0,0,0,0,0,0,1,0,0,0,0,0,0,0,1546700.4545454546,1496856.3547906235,6056718.0,1000727.0,8724508.0,598975.7989224605,8998081.0,6926513.0,0,1
134.221.96.0-0.0.0.128-0-0-0,134.221.96.0,0,0.0.0.128,0,0,1970-01-01 00:00:20.291710,111115487,24,0,0.0,0.0,0.0,0.0,0.0,0.0,0,0,0,0,0.0,0.21599149360700728,4831108.130434783,3854600.9759830385,8997871.0,1000546.0,1.11115487E8,4831108.130434783,3854600.9759830385,8997871.0,1000546.0,0,0,0,0,0,0,0,0,0,0,0,0,0,0.21599149360700728,0.0,0.0,0.0,0.0,0.0,0.0,0,0,0,0,0,0,0,0,0.0,0.0,0.0,0.0,0,0,0,0,0,0,1,0,0,0,0,0,0,0,1275107.5454545454,599322.4364108795,3074215.0,1000546.0,8724981.454545453,599048.8144616205,8997871.0,6926707.0,0,1
134.221.96.0-0.0.0.116-0-0-0,134.221.96.0,0,0.0.0.116,0,0,1970-01-01 00:00:20.292453,111115205,24,0,0.0,0.0,0.0,0.0,0.0,0.0,0,0,0,0,0.0,0.21599204177322087,4831095.869565218,3851212.831681791,8997637.0,1000453.0,1.11115205E8,4831095.869565218,3851212.831681791,8997637.0,1000453.0,0,0,0,0,0,0,0,0,0,0,0,0,0,0.21599204177322087,0.0,0.0,0.0,0.0,0.0,0.0,0,0,0,0,0,0,0,0,0.0,0.0,0.0,0.0,0,0,0,0,0,0,1,0,0,0,0,0,0,0,1278561.1818181819,598944.8981769221,3074035.0,1000453.0,8721515.272727273,598708.2850323837,8997637.0,6926768.0,0,1
134.221.96.0-0.0.0.28-0-0-0,134.221.96.0,0,0.0.0.28,0,0,1970-01-01 00:00:15.833806,115574341,31,0,0.0,0.0,0.0,0.0,0.0,0.0,0,0,0,0,0.0,0.26822562630921687,3852478.0333333337,3842388.0855832575,8997561.0,404.0,1.15574341E8,3852478.0333333337,3842388.0855832575,8997561.0,404.0,0,0,0,0,0,0,0,0,0,0,0,0,0,0.26822562630921687,0.0,0.0,0.0,0.0,0.0,0.0,0,0,0,0,0,0,0,0,0.0,0.0,0.0,0.0,0,0,0,0,0,0,1,0,0,0,0,0,0,0,1683905.727272727,1941057.3526207355,7533192.0,1000667.0,8721545.363636365,598792.1242146178,8997561.0,6926580.0,0,1
134.221.96.0-0.0.0.136-0-0-0,134.221.96.0,0,0.0.0.136,0,0,1970-01-01 00:00:18.808972,112599512,49,0,0.0,0.0,0.0,0.0,0.0,0.0,0,0,0,0,0.0,0.43517062489578107,2345823.1666666665,3576326.6489093415,8997371.0,131.0,1.12599512E8,2345823.1666666665,3576326.6489093415,8997371.0,131.0,0,0,0,0,0,0,0,0,0,0,0,0,0,0.43517062489578107,0.0,0.0,0.0,0.0,0.0,0.0,0,0,0,0,0,0,0,0,0.0,0.0,0.0,0.0,0,0,0,0,0,0,1,0,0,0,0,0,0,0,1413651.2727272727,1045003.3407379223,4558467.0,1000893.0,8721353.454545455,598797.0386518894,8997371.0,6926342.0,0,1
134.221.96.0-0.0.0.194-0-0-0,134.221.96.0,0,0.0.0.194,0,0,1970-01-01 00:00:18.814941,102622736,22,0,0.0,0.0,0.0,0.0,0.0,0.0,0,0,0,0,0.0,0.21437744555943236,4886796.9523809515,1.0853681859414866E7,2.999418E7,199.0,1.02622736E8,4886796.9523809515,1.0853681859414866E7,2.999418E7,199.0,0,0,0,0,0,0,0,0,0,0,0,0,0,0.21437744555943236,0.0,0.0,0.0,0.0,0.0,0.0,0,0,0,0,0,0,0,0,0.0,0.0,0.0,0.0,0,0,0,0,0,0,1,0,0,0,0,0,0,0,7297.25,1438.916114071051,8623.0,5250.0,2.5646255E7,8691430.810021289,2.999418E7,1.2609109E7,0,1
134.221.96.0-0.0.0.42-0-0-0,134.221.96.0,0,0.0.0.42,0,0,1970-01-01 00:00:18.817724,102620308,22,0,0.0,0.0,0.0,0.0,0.0,0.0,0,0,0,0,0.0,0.21438251773713252,4886681.333333333,1.0853864751381004E7,2.9994497E7,120.0,1.02620308E8,4886681.333333333,1.0853864751381004E7,2.9994497E7,120.0,0,0,0,0,0,0,0,0,0,0,0,0,0,0.21438251773713252,0.0,0.0,0.0,0.0,0.0,0.0,0,0,0,0,0,0,0,0,0.0,0.0,0.0,0.0,0,0,0,0,0,0,1,0,0,0,0,0,0,0,6436.25,2461.5570106472583,8048.0,2767.0,2.564657275E7,8691248.654447928,2.9994497E7,1.26097E7,0,1
192.168.1.4-192.168.1.5-49245-445-6,192.168.1.4,49245,192.168.1.5,445,6,1970-01-01 00:00:19.567480,14093287,27,24,3675.0,2496.0,513.0,0.0,136.11111111111111,140.78825708607,380.0,0.0,103.99999999999999,89.62821760642319,437.8680431328759,3.618744158122942,281865.74,1899375.4866951078,1.3440795E7,43.0,1.4093287E7,542049.5,2631488.8697034344,1.3440795E7,114.0,1.3877755E7,603380.652173913,2841741.8745568325,1.3639151E7,43.0,19,19,0,0,0,0,548,488,1.9158057307709693,1.7029384273519725,0.0,513.0,121.0,119.43366359615699,14264.399999999996,0,2,0,38,50,0,0,0,0.8888888888888888,121.0,136.11111111111111,104.0,820,5,619803,385,5,827956,0,72,0,48,8192,63768,19,20,436826.0,0.0,436826.0,436826.0,1.3440795E7,0.0,1.3440795E7,1.3440795E7,14093287,1
192.168.1.4-192.168.1.5-49266-139-6,192.168.1.4,49266,192.168.1.5,139,6,1970-01-01 00:00:52.655608,119992414,98273,108518,9.0568895E7,1.02820273E8,1460.0,0.0,921.6050695511441,641.1964180827412,1460.0,0.0,947.4950975875097,630.9149709227089,1611678.2849289123,1723.3672788681458,580.2621693505471,9957.598730394815,2086675.0,0.0,1.19992156E8,1221.02079941387,16370.649490448219,2294416.0,0.0,1.19991821E8,1105.7421509993912,14241.704867662485,2086675.0,0.0,34468,35653,0,0,0,0,1965472,2175160,818.9934407020097,904.3738381661361,0.0,1460.0,935.1914154871353,635.9516410345341,404434.4897345168,0,2,0,70121,206790,0,0,0,1.104250404485464,935.1914154871343,921.6050695511483,947.495097587497,55843,38,77036514,29778,21,33189765,0,437,0,497,8192,251,90204,20,0,0,0,0,0,0,0,0,119992414,1
134.221.96.0-0.0.1.146-0-0-0,134.221.96.0,0,0.0.1.146,0,0,1970-01-01 00:02:18.067175,119734715,73,0,0.0,0.0,0.0,0.0,0.0,0.0,0,0,0,0,0.0,0.60968116055565,1662982.152777778,985157.7913977724,4266775.0,108443.0,1.19734715E8,1662982.152777778,985157.7913977724,4266775.0,108443.0,0,0,0,0,0,0,0,0,0,0,0,0,0,0.60968116055565,0.0,0.0,0.0,0.0,0.0,0.0,0,0,0,0,0,0,0,0,0.0,0.0,0.0,0.0,0,0,0,0,0,0,1,0,0,0,0,0,0,0,0,0,0,0,0,0,0,0,0,1
134.221.96.0-0.0.0.104-0-0-0,134.221.96.0,0,0.0.0.104,0,0,1970-01-01 00:02:20.293521,119996028,25,0,0.0,0.0,0.0,0.0,0.0,0.0,0,0,0,0,0.0,0.2083402293949263,4999834.500000001,3973773.770646082,8892700.0,1106489.0,1.19996028E8,4999834.500000001,3973773.770646082,8892700.0,1106489.0,0,0,0,0,0,0,0,0,0,0,0,0,0,0.2083402293949263,0.0,0.0,0.0,0.0,0.0,0.0,0,0,0,0,0,0,0,0,0.0,0.0,0.0,0.0,0,0,0,0,0,0,1,0,0,0,0,0,0,0,1109728.9166666665,1617.0264212343966,1112044.0,1106489.0,8889940.083333332,2131.9272739740313,8892700.0,8885516.0,0,1
134.221.96.0-0.0.0.128-0-0-0,134.221.96.0,0,0.0.0.128,0,0,1970-01-01 00:02:20.294902,119995748,25,0,0.0,0.0,0.0,0.0,0.0,0.0,0,0,0,0,0.0,0.20834071553935393,4999822.833333334,3973961.211509391,8893272.0,1106190.0,1.19995748E8,4999822.833333334,3973961.211509391,8893272.0,1106190.0,0,0,0,0,0,0,0,0,0,0,0,0,0,0.20834071553935393,0.0,0.0,0.0,0.0,0.0,0.0,0,0,0,0,0,0,0,0,0.0,0.0,0.0,0.0,0,0,0,0,0,0,1,0,0,0,0,0,0,0,1109533.8333333333,1733.3323047782728,1111867.0,1106190.0,8890111.833333334,2339.5806474798405,8893272.0,8885318.0,0,1
134.221.96.0-0.0.0.116-0-0-0,134.221.96.0,0,0.0.0.116,0,0,1970-01-01 00:02:20.295455,119995647,25,0,0.0,0.0,0.0,0.0,0.0,0.0,0,0,0,0,0.0,0.2083408908991507,4999818.625000001,3974041.2225834974,8893489.0,1106115.0,1.19995647E8,4999818.625000001,3974041.2225834974,8893489.0,1106115.0,0,0,0,0,0,0,0,0,0,0,0,0,0,0.2083408908991507,0.0,0.0,0.0,0.0,0.0,0.0,0,0,0,0,0,0,0,0,0.0,0.0,0.0,0.0,0,0,0,0,0,0,1,0,0,0,0,0,0,0,1109451.3333333333,1777.7288029870865,1111983.0,1106115.0,8890185.916666668,2430.694717690638,8893489.0,8885260.0,0,1
134.221.96.0-0.0.0.28-0-0-0,134.221.96.0,0,0.0.0.28,0,0,1970-01-01 00:02:20.295913,119995528,25,0,0.0,0.0,0.0,0.0,0.0,0.0,0,0,0,0,0.0,0.20834109751156726,4999813.666666668,3973996.6174719604,8893794.0,1106049.0,1.19995528E8,4999813.666666668,3973996.6174719604,8893794.0,1106049.0,0,0,0,0,0,0,0,0,0,0,0,0,0,0.20834109751156726,0.0,0.0,0.0,0.0,0.0,0.0,0,0,0,0,0,0,0,0,0.0,0.0,0.0,0.0,0,0,0,0,0,0,1,0,0,0,0,0,0,0,1109490.0833333335,1869.1161965112294,1112060.0,1106049.0,8890137.25,2508.859035316845,8893794.0,8885039.0,0,1
134.221.96.0-0.0.0.136-0-0-0,134.221.96.0,0,0.0.0.136,0,0,1970-01-01 00:02:20.296098,119995658,50,0,0.0,0.0,0.0,0.0,0.0,0.0,0,0,0,0,0.0,0.4166817436010893,2448890.9795918367,3734083.8219750854,8893657.0,129.0,1.19995658E8,2448890.9795918367,3734083.8219750854,8893657.0,129.0,0,0,0,0,0,0,0,0,0,0,0,0,0,0.4166817436010893,0.0,0.0,0.0,0.0,0.0,0.0,0,0,0,0,0,0,0,0,0.0,0.0,0.0,0.0,0,0,0,0,0,0,1,0,0,0,0,0,0,0,1109694.5,1859.1142319053201,1112212.0,1106164.0,8889931.916666668,2474.187192827308,8893657.0,8884900.0,0,1
134.221.96.0-0.0.0.32-0-0-0,134.221.96.0,0,0.0.0.32,0,0,1970-01-01 00:02:18.315576,118000606,18,0,0.0,0.0,0.0,0.0,0.0,0.0,0,0,0,0,0.0,0.15254158948980312,6941212.117647059,9716272.869445335,2.4500627E7,154.0,1.18000606E8,6941212.117647059,9716272.869445335,2.4500627E7,154.0,0,0,0,0,0,0,0,0,0,0,0,0,0,0.15254158948980312,0.0,0.0,0.0,0.0,0.0,0.0,0,0,0,0,0,0,0,0,0.0,0.0,0.0,0.0,0,0,0,0,0,0,1,0,0,0,0,0,0,0,1000270.8333333334,1982032.9652168166,4954993.0,154.0,1.86664655E7,6531480.679182103,2.4500627E7,7045506.0,0,1
134.221.96.0-0.0.0.194-0-0-0,134.221.96.0,0,0.0.0.194,0,0,1970-01-01 00:02:31.428941,105901115,32,0,0.0,0.0,0.0,0.0,0.0,0.0,0,0,0,0,0.0,0.3021686787717013,3416165.0,6437811.583879789,1.5886065E7,0.0,1.05901115E8,3416165.0,6437811.583879789,1.5886065E7,0.0,0,0,0,0,0,0,0,0,0,0,0,0,0,0.3021686787717013,0.0,0.0,0.0,0.0,0.0,0.0,0,0,0,0,0,0,0,0,0.0,0.0,0.0,0.0,0,0,0,0,0,0,1,0,0,0,0,0,0,0,10276.42857142857,3981.8479318503555,18886.0,6461.0,1.5117111857142856E7,952904.2872241382,1.5886065E7,1.4097462E7,0,1
134.221.96.0-0.0.0.42-0-0-0,134.221.96.0,0,0.0.0.42,0,0,1970-01-01 00:02:31.429483,105901756,32,0,0.0,0.0,0.0,0.0,0.0,0.0,0,0,0,0,0.0,0.30216684981125336,3416185.677419354,6438236.089042798,1.5887186E7,0.0,1.05901756E8,3416185.677419354,6438236.089042798,1.5887186E7,0.0,0,0,0,0,0,0,0,0,0,0,0,0,0,0.30216684981125336,0.0,0.0,0.0,0.0,0.0,0.0,0,0,0,0,0,0,0,0,0.0,0.0,0.0,0.0,0,0,0,0,0,0,1,0,0,0,0,0,0,0,9736.142857142857,4136.295461262063,18682.0,5872.0,1.5117877E7,953462.1302984892,1.5887186E7,1.4097562E7,0,1
192.168.1.4-192.168.1.5-49266-139-6,192.168.1.4,49266,192.168.1.5,139,6,1970-01-01 00:02:52.657051,119999470,80835,89203,9.2347975E7,1.04196792E8,1460.0,0.0,1142.4256200903123,568.0786798411812,1460.0,0.0,1168.0861854421942,545.1640866826784,1637880.2923046243,1416.98959170403,705.7256361850681,11761.81204545784,2193585.0,0.0,1.1999947E8,1484.5172823317052,20074.428307474718,2407647.0,0.0,1.19987771E8,1345.124223672137,16430.468196563605,2193585.0,0.0,14528,14580,0,0,0,0,1616712,1785080,673.6279751902238,743.3616165138062,0.0,1460.0,1155.8873134240573,556.3212490814428,309493.33217953675,0,0,0,29108,170038,0,0,0,1.103519515061545,1155.8873134240582,1142.4256200903073,1168.0861854421937,56807,39,71599250,30136,21,31492801,0,543,0,612,2675,517,74386,20,0,0,0,0,0,0,0,0,240000913,1
134.221.96.0-0.0.1.146-0-0-0,134.221.96.0,0,0.0.1.146,0,0,1970-01-01 00:04:19.363288,118890168,73,0,0.0,0.0,0.0,0.0,0.0,0.0,0,0,0,0,0.0,0.6140120855073566,1651252.3333333328,955696.8093709,3861180.0,14198.0,1.18890168E8,1651252.3333333328,955696.8093709,3861180.0,14198.0,0,0,0,0,0,0,0,0,0,0,0,0,0,0.6140120855073566,0.0,0.0,0.0,0.0,0.0,0.0,0,0,0,0,0,0,0,0,0.0,0.0,0.0,0.0,0,0,0,0,0,0,1,0,0,0,0,0,0,0,0,0,0,0,0,0,0,0,0,1
134.221.96.0-0.0.0.104-0-0-0,134.221.96.0,0,0.0.0.104,0,0,1970-01-01 00:04:21.398065,118892698,24,0,0.0,0.0,0.0,0.0,0.0,0.0,0,0,0,0,0.0,0.20186269134879925,5169247.739130435,3973523.6573869595,8892029.0,1107408.0,1.18892698E8,5169247.739130435,3973523.6573869595,8892029.0,1107408.0,0,0,0,0,0,0,0,0,0,0,0,0,0,0.20186269134879925,0.0,0.0,0.0,0.0,0.0,0.0,0,0,0,0,0,0,0,0,0.0,0.0,0.0,0.0,0,0,0,0,0,0,1,0,0,0,0,0,0,0,1110262.4545454546,1381.3894717737182,1112553.0,1107408.0,8889984.250000002,1578.27495732166,8892029.0,8886166.0,0,1
134.221.96.0-0.0.0.128-0-0-0,134.221.96.0,0,0.0.0.128,0,0,1970-01-01 00:04:21.398944,118893268,24,0,0.0,0.0,0.0,0.0,0.0,0.0,0,0,0,0,0.0,0.2018617235754677,5169272.52173913,3973901.6394367944,8892643.0,1106985.0,1.18893268E8,5169272.52173913,3973901.6394367944,8892643.0,1106985.0,0,0,0,0,0,0,0,0,0,0,0,0,0,0.2018617235754677,0.0,0.0,0.0,0.0,0.0,0.0,0,0,0,0,0,0,0,0,0.0,0.0,0.0,0.0,0,0,0,0,0,0,1,0,0,0,0,0,0,0,1109901.1818181819,1547.8767275323894,1112358.0,1106985.0,8890362.916666666,1709.950316042329,8892643.0,8886220.0,0,1
134.221.96.0-0.0.0.116-0-0-0,134.221.96.0,0,0.0.0.116,0,0,1970-01-01 00:04:21.399329,118893460,24,0,0.0,0.0,0.0,0.0,0.0,0.0,0,0,0,0,0.0,0.20186139759075056,5169280.869565217,3973973.749262275,8892942.0,1106690.0,1.1889346E8,5169280.869565217,3973973.749262275,8892942.0,1106690.0,0,0,0,0,0,0,0,0,0,0,0,0,0,0.20186139759075056,0.0,0.0,0.0,0.0,0.0,0.0,0,0,0,0,0,0,0,0,0.0,0.0,0.0,0.0,0,0,0,0,0,0,1,0,0,0,0,0,0,0,1109835.9090909092,1640.2731756963792,1112351.0,1106690.0,8890438.749999998,1811.5643227483522,8892942.0,8886101.0,0,1
134.221.96.0-0.0.0.28-0-0-0,134.221.96.0,0,0.0.0.28,0,0,1970-01-01 00:04:21.399729,118893611,24,0,0.0,0.0,0.0,0.0,0.0,0.0,0,0,0,0,0.0,0.20186114121809287,5169287.434782608,3973933.9160019197,8893157.0,1106535.0,1.18893611E8,5169287.434782608,3973933.9160019197,8893157.0,1106535.0,0,0,0,0,0,0,0,0,0,0,0,0,0,0.20186114121809287,0.0,0.0,0.0,0.0,0.0,0.0,0,0,0,0,0,0,0,0,0.0,0.0,0.0,0.0,0,0,0,0,0,0,1,0,0,0,0,0,0,0,1109883.1818181819,1686.2666941016234,1112298.0,1106535.0,8890408.0,1848.0482579295222,8893157.0,8886036.0,0,1
134.221.96.0-0.0.0.136-0-0-0,134.221.96.0,0,0.0.0.136,0,0,1970-01-01 00:04:21.399907,118893849,48,0,0.0,0.0,0.0,0.0,0.0,0.0,0,0,0,0,0.0,0.40372147427071686,2529656.3617021265,3791342.4612087025,8893124.0,136.0,1.18893849E8,2529656.3617021265,3791342.4612087025,8893124.0,136.0,0,0,0,0,0,0,0,0,0,0,0,0,0,0.40372147427071686,0.0,0.0,0.0,0.0,0.0,0.0,0,0,0,0,0,0,0,0,0.0,0.0,0.0,0.0,0,0,0,0,0,0,1,0,0,0,0,0,0,0,1017590.5,320417.56099119387,1112383.0,142.0,8890214.916666668,1901.1208396547445,8893124.0,8885890.0,0,1
134.221.96.0-0.0.0.194-0-0-0,134.221.96.0,0,0.0.0.194,0,0,1970-01-01 00:04:31.430753,119996978,33,0,0.0,0.0,0.0,0.0,0.0,0.0,0,0,0,0,0.0,0.27500692559107615,3749905.5625,6609191.644676173,1.5883593E7,810.0,1.19996978E8,3749905.5625,6609191.644676173,1.5883593E7,810.0,0,0,0,0,0,0,0,0,0,0,0,0,0,0.27500692559107615,0.0,0.0,0.0,0.0,0.0,0.0,0,0,0,0,0,0,0,0,0.0,0.0,0.0,0.0,0,0,0,0,0,0,1,0,0,0,0,0,0,0,9088.375,1229.8513194110674,11188.0,6909.0,1.4990533875E7,954083.8051361013,1.5883593E7,1.4095954E7,0,1
134.221.96.0-0.0.0.42-0-0-0,134.221.96.0,0,0.0.0.42,0,0,1970-01-01 00:04:31.431263,119997021,34,0,0.0,0.0,0.0,0.0,0.0,0.0,0,0,0,0,0.0,0.2833403672579505,3636273.3636363647,6340217.423132308,1.5885029E7,731.0,1.19997021E8,3636273.3636363647,6340217.423132308,1.5885029E7,731.0,0,0,0,0,0,0,0,0,0,0,0,0,0,0.2833403672579505,0.0,0.0,0.0,0.0,0.0,0.0,0,0,0,0,0,0,0,0,0.0,0.0,0.0,0.0,0,0,0,0,0,0,1,0,0,0,0,0,0,0,516652.99999999994,1437741.817249636,4074882.0,6814.0,1.4482974625E7,2004005.4907954386,1.5885029E7,1.0031138E7,0,1
134.221.96.0-0.0.0.32-0-0-0,134.221.96.0,0,0.0.0.32,0,0,1970-01-01 00:04:29.270316,104045824,16,0,0.0,0.0,0.0,0.0,0.0,0.0,0,0,0,0,0.0,0.15377839671873808,6936388.266666667,9893619.848100336,2.5001927E7,161.0,1.04045824E8,6936388.266666667,9893619.848100336,2.5001927E7,161.0,0,0,0,0,0,0,0,0,0,0,0,0,0,0.15377839671873808,0.0,0.0,0.0,0.0,0.0,0.0,0,0,0,0,0,0,0,0,0.0,0.0,0.0,0.0,0,0,0,0,0,0,1,0,0,0,0,0,0,0,76237.16666666666,185617.02019310262,455126.0,161.0,1.72646945E7,7790373.44411154,2.5001927E7,5451373.0,0,1
192.168.1.4-192.168.1.5-49245-445-6,192.168.1.4,49245,192.168.1.5,445,6,1970-01-01 00:02:33.674988,119999921,2,2,0.0,2.0,0.0,0.0,0.0,0.0,1.0,1.0,1.0,0.0,0.01666667763889611,0.03333335527779222,3.999997366666667E7,6.928167319095007E7,1.19999559E8,88.0,1.19999647E8,1.19999647E8,0.0,1.19999647E8,1.19999647E8,1.19999833E8,1.19999833E8,0.0,1.19999833E8,1.19999833E8,0,0,0,0,0,0,64,40,0.01666667763889611,0.01666667763889611,0.0,1.0,0.5,0.5773502691896257,0.3333333333333333,0,0,0,0,4,0,0,0,1.0,0.5,0.0,1.0,0,0,0,0,0,0,0,0,0,0,0,63768,0,0,274.0,0.0,274.0,274.0,1.19999559E8,0.0,1.19999559E8,1.19999559E8,254107429,1
192.168.1.5-192.168.1.255-138-138-17,192.168.1.5,138,192.168.1.255,138,17,1970-01-01 00:00:22.915193,89530215,3,0,609.0,0.0,204.0,201.0,203.0,1.7320508075688772,0,0,0,0,6.802172875380674,0.03350824076542204,4.47651075E7,2.1548918643420707E7,6.0002494E7,2.9527721E7,8.9530215E7,4.47651075E7,2.1548918643420707E7,6.0002494E7,2.9527721E7,0,0,0,0,0,0,0,0,0,0,0,24,0,0.03350824076542204,0.0,201.0,204.0,203.0,1.7320508075688772,3.0,0,0,0,0,0,0,0,0,0.0,203.0,203.0,0.0,0,0,0,0,0,0,1,203,0,0,0,0,2,8,0,0,0,0,4.47651075E7,2.1548918643420707E7,6.0002494E7,2.9527721E7,0,1
192.168.1.4-192.168.1.5-49266-139-6,192.168.1.4,49266,192.168.1.5,139,6,1970-01-01 00:04:52.658412,119986315,90025,98573,1.0422107E8,1.16115509E8,1460.0,0.0,1157.6903082477122,559.3757237709591,1460.0,0.0,1177.9646454911497,538.526229760342,1836347.5784717614,1571.8292540278446,636.2047911684755,9920.941391853987,1718746.0,0.0,1.19985942E8,1332.8217142095455,16736.42313935744,1720601.0,0.0,1.19985476E8,1217.236902974476,14320.60359630165,1926408.0,0.0,15292,15349,0,0,0,0,1800512,1971484,750.2938980999625,821.5353559278823,0.0,1460.0,1168.2869330533854,548.6693472558029,301038.05261810886,0,0,0,30641,188598,0,0,0,1.0949514023882254,1168.2869330533729,1157.690308247709,1177.9646454911588,57844,39,61995727,30308,21,33423254,0,552,0,615,0,2479,83040,0,0,0,0,0,0,0,0,0,359989119,1
192.168.1.4-239.255.255.250-1900-1900-17,192.168.1.4,1900,239.255.255.250,1900,17,1970-01-01 00:00:15.202586,8475163,18,0,8607.0,0.0,513.0,433.0,478.1666666666667,30.860692684079158,0,0,0,0,1015.5556890174265,2.1238529571643636,498539.0,432023.3240522148,1360802.0,124547.0,8475163.0,498539.0,432023.3240522148,1360802.0,124547.0,0,0,0,0,0,0,0,0,0,0,0,144,0,2.1238529571643636,0.0,433.0,513.0,478.1666666666667,30.860692684079158,952.3823529411769,0,0,0,0,0,0,0,0,0.0,478.1666666666667,478.1666666666667,0.0,2707,5,1847,0,0,0,1,478,0,0,0,0,17,8,0,0,0,0,0,0,0,0,0,1
134.221.96.0-0.0.0.20-0-0-0,134.221.96.0,0,0.0.0.20,0,0,1970-01-01 00:00:15.834474,117644777,13,0,0.0,0.0,0.0,0.0,0.0,0.0,0,0,0,0,0.0,0.11050214324431928,9803731.416666666,2.199519088210215E7,6.0070796E7,197.0,1.17644777E8,9803731.416666666,2.199519088210215E7,6.0070796E7,197.0,0,0,0,0,0,0,0,0,0,0,0,0,0,0.11050214324431928,0.0,0.0,0.0,0.0,0.0,0.0,0,0,0,0,0,0,0,0,0.0,0.0,0.0,0.0,0,0,0,0,0,0,1,0,0,0,0,0,0,0,4194472.0,0.0,4194472.0,4194472.0,5.67251525E7,4731454.41256539,6.0070796E7,5.3379509E7,0,1
134.221.96.0-0.0.1.88-0-0-0,134.221.96.0,0,0.0.1.88,0,0,1970-01-01 00:00:19.979963,0,1,0,0.0,0.0,0.0,0.0,0.0,0.0,0,0,0,0,NaN,Infinity,NaN,NaN,NaN,NaN,0,0,0,0,0,0,0,0,0,0,0,0,0,0,0,0,0,0,0.0,0.0,0.0,0.0,0.0,0.0,0.0,0,0,0,0,0,0,0,0,0.0,0.0,0.0,0.0,0,0,0,0,0,0,1,0,0,0,0,0,0,0,0,0,0,0,0,0,0,0,0,1
134.221.96.0-0.0.0.244-0-0-0,134.221.96.0,0,0.0.0.244,0,0,1970-01-01 00:00:19.989589,0,1,0,0.0,0.0,0.0,0.0,0.0,0.0,0,0,0,0,NaN,Infinity,NaN,NaN,NaN,NaN,0,0,0,0,0,0,0,0,0,0,0,0,0,0,0,0,0,0,0.0,0.0,0.0,0.0,0.0,0.0,0.0,0,0,0,0,0,0,0,0,0.0,0.0,0.0,0.0,0,0,0,0,0,0,1,0,0,0,0,0,0,0,0,0,0,0,0,0,0,0,0,1
134.221.96.0-0.0.5.180-0-0-0,134.221.96.0,0,0.0.5.180,0,0,1970-01-01 00:00:15.836604,4192242,9,0,0.0,0.0,0.0,0.0,0.0,0.0,0,0,0,0,0.0,2.1468226309454463,524030.25000000006,1466235.1878475072,4152627.0,43.0,4192242.0,524030.25000000006,1466235.1878475072,4152627.0,43.0,0,0,0,0,0,0,0,0,0,0,0,0,0,2.1468226309454463,0.0,0.0,0.0,0.0,0.0,0.0,0,0,0,0,0,0,0,0,0.0,0.0,0.0,0.0,0,0,0,0,0,0,1,0,0,0,0,0,0,0,0,0,0,0,0,0,0,0,0,1
134.221.96.0-0.0.5.91-0-0-0,134.221.96.0,0,0.0.5.91,0,0,1970-01-01 00:00:15.837242,4152958,2,0,0.0,0.0,0.0,0.0,0.0,0.0,0,0,0,0,0.0,0.48158445137176925,4152958.0,0.0,4152958.0,4152958.0,4152958.0,4152958.0,0.0,4152958.0,4152958.0,0,0,0,0,0,0,0,0,0,0,0,0,0,0.48158445137176925,0.0,0.0,0.0,0.0,0.0,0.0,0,0,0,0,0,0,0,0,0.0,0.0,0.0,0.0,0,0,0,0,0,0,1,0,0,0,0,0,0,0,0,0,0,0,0,0,0,0,0,1
134.221.96.0-0.0.0.227-0-0-0,134.221.96.0,0,0.0.0.227,0,0,1970-01-01 00:00:20.027025,0,1,0,0.0,0.0,0.0,0.0,0.0,0.0,0,0,0,0,NaN,Infinity,NaN,NaN,NaN,NaN,0,0,0,0,0,0,0,0,0,0,0,0,0,0,0,0,0,0,0.0,0.0,0.0,0.0,0.0,0.0,0.0,0,0,0,0,0,0,0,0,0.0,0.0,0.0,0.0,0,0,0,0,0,0,1,0,0,0,0,0,0,0,0,0,0,0,0,0,0,0,0,1
134.221.96.0-0.0.0.209-0-0-0,134.221.96.0,0,0.0.0.209,0,0,1970-01-01 00:00:20.028265,0,1,0,0.0,0.0,0.0,0.0,0.0,0.0,0,0,0,0,NaN,Infinity,NaN,NaN,NaN,NaN,0,0,0,0,0,0,0,0,0,0,0,0,0,0,0,0,0,0,0.0,0.0,0.0,0.0,0.0,0.0,0.0,0,0,0,0,0,0,0,0,0.0,0.0,0.0,0.0,0,0,0,0,0,0,1,0,0,0,0,0,0,0,0,0,0,0,0,0,0,0,0,1
134.221.96.0-0.0.4.102-0-0-0,134.221.96.0,0,0.0.4.102,0,0,1970-01-01 00:00:20.028881,0,1,0,0.0,0.0,0.0,0.0,0.0,0.0,0,0,0,0,NaN,Infinity,NaN,NaN,NaN,NaN,0,0,0,0,0,0,0,0,0,0,0,0,0,0,0,0,0,0,0.0,0.0,0.0,0.0,0.0,0.0,0.0,0,0,0,0,0,0,0,0,0.0,0.0,0.0,0.0,0,0,0,0,0,0,1,0,0,0,0,0,0,0,0,0,0,0,0,0,0,0,0,1
134.221.96.0-0.0.1.146-0-0-0,134.221.96.0,0,0.0.1.146,0,0,1970-01-01 00:06:20.504593,117718968,72,0,0.0,0.0,0.0,0.0,0.0,0.0,0,0,0,0,0.0,0.6116261569673291,1658013.6338028174,871794.069787015,4517034.0,79401.0,1.17718968E8,1658013.6338028174,871794.069787015,4517034.0,79401.0,0,0,0,0,0,0,0,0,0,0,0,0,0,0.6116261569673291,0.0,0.0,0.0,0.0,0.0,0.0,0,0,0,0,0,0,0,0,0.0,0.0,0.0,0.0,0,0,0,0,0,0,1,0,0,0,0,0,0,0,0,0,0,0,0,0,0,0,0,1
134.221.96.0-0.0.1.214-0-0-0,134.221.96.0,0,0.0.1.214,0,0,1970-01-01 00:00:17.003920,2495338,2,0,0.0,0.0,0.0,0.0,0.0,0.0,0,0,0,0,0.0,0.8014946271807667,2495338.0,0.0,2495338.0,2495338.0,2495338.0,2495338.0,0.0,2495338.0,2495338.0,0,0,0,0,0,0,0,0,0,0,0,0,0,0.8014946271807667,0.0,0.0,0.0,0.0,0.0,0.0,0,0,0,0,0,0,0,0,0.0,0.0,0.0,0.0,0,0,0,0,0,0,1,0,0,0,0,0,0,0,0,0,0,0,0,0,0,0,0,1
134.221.96.0-0.0.0.104-0-0-0,134.221.96.0,0,0.0.0.104,0,0,1970-01-01 00:06:21.400705,119998896,25,0,0.0,0.0,0.0,0.0,0.0,0.0,0,0,0,0,0.0,0.2083352500176335,4999953.999999999,3976544.0303657926,8909922.0,1089386.0,1.19998896E8,4999953.999999999,3976544.0303657926,8909922.0,1089386.0,0,0,0,0,0,0,0,0,0,0,0,0,0,0.2083352500176335,0.0,0.0,0.0,0.0,0.0,0.0,0,0,0,0,0,0,0,0,0.0,0.0,0.0,0.0,0,0,0,0,0,0,1,0,0,0,0,0,0,0,1107458.3636363635,6837.93815813988,1116415.0,1089386.0,8892767.083333334,6223.6104613192065,8909922.0,8886269.0,0,1
134.221.96.0-0.0.0.128-0-0-0,134.221.96.0,0,0.0.0.128,0,0,1970-01-01 00:06:21.401855,119998824,25,0,0.0,0.0,0.0,0.0,0.0,0.0,0,0,0,0,0.0,0.20833537502000854,4999950.999999999,3976475.9107552264,8910039.0,1089074.0,1.19998824E8,4999950.999999999,3976475.9107552264,8910039.0,1089074.0,0,0,0,0,0,0,0,0,0,0,0,0,0,0.20833537502000854,0.0,0.0,0.0,0.0,0.0,0.0,0,0,0,0,0,0,0,0,0.0,0.0,0.0,0.0,0,0,0,0,0,0,1,0,0,0,0,0,0,0,1107554.0909090908,7104.224510170583,1116027.0,1089074.0,8892697.083333334,6359.856808827458,8910039.0,8886643.0,0,1
134.221.96.0-0.0.0.116-0-0-0,134.221.96.0,0,0.0.0.116,0,0,1970-01-01 00:06:21.402498,119998580,25,0,0.0,0.0,0.0,0.0,0.0,0.0,0,0,0,0,0.0,0.2083357986402839,4999940.833333333,3976736.5532606677,8910343.0,1088821.0,1.1999858E8,4999940.833333333,3976736.5532606677,8910343.0,1088821.0,0,0,0,0,0,0,0,0,0,0,0,0,0,0.2083357986402839,0.0,0.0,0.0,0.0,0.0,0.0,0,0,0,0,0,0,0,0,0.0,0.0,0.0,0.0,0,0,0,0,0,0,1,0,0,0,0,0,0,0,1107314.6363636365,7300.255643095365,1116053.0,1088821.0,8892941.916666666,6347.499900939043,8910343.0,8886587.0,0,1
134.221.96.0-0.0.0.28-0-0-0,134.221.96.0,0,0.0.0.28,0,0,1970-01-01 00:06:21.402882,119998603,27,0,0.0,0.0,0.0,0.0,0.0,0.0,0,0,0,0,0.0,0.22500261940549424,4615330.884615385,4034662.7867750963,8910215.0,272.0,1.19998603E8,4615330.884615385,4034662.7867750963,8910215.0,272.0,0,0,0,0,0,0,0,0,0,0,0,0,0,0.22500261940549424,0.0,0.0,0.0,0.0,0.0,0.0,0,0,0,0,0,0,0,0,0.0,0.0,0.0,0.0,0,0,0,0,0,0,1,0,0,0,0,0,0,0,1107449.4545454544,7387.483473600948,1116068.0,1088759.0,8878985.583333332,46892.83990209288,8910215.0,8731386.0,0,1
134.221.96.0-0.0.0.136-0-0-0,134.221.96.0,0,0.0.0.136,0,0,1970-01-01 00:06:21.403055,119998773,50,0,0.0,0.0,0.0,0.0,0.0,0.0,0,0,0,0,0.0,0.4166709271268965,2448954.5510204076,3735477.321871452,8910133.0,0.0,1.19998773E8,2448954.5510204076,3735477.321871452,8910133.0,0.0,0,0,0,0,0,0,0,0,0,0,0,0,0,0.4166709271268965,0.0,0.0,0.0,0.0,0.0,0.0,0,0,0,0,0,0,0,0,0.0,0.0,0.0,0.0,0,0,0,0,0,0,1,0,0,0,0,0,0,0,1015353.3333333331,319788.30953114573,1116148.0,138.0,8892638.166666666,6390.696161158262,8910133.0,8886487.0,0,1
134.221.96.0-0.0.0.194-0-0-0,134.221.96.0,0,0.0.0.194,0,0,1970-01-01 00:06:31.434660,119999903,33,0,0.0,0.0,0.0,0.0,0.0,0.0,0,0,0,0,0.0,0.27500022229184634,3749996.96875,6609797.617206404,1.5892263E7,708.0,1.19999903E8,3749996.96875,6609797.617206404,1.5892263E7,708.0,0,0,0,0,0,0,0,0,0,0,0,0,0,0.27500022229184634,0.0,0.0,0.0,0.0,0.0,0.0,0,0,0,0,0,0,0,0,0.0,0.0,0.0,0.0,0,0,0,0,0,0,1,0,0,0,0,0,0,0,7476.75,2530.107041778498,10545.0,1995.0,1.49916465E7,954342.3046044402,1.5892263E7,1.4093766E7,0,1
134.221.96.0-0.0.0.42-0-0-0,134.221.96.0,0,0.0.0.42,0,0,1970-01-01 00:06:31.435147,119999901,33,0,0.0,0.0,0.0,0.0,0.0,0.0,0,0,0,0,0.0,0.27500022687518716,3749996.90625,6610135.994259014,1.5893528E7,658.0,1.19999901E8,3749996.90625,6610135.994259014,1.5893528E7,658.0,0,0,0,0,0,0,0,0,0,0,0,0,0,0.27500022687518716,0.0,0.0,0.0,0.0,0.0,0.0,0,0,0,0,0,0,0,0,0.0,0.0,0.0,0.0,0,0,0,0,0,0,1,0,0,0,0,0,0,0,6945.625,2318.5298875118506,9619.0,1939.0,1.4992199125E7,954800.9503411748,1.5893528E7,1.4093791E7,0,1
192.168.1.4-192.168.1.5-49245-445-6,192.168.1.4,49245,192.168.1.5,445,6,1970-01-01 00:06:33.739197,235,1,1,0.0,1.0,0.0,0.0,0.0,0.0,1.0,1.0,1.0,0.0,4255.319148936171,8510.638297872341,235.0,0.0,235.0,235.0,0,0,0,0,0,0,0,0,0,0,0,0,0,0,0,0,32,20,4255.319148936171,4255.319148936171,0.0,1.0,0.5,0.7071067811865476,0.5,0,0,0,0,2,0,0,0,1.0,0.5,0.0,1.0,0,0,0,0,0,0,0,0,0,0,0,63768,0,0,0,0,0,0,0,0,0,0,374171952,1
134.221.96.0-0.0.0.32-0-0-0,134.221.96.0,0,0.0.0.32,0,0,1970-01-01 00:06:32.269818,108460053,18,0,0.0,0.0,0.0,0.0,0.0,0.0,0,0,0,0,0.0,0.16595971975045964,6380003.117647058,8480326.49098831,2.4999999E7,151.0,1.08460053E8,6380003.117647058,8480326.49098831,2.4999999E7,151.0,0,0,0,0,0,0,0,0,0,0,0,0,0,0.16595971975045964,0.0,0.0,0.0,0.0,0.0,0.0,0,0,0,0,0,0,0,0,0.0,0.0,0.0,0.0,0,0,0,0,0,0,1,0,0,0,0,0,0,0,578271.4285714286,1529191.1667393385,4046151.0,151.0,1.4915987428571427E7,6693978.02454091,2.4999999E7,8454100.0,0,1
192.168.1.4-192.168.1.5-49266-139-6,192.168.1.4,49266,192.168.1.5,139,6,1970-01-01 00:06:52.685741,119987042,94018,103476,1.07735831E8,1.21566691E8,1460.0,0.0,1145.9064328107163,566.5969837498427,1460.0,0.0,1174.8298252734635,539.7071075289855,1911060.7127059603,1645.961069696176,607.5508600304951,11050.21083068817,2832356.0,0.0,1.19986072E8,1276.2167693076763,18163.034303755867,2833039.0,0.0,1.19983885E8,1159.544672626251,15786.694139044093,3043231.0,0.0,16751,16818,0,0,0,0,1880360,2070348,783.5679456119937,862.3931240841823,0.0,1460.0,1161.060700578243,552.8586928827373,305652.73429600877,0,0,0,33569,197494,0,0,0,1.1005977578761514,1161.0607005782454,1145.9064328107384,1174.8298252734933,58320,40,70174545,30263,21,37298034,0,545,0,615,0,2960,86694,0,0,0,0,0,0,0,0,0,480017175,1
192.168.1.4-192.168.1.255-137-137-17,192.168.1.4,137,192.168.1.255,137,17,1970-01-01 00:00:16.873233,35546277,20,0,1216.0,0.0,68.0,50.0,60.8,9.047244419100624,0,0,0,0,34.20892714024593,0.5626468279645713,1870856.6842105263,6883026.8674932625,3.0274375E7,15412.0,3.5546277E7,1870856.6842105263,6883026.8674932625,3.0274375E7,15412.0,0,0,0,0,0,0,0,0,0,0,0,160,0,0.5626468279645713,0.0,50.0,68.0,60.8,9.047244419100624,81.85263157894738,0,0,0,0,0,0,0,0,0.0,60.8,60.8,0.0,1166,19,221,0,0,0,1,60,0,0,0,0,19,8,5271902.0,0.0,5271902.0,5271902.0,3.0274375E7,0.0,3.0274375E7,3.0274375E7,0,1
192.168.1.3-255.255.255.255-67-68-17,192.168.1.3,67,255.255.255.255,68,17,1970-01-01 00:00:13.936376,105518,2,0,1096.0,0.0,548.0,548.0,548.0,0.0,0,0,0,0,10386.853427851172,18.954112094618928,105518.0,0.0,105518.0,105518.0,105518.0,105518.0,0.0,105518.0,105518.0,0,0,0,0,0,0,0,0,0,0,0,16,0,18.954112094618928,0.0,548.0,548.0,548.0,0.0,0.0,0,0,0,0,0,0,0,0,0.0,548.0,548.0,0.0,0,0,0,0,0,0,1,548,0,0,0,0,1,8,0,0,0,0,0,0,0,0,0,1
8.6.0.1-8.0.6.4-0-0-0,8.6.0.1,0,8.0.6.4,0,0,1970-01-01 00:00:13.934331,5696643,17,0,0.0,0.0,0.0,0.0,0.0,0.0,0,0,0,0,0.0,2.984213685147551,356040.1875,687559.4381340636,2710264.0,67.0,5696643.0,356040.1875,687559.4381340636,2710264.0,67.0,0,0,0,0,0,0,0,0,0,0,0,0,0,2.984213685147551,0.0,0.0,0.0,0.0,0.0,0.0,0,0,0,0,0,0,0,0,0.0,0.0,0.0,0.0,0,0,0,0,0,0,1,0,0,0,0,0,0,0,0,0,0,0,0,0,0,0,0,1
192.168.1.5-239.255.255.250-1900-1900-17,192.168.1.5,1900,239.255.255.250,1900,17,1970-01-01 00:06:52.503899,8438584,18,0,8607.0,0.0,513.0,433.0,478.1666666666667,30.860692684079158,0,0,0,0,1019.9578507484193,2.133059290516039,496387.294117647,373944.88003159716,1251240.0,125070.0,8438584.0,496387.294117647,373944.88003159716,1251240.0,125070.0,0,0,0,0,0,0,0,0,0,0,0,144,0,2.133059290516039,0.0,433.0,513.0,478.1666666666667,30.860692684079158,952.3823529411769,0,0,0,0,0,0,0,0,0.0,478.1666666666667,478.1666666666667,0.0,2707,5,1683,0,0,0,1,478,0,0,0,0,17,8,0,0,0,0,0,0,0,0,0,1
192.168.1.5-192.168.1.255-137-137-17,192.168.1.5,137,192.168.1.255,137,17,1970-01-01 00:00:17.353459,0,1,0,50.0,0.0,50.0,50.0,50.0,0.0,0,0,0,0,Infinity,Infinity,NaN,NaN,NaN,NaN,0,0,0,0,0,0,0,0,0,0,0,0,0,0,0,0,8,0,0.0,0.0,50.0,50.0,50.0,0.0,0.0,0,0,0,0,0,0,0,0,0.0,50.0,50.0,0.0,0,0,0,0,0,0,1,50,0,0,0,0,0,8,0,0,0,0,0,0,0,0,0,1
192.168.1.4-239.255.255.250-65004-3702-17,192.168.1.4,65004,239.255.255.250,3702,17,1970-01-01 00:00:15.634284,114299,2,0,1312.0,0.0,656.0,656.0,656.0,0.0,0,0,0,0,11478.665605123404,17.497965861468604,114299.0,0.0,114299.0,114299.0,114299.0,114299.0,0.0,114299.0,114299.0,0,0,0,0,0,0,0,0,0,0,0,16,0,17.497965861468604,0.0,656.0,656.0,656.0,0.0,0.0,0,0,0,0,0,0,0,0,0.0,656.0,656.0,0.0,0,0,0,0,0,0,1,656,0,0,0,0,1,8,0,0,0,0,0,0,0,0,0,1
192.168.1.5-192.168.1.4-3702-65004-17,192.168.1.5,3702,192.168.1.4,65004,17,1970-01-01 00:00:15.637782,68668,2,0,2472.0,0.0,1236.0,1236.0,1236.0,0.0,0,0,0,0,35999.3009844469,29.125648045669013,68668.0,0.0,68668.0,68668.0,68668.0,68668.0,0.0,68668.0,68668.0,0,0,0,0,0,0,0,0,0,0,0,16,0,29.125648045669013,0.0,1236.0,1236.0,1236.0,0.0,0.0,0,0,0,0,0,0,0,0,0.0,1236.0,1236.0,0.0,0,0,0,0,0,0,1,1236,0,0,0,0,1,8,0,0,0,0,0,0,0,0,0,1
192.168.1.5-192.168.1.255-138-138-17,192.168.1.5,138,192.168.1.255,138,17,1970-01-01 00:06:52.443882,0,1,0,204.0,0.0,204.0,204.0,204.0,0.0,0,0,0,0,Infinity,Infinity,NaN,NaN,NaN,NaN,0,0,0,0,0,0,0,0,0,0,0,0,0,0,0,0,8,0,0.0,0.0,204.0,204.0,204.0,0.0,0.0,0,0,0,0,0,0,0,0,0.0,204.0,204.0,0.0,0,0,0,0,0,0,1,204,0,0,0,0,0,8,0,0,0,0,0,0,0,0,0,1
192.168.1.4-224.0.0.22-0-0-0,192.168.1.4,0,224.0.0.22,0,0,1970-01-01 00:00:14.064095,3218268,11,0,0.0,0.0,0.0,0.0,0.0,0.0,0,0,0,0,0.0,3.417987563496887,321826.8,462325.5099630803,1518065.0,966.0,3218268.0,321826.8,462325.5099630803,1518065.0,966.0,0,0,0,0,0,0,0,0,0,0,0,0,0,3.417987563496887,0.0,0.0,0.0,0.0,0.0,0.0,0,0,0,0,0,0,0,0,0.0,0.0,0.0,0.0,0,0,0,0,0,0,1,0,0,0,0,0,0,0,0,0,0,0,0,0,0,0,0,1
134.221.96.0-0.0.0.64-0-0-0,134.221.96.0,0,0.0.0.64,0,0,1970-01-01 00:05:21.395657,0,1,0,0.0,0.0,0.0,0.0,0.0,0.0,0,0,0,0,NaN,Infinity,NaN,NaN,NaN,NaN,0,0,0,0,0,0,0,0,0,0,0,0,0,0,0,0,0,0,0.0,0.0,0.0,0.0,0.0,0.0,0.0,0,0,0,0,0,0,0,0,0.0,0.0,0.0,0.0,0,0,0,0,0,0,1,0,0,0,0,0,0,0,0,0,0,0,0,0,0,0,0,1
134.221.96.0-0.0.1.146-0-0-0,134.221.96.0,0,0.0.1.146,0,0,1970-01-01 00:08:21.409887,117703038,68,0,0.0,0.0,0.0,0.0,0.0,0.0,0,0,0,0,0.0,0.5777251051073125,1756761.76119403,1442269.0770487955,6201602.0,31074.0,1.17703038E8,1756761.76119403,1442269.0770487955,6201602.0,31074.0,0,0,0,0,0,0,0,0,0,0,0,0,0,0.5777251051073125,0.0,0.0,0.0,0.0,0.0,0.0,0,0,0,0,0,0,0,0,0.0,0.0,0.0,0.0,0,0,0,0,0,0,1,0,0,0,0,0,0,0,2.224453025E7,3.0775345000300445E7,6.79221E7,2016220.0,5848126.5,379368.1352587044,6201602.0,5468533.0,0,1
192.168.1.4-192.168.1.255-138-138-17,192.168.1.4,138,192.168.1.255,138,17,1970-01-01 00:00:17.352610,5565014,3,0,549.0,0.0,201.0,174.0,183.0,15.588457268119896,0,0,0,0,98.65204292388124,0.5390822017698428,2782507.0,3906230.393329098,5544629.0,20385.0,5565014.0,2782507.0,3906230.393329098,5544629.0,20385.0,0,0,0,0,0,0,0,0,0,0,0,24,0,0.5390822017698428,0.0,174.0,201.0,183.0,15.588457268119896,243.0,0,0,0,0,0,0,0,0,0.0,183.0,183.0,0.0,0,0,0,0,0,0,1,183,0,0,0,0,2,8,0,0,0,0,5544629.0,0.0,5544629.0,5544629.0,0,1
134.221.96.0-0.0.0.104-0-0-0,134.221.96.0,0,0.0.0.104,0,0,1970-01-01 00:08:30.293506,110055415,22,0,0.0,0.0,0.0,0.0,0.0,0.0,0,0,0,0,0.0,0.1998992961863803,5240734.047619047,3432506.85206469,9999770.0,1090579.0,1.10055415E8,5240734.047619047,3432506.85206469,9999770.0,1090579.0,0,0,0,0,0,0,0,0,0,0,0,0,0,0.1998992961863803,0.0,0.0,0.0,0.0,0.0,0.0,0,0,0,0,0,0,0,0,0.0,0.0,0.0,0.0,0,0,0,0,0,0,1,0,0,0,0,0,0,0,1935591.8,1148748.0393784067,3886077.0,1090579.0,8245408.818181818,1233573.6399686737,9999770.0,6140637.0,0,1
134.221.96.0-0.0.0.128-0-0-0,134.221.96.0,0,0.0.0.128,0,0,1970-01-01 00:08:30.294833,110054892,22,0,0.0,0.0,0.0,0.0,0.0,0.0,0,0,0,0,0.0,0.19990024614262492,5240709.142857144,3435987.703616869,9999285.0,1090736.0,1.10054892E8,5240709.142857144,3435987.703616869,9999285.0,1090736.0,0,0,0,0,0,0,0,0,0,0,0,0,0,0.19990024614262492,0.0,0.0,0.0,0.0,0.0,0.0,0,0,0,0,0,0,0,0,0.0,0.0,0.0,0.0,0,0,0,0,0,0,1,0,0,0,0,0,0,0,1931047.9000000001,1141305.561454021,3886082.0,1090736.0,8249492.090909091,1236039.0765909022,9999285.0,6140043.0,0,1
134.221.96.0-0.0.0.116-0-0-0,134.221.96.0,0,0.0.0.116,0,0,1970-01-01 00:08:30.295292,110054923,22,0,0.0,0.0,0.0,0.0,0.0,0.0,0,0,0,0,0.0,0.19990018983521526,5240710.61904762,3427658.568385341,9999232.0,1090452.0,1.10054923E8,5240710.61904762,3427658.568385341,9999232.0,1090452.0,0,0,0,0,0,0,0,0,0,0,0,0,0,0.19990018983521526,0.0,0.0,0.0,0.0,0.0,0.0,0,0,0,0,0,0,0,0,0.0,0.0,0.0,0.0,0,0,0,0,0,0,1,0,0,0,0,0,0,0,1952576.6000000003,1177112.5826750055,4063271.0,1090452.0,8229923.363636363,1268816.161197931,9999232.0,5962860.0,0,1
134.221.96.0-0.0.0.28-0-0-0,134.221.96.0,0,0.0.0.28,0,0,1970-01-01 00:08:30.295675,110054926,22,0,0.0,0.0,0.0,0.0,0.0,0.0,0,0,0,0,0.0,0.19990018438611282,5240710.761904761,3429243.4035358867,9999124.0,1090583.0,1.10054926E8,5240710.761904761,3429243.4035358867,9999124.0,1090583.0,0,0,0,0,0,0,0,0,0,0,0,0,0,0.19990018438611282,0.0,0.0,0.0,0.0,0.0,0.0,0,0,0,0,0,0,0,0,0.0,0.0,0.0,0.0,0,0,0,0,0,0,1,0,0,0,0,0,0,0,1950516.1,1173552.5068870964,4063630.0,1090583.0,8231796.818181817,1270150.154400165,9999124.0,5962497.0,0,1
134.221.96.0-0.0.0.136-0-0-0,134.221.96.0,0,0.0.0.136,0,0,1970-01-01 00:08:30.295871,110054973,44,0,0.0,0.0,0.0,0.0,0.0,0.0,0,0,0,0,0.0,0.399800198033759,2559417.9767441857,3553147.2432265864,9998992.0,118.0,1.10054973E8,2559417.9767441857,3553147.2432265864,9998992.0,118.0,0,0,0,0,0,0,0,0,0,0,0,0,0,0.399800198033759,0.0,0.0,0.0,0.0,0.0,0.0,0,0,0,0,0,0,0,0,0.0,0.0,0.0,0.0,0,0,0,0,0,0,1,0,0,0,0,0,0,0,1773380.3636363635,1259103.4579894752,4063887.0,141.0,8231606.454545454,1270189.0128284341,9998992.0,5962110.0,0,1
134.221.96.0-0.0.0.194-0-0-0,134.221.96.0,0,0.0.0.194,0,0,1970-01-01 00:08:31.435461,119994499,27,0,0.0,0.0,0.0,0.0,0.0,0.0,0,0,0,0,0.0,0.2250103148478498,4615173.038461539,8243616.673185388,2.9988506E7,709.0,1.19994499E8,4615173.038461539,8243616.673185388,2.9988506E7,709.0,0,0,0,0,0,0,0,0,0,0,0,0,0,0.2250103148478498,0.0,0.0,0.0,0.0,0.0,0.0,0,0,0,0,0,0,0,0,0.0,0.0,0.0,0.0,0,0,0,0,0,0,1,0,0,0,0,0,0,0,8344.857142857143,4015.017078775275,13301.0,753.0,1.713372642857143E7,5741274.451027254,2.9988506E7,1.4044258E7,0,1
134.221.96.0-0.0.0.42-0-0-0,134.221.96.0,0,0.0.0.42,0,0,1970-01-01 00:08:31.435839,119996584,28,0,0.0,0.0,0.0,0.0,0.0,0.0,0,0,0,0,0.0,0.23333997574464288,4444317.925925925,7071512.207689134,1.8876955E7,690.0,1.19996584E8,4444317.925925925,7071512.207689134,1.8876955E7,690.0,0,0,0,0,0,0,0,0,0,0,0,0,0,0.23333997574464288,0.0,0.0,0.0,0.0,0.0,0.0,0,0,0,0,0,0,0,0,0.0,0.0,0.0,0.0,0,0,0,0,0,0,1,0,0,0,0,0,0,0,7413.999999999999,3535.005233376607,12024.0,722.0,1.4993085749999998E7,2240061.3694100147,1.8876955E7,1.1113534E7,0,1
192.168.1.4-239.255.255.250-58673-1900-17,192.168.1.4,58673,239.255.255.250,1900,17,1970-01-01 00:00:15.167894,12180581,20,0,2436.0,0.0,133.0,97.0,121.80000000000001,15.098274561579615,0,0,0,0,199.99046022517317,1.6419578015203051,641083.2105263158,906400.4702687426,3000217.0,15747.0,1.2180581E7,641083.2105263158,906400.4702687426,3000217.0,15747.0,0,0,0,0,0,0,0,0,0,0,0,160,0,1.6419578015203051,0.0,97.0,133.0,121.80000000000001,15.098274561579615,227.9578947368421,0,0,0,0,0,0,0,0,0.0,121.8,121.8,0.0,691,5,918,0,0,0,1,121,0,0,0,0,19,8,0,0,0,0,0,0,0,0,0,1
134.221.96.0-0.0.0.32-0-0-0,134.221.96.0,0,0.0.0.32,0,0,1970-01-01 00:08:43.821079,119495994,16,0,0.0,0.0,0.0,0.0,0.0,0.0,0,0,0,0,0.0,0.1338957019764194,7966399.6,1.0361800789509665E7,2.4999178E7,154.0,1.19495994E8,7966399.6,1.0361800789509665E7,2.4999178E7,154.0,0,0,0,0,0,0,0,0,0,0,0,0,0,0.1338957019764194,0.0,0.0,0.0,0.0,0.0,0.0,0,0,0,0,0,0,0,0,0.0,0.0,0.0,0.0,0,0,0,0,0,0,1,0,0,0,0,0,0,0,591460.0,1447671.4796821827,3546507.0,220.0,1.9324392833333332E7,6354880.965453545,2.4999178E7,8993828.0,0,1
192.168.1.4-192.168.1.255-137-137-17,192.168.1.4,137,192.168.1.255,137,17,1970-01-01 00:09:23.567439,115838361,39,0,1950.0,0.0,50.0,50.0,50.0,0.0,0,0,0,0,16.83380171444242,0.3366760342888484,3048377.921052632,1.1016644182857051E7,6.6812426E7,136.0,1.15838361E8,3048377.921052632,1.1016644182857051E7,6.6812426E7,136.0,0,0,0,0,0,0,0,0,0,0,0,312,0,0.3366760342888484,0.0,50.0,50.0,50.0,0.0,0.0,0,0,0,0,0,0,0,0,0.0,50.0,50.0,0.0,525,10,515,0,0,0,1,50,0,0,0,0,38,8,6700073.666666667,4648121.735576246,1.0353413E7,1468280.0,3.0030475333333332E7,3.204388345303338E7,6.6812426E7,8157181.0,0,1
192.168.1.5-192.168.1.255-138-138-17,192.168.1.5,138,192.168.1.255,138,17,1970-01-01 00:09:35.943228,76001289,14,0,2598.0,0.0,204.0,174.0,185.57142857142858,12.277022225494045,0,0,0,0,34.183630753946815,0.18420740206129926,5846253.0,1.1721403932495665E7,4.0778344E7,308.0,7.6001289E7,5846253.0,1.1721403932495665E7,4.0778344E7,308.0,0,0,0,0,0,0,0,0,0,0,0,112,0,0.18420740206129926,0.0,174.0,204.0,185.57142857142858,12.277022225494045,150.72527472527474,0,0,0,0,0,0,0,0,0.0,185.57142857142858,185.57142857142858,0.0,0,0,0,0,0,0,1,185,0,0,0,0,13,8,4500750.5,6360508.228266394,8998309.0,3192.0,2.2333262666666664E7,1.7099028318933368E7,4.0778344E7,7010640.0,0,1
192.168.1.4-255.255.255.255-68-67-17,192.168.1.4,68,255.255.255.255,67,17,1970-01-01 00:09:31.148923,102444307,2,0,600.0,0.0,300.0,300.0,300.0,0.0,0,0,0,0,5.8568408296226755,0.019522802765408916,1.02444307E8,0.0,1.02444307E8,1.02444307E8,1.02444307E8,1.02444307E8,0.0,1.02444307E8,1.02444307E8,0,0,0,0,0,0,0,0,0,0,0,16,0,0.019522802765408916,0.0,300.0,300.0,300.0,0.0,0.0,0,0,0,0,0,0,0,0,0.0,300.0,300.0,0.0,0,0,0,0,0,0,1,300,0,0,0,0,1,8,0,0,0,0,1.02444307E8,0.0,1.02444307E8,1.02444307E8,0,1
192.168.1.3-192.168.1.4-67-68-17,192.168.1.3,67,192.168.1.4,68,17,1970-01-01 00:09:31.149437,102444316,3,1,1644.0,300.0,548.0,548.0,548.0,0.0,300.0,300.0,300.0,0.0,18.976162620872007,0.039045602100559684,3.4148105333333336E7,3.784090333636759E7,7.4863463E7,56210.0,1.02444316E8,5.1222158E7,3.3513347107539855E7,7.4919673E7,2.7524643E7,0,0,0,0,0,0,0,0,0,0,0,24,8,0.029284201575419763,0.009761400525139921,300.0,548.0,486.0,124.00000000000001,15376.000000000002,0,0,0,0,0,0,0,0,0.3333333333333333,486.0,548.0,300.0,0,0,0,0,0,0,0,411,0,75,0,0,2,8,56210.0,0.0,56210.0,56210.0,5.1194053E7,3.347360063536936E7,7.4863463E7,2.7524643E7,0,1
134.221.96.0-0.0.1.146-0-0-0,134.221.96.0,0,0.0.1.146,0,0,1970-01-01 00:10:22.130586,117670179,76,0,0.0,0.0,0.0,0.0,0.0,0.0,0,0,0,0,0.0,0.64587307205507,1568935.7199999995,1743856.246116096,1.0575124E7,210.0,1.17670179E8,1568935.7199999995,1743856.246116096,1.0575124E7,210.0,0,0,0,0,0,0,0,0,0,0,0,0,0,0.64587307205507,0.0,0.0,0.0,0.0,0.0,0.0,0,0,0,0,0,0,0,0,0.0,0.0,0.0,0.0,0,0,0,0,0,0,1,0,0,0,0,0,0,0,4474717.0,1837185.5097471785,6470152.0,2853357.0,8185414.333333333,2370009.4674220886,1.0575124E7,5835609.0,0,1
134.221.96.0-0.0.0.104-0-0-0,134.221.96.0,0,0.0.0.104,0,0,1970-01-01 00:10:30.337928,112094452,26,0,0.0,0.0,0.0,0.0,0.0,0.0,0,0,0,0,0.0,0.2319472510557436,4483778.08,3467070.760199883,1.0002581E7,37832.0,1.12094452E8,4483778.08,3467070.760199883,1.0002581E7,37832.0,0,0,0,0,0,0,0,0,0,0,0,0,0,0.2319472510557436,0.0,0.0,0.0,0.0,0.0,0.0,0,0,0,0,0,0,0,0,0.0,0.0,0.0,0.0,0,0,0,0,0,0,1,0,0,0,0,0,0,0,4394543.571428572,4544594.802074176,1.1974931E7,1314002.0,8804232.444444444,933991.0896258745,1.0002581E7,7714373.0,0,1
134.221.96.0-0.0.0.128-0-0-0,134.221.96.0,0,0.0.0.128,0,0,1970-01-01 00:10:30.339435,112094365,26,0,0.0,0.0,0.0,0.0,0.0,0.0,0,0,0,0,0.0,0.23194743107737842,4483774.599999999,3467437.6114295484,1.0004105E7,36178.0,1.12094365E8,4483774.599999999,3467437.6114295484,1.0004105E7,36178.0,0,0,0,0,0,0,0,0,0,0,0,0,0,0.23194743107737842,0.0,0.0,0.0,0.0,0.0,0.0,0,0,0,0,0,0,0,0,0.0,0.0,0.0,0.0,0,0,0,0,0,0,1,0,0,0,0,0,0,0,4394056.142857144,4544546.518085438,1.1974965E7,1313215.0,8804606.333333334,934072.3108335886,1.0004105E7,7715020.0,0,1
134.221.96.0-0.0.0.116-0-0-0,134.221.96.0,0,0.0.0.116,0,0,1970-01-01 00:10:30.339926,112094504,26,0,0.0,0.0,0.0,0.0,0.0,0.0,0,0,0,0,0.0,0.23194714345673897,4483780.16,3475804.6365498314,1.0004225E7,35722.0,1.12094504E8,4483780.16,3475804.6365498314,1.0004225E7,35722.0,0,0,0,0,0,0,0,0,0,0,0,0,0,0.23194714345673897,0.0,0.0,0.0,0.0,0.0,0.0,0,0,0,0,0,0,0,0,0.0,0.0,0.0,0.0,0,0,0,0,0,0,1,0,0,0,0,0,0,0,4380092.714285715,4555060.971031039,1.197501E7,1313336.0,8815480.111111112,930635.3311640717,1.0004225E7,7715095.0,0,1
134.221.96.0-0.0.0.28-0-0-0,134.221.96.0,0,0.0.0.28,0,0,1970-01-01 00:10:30.340378,112094492,26,0,0.0,0.0,0.0,0.0,0.0,0.0,0,0,0,0,0.0,0.23194716828726963,4483779.680000002,3475818.089493054,1.0004256E7,35612.0,1.12094492E8,4483779.680000002,3475818.089493054,1.0004256E7,35612.0,0,0,0,0,0,0,0,0,0,0,0,0,0,0.23194716828726963,0.0,0.0,0.0,0.0,0.0,0.0,0,0,0,0,0,0,0,0,0.0,0.0,0.0,0.0,0,0,0,0,0,0,1,0,0,0,0,0,0,0,4380109.857142856,4555047.701873948,1.1975107E7,1313394.0,8815473.0,930656.0099043042,1.0004256E7,7715073.0,0,1
134.221.96.0-0.0.0.136-0-0-0,134.221.96.0,0,0.0.0.136,0,0,1970-01-01 00:10:30.340607,112094661,52,0,0.0,0.0,0.0,0.0,0.0,0.0,0,0,0,0,0.0,0.4638936371822383,2197934.529411765,3304984.2725929716,1.0004063E7,9.0,1.12094661E8,2197934.529411765,3304984.2725929716,1.0004063E7,9.0,0,0,0,0,0,0,0,0,0,0,0,0,0,0.4638936371822383,0.0,0.0,0.0,0.0,0.0,0.0,0,0,0,0,0,0,0,0,0.0,0.0,0.0,0.0,0,0,0,0,0,0,1,0,0,0,0,0,0,0,3406899.777777778,4392280.327888573,1.1975259E7,145.0,8815324.777777778,930658.2091174478,1.0004063E7,7714956.0,0,1
134.221.96.0-0.0.0.194-0-0-0,134.221.96.0,0,0.0.0.194,0,0,1970-01-01 00:10:31.437937,119999437,37,0,0.0,0.0,0.0,0.0,0.0,0.0,0,0,0,0,0.0,0.30833477993734254,3333317.694444445,6039380.187849369,1.7575771E7,727.0,1.19999437E8,3333317.694444445,6039380.187849369,1.7575771E7,727.0,0,0,0,0,0,0,0,0,0,0,0,0,0,0.30833477993734254,0.0,0.0,0.0,0.0,0.0,0.0,0,0,0,0,0,0,0,0,0.0,0.0,0.0,0.0,0,0,0,0,0,0,1,0,0,0,0,0,0,0,10236.555555555555,4845.2219534070655,19172.0,1790.0,1.3322168E7,3147779.355068109,1.7575771E7,8197745.0,0,1
134.221.96.0-0.0.0.42-0-0-0,134.221.96.0,0,0.0.0.42,0,0,1970-01-01 00:10:31.438471,119999575,37,0,0.0,0.0,0.0,0.0,0.0,0.0,0,0,0,0,0.0,0.3083344253510898,3333321.527777778,6040212.963819298,1.7576924E7,710.0,1.19999575E8,3333321.527777778,6040212.963819298,1.7576924E7,710.0,0,0,0,0,0,0,0,0,0,0,0,0,0,0.3083344253510898,0.0,0.0,0.0,0.0,0.0,0.0,0,0,0,0,0,0,0,0,0.0,0.0,0.0,0.0,0,0,0,0,0,0,1,0,0,0,0,0,0,0,8857.444444444445,4478.937293351825,17335.0,1626.0,1.3323594111111112E7,3148001.069951591,1.7576924E7,8198578.0,0,1
134.221.96.0-0.0.0.32-0-0-0,134.221.96.0,0,0.0.0.32,0,0,1970-01-01 00:11:06.316284,115999615,20,0,0.0,0.0,0.0,0.0,0.0,0.0,0,0,0,0,0.0,0.1724143653407815,6105242.894736842,8903304.61615818,2.4499259E7,186.0,1.15999615E8,6105242.894736842,8903304.61615818,2.4499259E7,186.0,0,0,0,0,0,0,0,0,0,0,0,0,0,0.1724143653407815,0.0,0.0,0.0,0.0,0.0,0.0,0,0,0,0,0,0,0,0,0.0,0.0,0.0,0.0,0,0,0,0,0,0,1,0,0,0,0,0,0,0,436396.7142857143,1105469.3159358026,2941634.0,319.0,1.6134950285714285E7,7118390.94110766,2.4499259E7,5267054.0,0,1
134.221.96.0-0.0.1.146-0-0-0,134.221.96.0,0,0.0.1.146,0,0,1970-01-01 00:12:22.654665,119959196,73,0,0.0,0.0,0.0,0.0,0.0,0.0,0,0,0,0,0.0,0.6085402573054924,1666099.944444444,985577.2735178168,4298108.0,31258.0,1.19959196E8,1666099.944444444,985577.2735178168,4298108.0,31258.0,0,0,0,0,0,0,0,0,0,0,0,0,0,0.6085402573054924,0.0,0.0,0.0,0.0,0.0,0.0,0,0,0,0,0,0,0,0,0.0,0.0,0.0,0.0,0,0,0,0,0,0,1,0,0,0,0,0,0,0,0,0,0,0,0,0,0,0,0,1
134.221.96.0-0.0.0.104-0-0-0,134.221.96.0,0,0.0.0.104,0,0,1970-01-01 00:12:30.338889,119999404,25,0,0.0,0.0,0.0,0.0,0.0,0.0,0,0,0,0,0.0,0.2083343680606947,4999975.166666666,3204782.7507646,8140880.0,1859306.0,1.19999404E8,4999975.166666666,3204782.7507646,8140880.0,1859306.0,0,0,0,0,0,0,0,0,0,0,0,0,0,0.2083343680606947,0.0,0.0,0.0,0.0,0.0,0.0,0,0,0,0,0,0,0,0,0.0,0.0,0.0,0.0,0,0,0,0,0,0,1,0,0,0,0,0,0,0,1862673.0833333335,5202.382451746744,1876509.0,1859306.0,8137277.25,5262.457447463463,8140880.0,8123968.0,0,1
134.221.96.0-0.0.0.128-0-0-0,134.221.96.0,0,0.0.0.128,0,0,1970-01-01 00:12:30.340105,119999451,25,0,0.0,0.0,0.0,0.0,0.0,0.0,0,0,0,0,0.0,0.20833428646269392,4999977.124999999,3204715.2956478978,8140534.0,1859951.0,1.19999451E8,4999977.124999999,3204715.2956478978,8140534.0,1859951.0,0,0,0,0,0,0,0,0,0,0,0,0,0,0.20833428646269392,0.0,0.0,0.0,0.0,0.0,0.0,0,0,0,0,0,0,0,0,0.0,0.0,0.0,0.0,0,0,0,0,0,0,1,0,0,0,0,0,0,0,1862741.1666666667,5219.957851333404,1876703.0,1859951.0,8137213.083333333,5361.274262682111,8140534.0,8123271.0,0,1
134.221.96.0-0.0.0.116-0-0-0,134.221.96.0,0,0.0.0.116,0,0,1970-01-01 00:12:30.340582,119999447,25,0,0.0,0.0,0.0,0.0,0.0,0.0,0,0,0,0,0.0,0.2083342934072021,4999976.958333333,3204774.2268040404,8140728.0,1859928.0,1.19999447E8,4999976.958333333,3204774.2268040404,8140728.0,1859928.0,0,0,0,0,0,0,0,0,0,0,0,0,0,0.2083342934072021,0.0,0.0,0.0,0.0,0.0,0.0,0,0,0,0,0,0,0,0,0.0,0.0,0.0,0.0,0,0,0,0,0,0,1,0,0,0,0,0,0,0,1862683.3333333335,5236.410868894741,1876715.0,1859928.0,8137270.583333334,5375.558735582342,8140728.0,8123246.0,0,1
134.221.96.0-0.0.0.28-0-0-0,134.221.96.0,0,0.0.0.28,0,0,1970-01-01 00:12:30.341074,119999319,25,0,0.0,0.0,0.0,0.0,0.0,0.0,0,0,0,0,0.0,0.20833451563170954,4999971.625,3204643.4160611895,8140749.0,1860193.0,1.19999319E8,4999971.625,3204643.4160611895,8140749.0,1860193.0,0,0,0,0,0,0,0,0,0,0,0,0,0,0.20833451563170954,0.0,0.0,0.0,0.0,0.0,0.0,0,0,0,0,0,0,0,0,0.0,0.0,0.0,0.0,0,0,0,0,0,0,1,0,0,0,0,0,0,0,1862806.0833333335,5240.144645094769,1876966.0,1860193.0,8137137.166666666,5405.7581056656045,8140749.0,8123001.0,0,1
134.221.96.0-0.0.0.136-0-0-0,134.221.96.0,0,0.0.0.136,0,0,1970-01-01 00:12:30.341268,119999462,50,0,0.0,0.0,0.0,0.0,0.0,0.0,0,0,0,0,0.0,0.4166685347305974,2448968.612244899,3361152.7461470705,8140545.0,132.0,1.19999462E8,2448968.612244899,3361152.7461470705,8140545.0,132.0,0,0,0,0,0,0,0,0,0,0,0,0,0,0.4166685347305974,0.0,0.0,0.0,0.0,0.0,0.0,0,0,0,0,0,0,0,0,0.0,0.0,0.0,0.0,0,0,0,0,0,0,1,0,0,0,0,0,0,0,1863021.75,5251.244114493219,1877240.0,1860292.0,8136919.833333333,5428.453786774813,8140545.0,8122668.0,0,1
134.221.96.0-0.0.0.194-0-0-0,134.221.96.0,0,0.0.0.194,0,0,1970-01-01 00:12:31.438606,119999341,34,0,0.0,0.0,0.0,0.0,0.0,0.0,0,0,0,0,0.0,0.2833348893141005,3636343.6666666665,6550766.343673433,1.6199573E7,0.0,1.19999341E8,3636343.6666666665,6550766.343673433,1.6199573E7,0.0,0,0,0,0,0,0,0,0,0,0,0,0,0,0.2833348893141005,0.0,0.0,0.0,0.0,0.0,0.0,0,0,0,0,0,0,0,0,0.0,0.0,0.0,0.0,0,0,0,0,0,0,1,0,0,0,0,0,0,0,7380.375,3022.7344733582822,10034.0,771.0,1.4991497124999998E7,1287291.5804626879,1.6199573E7,1.3785892E7,0,1
134.221.96.0-0.0.0.42-0-0-0,134.221.96.0,0,0.0.0.42,0,0,1970-01-01 00:12:31.438980,119999282,34,0,0.0,0.0,0.0,0.0,0.0,0.0,0,0,0,0,0.0,0.2833350286212546,3636341.8787878794,6551405.195669298,1.6201273E7,0.0,1.19999282E8,3636341.8787878794,6551405.195669298,1.6201273E7,0.0,0,0,0,0,0,0,0,0,0,0,0,0,0,0.2833350286212546,0.0,0.0,0.0,0.0,0.0,0.0,0,0,0,0,0,0,0,0,0.0,0.0,0.0,0.0,0,0,0,0,0,0,1,0,0,0,0,0,0,0,6374.75,2617.0594048610033,8782.0,732.0,1.4992571875000002E7,1287830.6747120398,1.6201273E7,1.3786371E7,0,1
192.168.1.4-239.255.255.250-1900-1900-17,192.168.1.4,1900,239.255.255.250,1900,17,1970-01-01 00:07:39.211068,8468769,18,0,8607.0,0.0,513.0,433.0,478.1666666666667,30.860692684079158,0,0,0,0,1016.3224430847033,2.125456486060725,498162.8823529412,431765.2815875314,1362265.0,125399.0,8468769.0,498162.8823529412,431765.2815875314,1362265.0,125399.0,0,0,0,0,0,0,0,0,0,0,0,144,0,2.125456486060725,0.0,433.0,513.0,478.1666666666667,30.860692684079158,952.3823529411769,0,0,0,0,0,0,0,0,0.0,478.1666666666667,478.1666666666667,0.0,2707,5,1851,0,0,0,1,478,0,0,0,0,17,8,0,0,0,0,0,0,0,0,0,1
134.221.96.0-0.0.0.32-0-0-0,134.221.96.0,0,0.0.0.32,0,0,1970-01-01 00:13:15.863768,104952561,16,0,0.0,0.0,0.0,0.0,0.0,0.0,0,0,0,0,0.0,0.15244982921379116,6996837.399999999,9516539.789270587,2.3499552E7,222.0,1.04952561E8,6996837.399999999,9516539.789270587,2.3499552E7,222.0,0,0,0,0,0,0,0,0,0,0,0,0,0,0.15244982921379116,0.0,0.0,0.0,0.0,0.0,0.0,0,0,0,0,0,0,0,0,0.0,0.0,0.0,0.0,0,0,0,0,0,0,1,0,0,0,0,0,0,0,341878.00000000006,836453.2393541196,2049281.0,222.0,1.7150146833333332E7,6830510.094442096,2.3499552E7,8548520.0,0,1
134.221.96.0-0.0.0.64-0-0-0,134.221.96.0,0,0.0.0.64,0,0,1970-01-01 00:10:20.317502,0,1,0,0.0,0.0,0.0,0.0,0.0,0.0,0,0,0,0,NaN,Infinity,NaN,NaN,NaN,NaN,0,0,0,0,0,0,0,0,0,0,0,0,0,0,0,0,0,0,0.0,0.0,0.0,0.0,0.0,0.0,0.0,0,0,0,0,0,0,0,0,0.0,0.0,0.0,0.0,0,0,0,0,0,0,1,0,0,0,0,0,0,0,0,0,0,0,0,0,0,0,0,1
8.6.0.1-8.0.6.4-0-0-0,8.6.0.1,0,8.0.6.4,0,0,1970-01-01 00:09:29.676029,87721322,15,0,0.0,0.0,0.0,0.0,0.0,0.0,0,0,0,0,0.0,0.17099605498421466,6265808.7142857155,1.7400159965013206E7,6.579905E7,85.0,8.7721322E7,6265808.7142857155,1.7400159965013206E7,6.579905E7,85.0,0,0,0,0,0,0,0,0,0,0,0,0,0,0.17099605498421466,0.0,0.0,0.0,0.0,0.0,0.0,0,0,0,0,0,0,0,0,0.0,0.0,0.0,0.0,0,0,0,0,0,0,1,0,0,0,0,0,0,0,5370148.0,7594415.92539795,1.0740211E7,85.0,3.8490455E7,3.8620185418354094E7,6.579905E7,1.118186E7,0,1
192.168.1.4-255.255.255.255-68-67-17,192.168.1.4,68,255.255.255.255,67,17,1970-01-01 00:11:58.690399,0,1,0,300.0,0.0,300.0,300.0,300.0,0.0,0,0,0,0,Infinity,Infinity,NaN,NaN,NaN,NaN,0,0,0,0,0,0,0,0,0,0,0,0,0,0,0,0,8,0,0.0,0.0,300.0,300.0,300.0,0.0,0.0,0,0,0,0,0,0,0,0,0.0,300.0,300.0,0.0,0,0,0,0,0,0,1,300,0,0,0,0,0,8,0,0,0,0,0,0,0,0,0,1
192.168.1.3-192.168.1.4-67-68-17,192.168.1.3,67,192.168.1.4,68,17,1970-01-01 00:11:58.690797,0,1,0,548.0,0.0,548.0,548.0,548.0,0.0,0,0,0,0,Infinity,Infinity,NaN,NaN,NaN,NaN,0,0,0,0,0,0,0,0,0,0,0,0,0,0,0,0,8,0,0.0,0.0,548.0,548.0,548.0,0.0,0.0,0,0,0,0,0,0,0,0,0.0,548.0,548.0,0.0,0,0,0,0,0,0,1,548,0,0,0,0,0,8,0,0,0,0,0,0,0,0,0,1
192.168.1.4-192.168.1.255-137-137-17,192.168.1.4,137,192.168.1.255,137,17,1970-01-01 00:11:27.542041,54997938,9,0,450.0,0.0,50.0,50.0,50.0,0.0,0,0,0,0,8.18212493712037,0.1636424987424074,6874742.25,1.1789257255900351E7,2.9906315E7,328201.0,5.4997938E7,6874742.25,1.1789257255900351E7,2.9906315E7,328201.0,0,0,0,0,0,0,0,0,0,0,0,72,0,0.1636424987424074,0.0,50.0,50.0,50.0,0.0,0.0,0,0,0,0,0,0,0,0,0.0,50.0,50.0,0.0,0,0,0,0,0,0,1,50,0,0,0,0,8,8,1558998.0,2102.9355672487923,1560485.0,1557511.0,2.5605447E7,6082345.855576448,2.9906315E7,2.1304579E7,0,1
134.221.96.0-0.0.1.146-0-0-0,134.221.96.0,0,0.0.1.146,0,0,1970-01-01 00:14:23.818130,117218679,72,0,0.0,0.0,0.0,0.0,0.0,0.0,0,0,0,0,0.0,0.6142365757252733,1650967.3098591552,879809.5478694497,3672441.0,95424.0,1.17218679E8,1650967.3098591552,879809.5478694497,3672441.0,95424.0,0,0,0,0,0,0,0,0,0,0,0,0,0,0.6142365757252733,0.0,0.0,0.0,0.0,0.0,0.0,0,0,0,0,0,0,0,0,0.0,0.0,0.0,0.0,0,0,0,0,0,0,1,0,0,0,0,0,0,0,0,0,0,0,0,0,0,0,0,1
134.221.96.0-0.0.0.104-0-0-0,134.221.96.0,0,0.0.0.104,0,0,1970-01-01 00:14:32.198594,118137823,24,0,0.0,0.0,0.0,0.0,0.0,0.0,0,0,0,0,0.0,0.20315255005164604,5136427.086956523,3205985.180138292,8140846.0,1859859.0,1.18137823E8,5136427.086956523,3205985.180138292,8140846.0,1859859.0,0,0,0,0,0,0,0,0,0,0,0,0,0,0.20315255005164604,0.0,0.0,0.0,0.0,0.0,0.0,0,0,0,0,0,0,0,0,0.0,0.0,0.0,0.0,0,0,0,0,0,0,1,0,0,0,0,0,0,0,1861488.6363636362,1927.6897194687233,1865912.0,1859859.0,8138454.0,1830.286763423677,8140846.0,8134135.0,0,1
134.221.96.0-0.0.0.128-0-0-0,134.221.96.0,0,0.0.0.128,0,0,1970-01-01 00:14:32.199794,118137846,24,0,0.0,0.0,0.0,0.0,0.0,0.0,0,0,0,0,0.0,0.20315251050031843,5136428.0869565215,3206058.703137686,8140558.0,1859790.0,1.18137846E8,5136428.0869565215,3206058.703137686,8140558.0,1859790.0,0,0,0,0,0,0,0,0,0,0,0,0,0,0.20315251050031843,0.0,0.0,0.0,0.0,0.0,0.0,0,0,0,0,0,0,0,0,0.0,0.0,0.0,0.0,0,0,0,0,0,0,1,0,0,0,0,0,0,0,1861414.4545454546,1801.1271117628673,1865623.0,1859790.0,8138523.916666666,1675.17220055572,8140558.0,8134489.0,0,1
134.221.96.0-0.0.0.116-0-0-0,134.221.96.0,0,0.0.0.116,0,0,1970-01-01 00:14:32.200300,118137839,24,0,0.0,0.0,0.0,0.0,0.0,0.0,0,0,0,0,0.0,0.20315252253767738,5136427.782608695,3206111.3958702786,8140724.0,1859662.0,1.18137839E8,5136427.782608695,3206111.3958702786,8140724.0,1859662.0,0,0,0,0,0,0,0,0,0,0,0,0,0,0.20315252253767738,0.0,0.0,0.0,0.0,0.0,0.0,0,0,0,0,0,0,0,0,0.0,0.0,0.0,0.0,0,0,0,0,0,0,1,0,0,0,0,0,0,0,1861360.3636363635,1863.1055403667906,1865833.0,1859662.0,8138572.916666667,1759.3927391590566,8140724.0,8134285.0,0,1
134.221.96.0-0.0.0.28-0-0-0,134.221.96.0,0,0.0.0.28,0,0,1970-01-01 00:14:32.200780,118137689,24,0,0.0,0.0,0.0,0.0,0.0,0.0,0,0,0,0,0.0,0.2031527804814262,5136421.260869566,3206023.0606677746,8140802.0,1859743.0,1.18137689E8,5136421.260869566,3206023.0606677746,8140802.0,1859743.0,0,0,0,0,0,0,0,0,0,0,0,0,0,0.2031527804814262,0.0,0.0,0.0,0.0,0.0,0.0,0,0,0,0,0,0,0,0,0.0,0.0,0.0,0.0,0,0,0,0,0,0,1,0,0,0,0,0,0,0,1861444.090909091,1890.7913927530326,1865917.0,1859743.0,8138483.666666667,1781.9761417306036,8140802.0,8134264.0,0,1
134.221.96.0-0.0.0.136-0-0-0,134.221.96.0,0,0.0.0.136,0,0,1970-01-01 00:14:32.201017,118137780,48,0,0.0,0.0,0.0,0.0,0.0,0.0,0,0,0,0,0.0,0.40630524799094747,2513569.787234043,3413316.8074619016,8140608.0,132.0,1.1813778E8,2513569.787234043,3413316.8074619016,8140608.0,132.0,0,0,0,0,0,0,0,0,0,0,0,0,0,0.40630524799094747,0.0,0.0,0.0,0.0,0.0,0.0,0,0,0,0,0,0,0,0,0.0,0.0,0.0,0.0,0,0,0,0,0,0,1,0,0,0,0,0,0,0,1706554.916666667,537362.0651340903,1866198.0,211.0,8138249.083333333,1794.0839880173469,8140608.0,8134039.0,0,1
134.221.96.0-0.0.0.194-0-0-0,134.221.96.0,0,0.0.0.194,0,0,1970-01-01 00:14:47.632796,103805646,32,0,0.0,0.0,0.0,0.0,0.0,0.0,0,0,0,0,0.0,0.30826839611402257,3348569.2258064514,6323543.078044036,1.6196198E7,684.0,1.03805646E8,3348569.2258064514,6323543.078044036,1.6196198E7,684.0,0,0,0,0,0,0,0,0,0,0,0,0,0,0.30826839611402257,0.0,0.0,0.0,0.0,0.0,0.0,0,0,0,0,0,0,0,0,0.0,0.0,0.0,0.0,0,0,0,0,0,0,1,0,0,0,0,0,0,0,8721.857142857143,451.17824584504245,9316.0,8076.0,1.4819287285714287E7,1286919.7415168923,1.6196198E7,1.3786922E7,0,1
134.221.96.0-0.0.0.42-0-0-0,134.221.96.0,0,0.0.0.42,0,0,1970-01-01 00:14:47.634752,103804022,33,0,0.0,0.0,0.0,0.0,0.0,0.0,0,0,0,0,0.0,0.31790675702334537,3243875.6875,6028499.939750713,1.6197855E7,676.0,1.03804022E8,3243875.6875,6028499.939750713,1.6197855E7,676.0,0,0,0,0,0,0,0,0,0,0,0,0,0,0.31790675702334537,0.0,0.0,0.0,0.0,0.0,0.0,0,0,0,0,0,0,0,0,0.0,0.0,0.0,0.0,0,0,0,0,0,0,1,0,0,0,0,0,0,0,658002.8571428572,1720506.2504303232,4559744.0,6779.0,1.4170020857142858E7,2486688.33326645,1.6197855E7,9235887.0,0,1
192.168.1.5-192.168.1.255-138-138-17,192.168.1.5,138,192.168.1.255,138,17,1970-01-01 00:11:51.944031,0,1,0,204.0,0.0,204.0,204.0,204.0,0.0,0,0,0,0,Infinity,Infinity,NaN,NaN,NaN,NaN,0,0,0,0,0,0,0,0,0,0,0,0,0,0,0,0,8,0,0.0,0.0,204.0,204.0,204.0,0.0,0.0,0,0,0,0,0,0,0,0,0.0,204.0,204.0,0.0,0,0,0,0,0,0,1,204,0,0,0,0,0,8,0,0,0,0,0,0,0,0,0,1
192.168.1.5-239.255.255.250-1900-1900-17,192.168.1.5,1900,239.255.255.250,1900,17,1970-01-01 00:09:29.830775,8673614,19,0,9120.0,0.0,513.0,433.0,480.00000000000006,31.03761159195942,0,0,0,0,1051.4648219300511,2.1905517123542735,481867.44444444444,409911.5154308911,1328951.0,123958.0,8673614.0,481867.44444444444,409911.5154308911,1328951.0,123958.0,0,0,0,0,0,0,0,0,0,0,0,152,0,2.1905517123542735,0.0,433.0,513.0,480.00000000000006,31.03761159195942,963.3333333333337,0,0,0,0,0,0,0,0,0.0,480.0,480.0,0.0,2878,6,1841,0,0,0,1,480,0,0,0,0,18,8,0,0,0,0,0,0,0,0,0,1
134.221.96.0-0.0.0.32-0-0-0,134.221.96.0,0,0.0.0.32,0,0,1970-01-01 00:15:19.364112,99452524,16,0,0.0,0.0,0.0,0.0,0.0,0.0,0,0,0,0,0.0,0.16088078367925585,6630168.266666668,8668095.319026737,2.299944E7,231.0,9.9452524E7,6630168.266666668,8668095.319026737,2.299944E7,231.0,0,0,0,0,0,0,0,0,0,0,0,0,0,0.16088078367925585,0.0,0.0,0.0,0.0,0.0,0.0,0,0,0,0,0,0,0,0,0.0,0.0,0.0,0.0,0,0,0,0,0,0,1,0,0,0,0,0,0,0,825757.3333333333,2021752.8297508247,4952643.0,231.0,1.5749562E7,6300444.621425158,2.299944E7,7054330.0,0,1
192.168.1.4-255.255.255.255-68-67-17,192.168.1.4,68,255.255.255.255,67,17,1970-01-01 00:15:30.189355,61156261,2,0,600.0,0.0,300.0,300.0,300.0,0.0,0,0,0,0,9.810933340087615,0.03270311113362539,6.1156261E7,0.0,6.1156261E7,6.1156261E7,6.1156261E7,6.1156261E7,0.0,6.1156261E7,6.1156261E7,0,0,0,0,0,0,0,0,0,0,0,16,0,0.03270311113362539,0.0,300.0,300.0,300.0,0.0,0.0,0,0,0,0,0,0,0,0,0.0,300.0,300.0,0.0,0,0,0,0,0,0,1,300,0,0,0,0,1,8,0,0,0,0,6.1156261E7,0.0,6.1156261E7,6.1156261E7,0,1
192.168.1.3-192.168.1.4-67-68-17,192.168.1.3,67,192.168.1.4,68,17,1970-01-01 00:15:30.189645,61156380,2,0,1096.0,0.0,548.0,548.0,548.0,0.0,0,0,0,0,17.92127002939023,0.03270304749888728,6.115638E7,0.0,6.115638E7,6.115638E7,6.115638E7,6.115638E7,0.0,6.115638E7,6.115638E7,0,0,0,0,0,0,0,0,0,0,0,16,0,0.03270304749888728,0.0,548.0,548.0,548.0,0.0,0.0,0,0,0,0,0,0,0,0,0.0,548.0,548.0,0.0,0,0,0,0,0,0,1,548,0,0,0,0,1,8,0,0,0,0,6.115638E7,0.0,6.115638E7,6.115638E7,0,1
192.168.1.4-192.168.1.255-137-137-17,192.168.1.4,137,192.168.1.255,137,17,1970-01-01 00:15:30.507262,119591176,24,0,1200.0,0.0,50.0,50.0,50.0,0.0,0,0,0,0,10.034185130849453,0.20068370261698906,5199616.347826086,9839461.586668633,4.0173262E7,198544.0,1.19591176E8,5199616.347826086,9839461.586668633,4.0173262E7,198544.0,0,0,0,0,0,0,0,0,0,0,0,192,0,0.20068370261698906,0.0,50.0,50.0,50.0,0.0,0.0,0,0,0,0,0,0,0,0,0.0,50.0,50.0,0.0,300,6,107,0,0,0,1,50,0,0,0,0,23,8,2747918.8,2144101.1497589615,6449872.0,1497283.0,2.08706006E7,1.176229863880984E7,4.0173262E7,8220178.0,0,1
192.168.1.4-216.58.211.46-49311-80-6,192.168.1.4,49311,216.58.211.46,80,6,1970-01-01 00:15:34.100983,117075502,48,32,7885.0,24364.0,361.0,0.0,164.2708333333333,157.31642318444088,1150.0,0.0,761.375,430.080918867826,275.45472322638426,0.683319726444564,1481968.3797468354,4602599.567057126,2.7832825E7,138.0,1.17075502E8,2490968.1276595746,5775830.710230847,2.7832825E7,457.0,1.16852011E8,3769419.709677419,6932751.353323701,2.8074986E7,9653.0,26,26,0,0,0,0,972,644,0.4099918358667384,0.2733278905778256,0.0,1150.0,403.11249999999984,417.082634369264,173957.92389240515,0,2,0,52,79,0,0,0,0.6666666666666666,403.1125,164.27083333333334,761.375,0,0,0,0,0,0,0,98,0,304,8192,31734,26,20,4353612.0,4437606.446752529,1.1136091E7,262674.0,1.51051555E7,8903567.713525737,2.7832825E7,5922466.0,117075502,1
134.221.96.0-0.0.1.146-0-0-0,134.221.96.0,0,0.0.1.146,0,0,1970-01-01 00:16:24.457436,117890375,73,0,0.0,0.0,0.0,0.0,0.0,0.0,0,0,0,0,0.0,0.6192193383047598,1637366.3194444445,905814.2275272475,3733980.0,32038.0,1.17890375E8,1637366.3194444445,905814.2275272475,3733980.0,32038.0,0,0,0,0,0,0,0,0,0,0,0,0,0,0.6192193383047598,0.0,0.0,0.0,0.0,0.0,0.0,0,0,0,0,0,0,0,0,0.0,0.0,0.0,0.0,0,0,0,0,0,0,1,0,0,0,0,0,0,0,0,0,0,0,0,0,0,0,0,1
134.221.96.0-0.0.0.104-0-0-0,134.221.96.0,0,0.0.0.104,0,0,1970-01-01 00:16:32.198825,118138779,24,0,0.0,0.0,0.0,0.0,0.0,0.0,0,0,0,0,0.0,0.20315090610509864,5136468.652173912,3102761.952557176,8139822.0,1859311.0,1.18138779E8,5136468.652173912,3102761.952557176,8139822.0,1859311.0,0,0,0,0,0,0,0,0,0,0,0,0,0,0.20315090610509864,0.0,0.0,0.0,0.0,0.0,0.0,0,0,0,0,0,0,0,0,0.0,0.0,0.0,0.0,0,0,0,0,0,0,1,0,0,0,0,0,0,0,1976339.0000000002,249472.02611715804,2622608.0,1859311.0,8033254.166666666,238846.81803000983,8139822.0,7381813.0,0,1
134.221.96.0-0.0.0.128-0-0-0,134.221.96.0,0,0.0.0.128,0,0,1970-01-01 00:16:32.200015,118138868,24,0,0.0,0.0,0.0,0.0,0.0,0.0,0,0,0,0,0.0,0.20315075306121944,5136472.521739132,3102642.430137178,8139988.0,1859421.0,1.18138868E8,5136472.521739132,3102642.430137178,8139988.0,1859421.0,0,0,0,0,0,0,0,0,0,0,0,0,0,0.20315075306121944,0.0,0.0,0.0,0.0,0.0,0.0,0,0,0,0,0,0,0,0,0.0,0.0,0.0,0.0,0,0,0,0,0,0,1,0,0,0,0,0,0,0,1976462.3636363635,249447.32026633306,2622899.0,1859421.0,8033148.5,238795.1879374685,8139988.0,7381699.0,0,1
134.221.96.0-0.0.0.116-0-0-0,134.221.96.0,0,0.0.0.116,0,0,1970-01-01 00:16:32.200502,118138888,24,0,0.0,0.0,0.0,0.0,0.0,0.0,0,0,0,0,0.0,0.2031507186693682,5136473.391304349,3102507.5066442005,8140152.0,1859334.0,1.18138888E8,5136473.391304349,3102507.5066442005,8140152.0,1859334.0,0,0,0,0,0,0,0,0,0,0,0,0,0,0.2031507186693682,0.0,0.0,0.0,0.0,0.0,0.0,0,0,0,0,0,0,0,0,0.0,0.0,0.0,0.0,0,0,0,0,0,0,1,0,0,0,0,0,0,0,1976643.0,250008.8510645173,2625057.0,1859334.0,8032984.583333332,239314.13942707106,8140152.0,7379619.0,0,1
134.221.96.0-0.0.0.28-0-0-0,134.221.96.0,0,0.0.0.28,0,0,1970-01-01 00:16:32.200998,118138760,24,0,0.0,0.0,0.0,0.0,0.0,0.0,0,0,0,0,0.0,0.20315093877741733,5136467.826086957,3102104.5918545905,8140174.0,1859405.0,1.1813876E8,5136467.826086957,3102104.5918545905,8140174.0,1859405.0,0,0,0,0,0,0,0,0,0,0,0,0,0,0.20315093877741733,0.0,0.0,0.0,0.0,0.0,0.0,0,0,0,0,0,0,0,0,0.0,0.0,0.0,0.0,0,0,0,0,0,0,1,0,0,0,0,0,0,0,1977140.5454545456,251210.56351768473,2629726.0,1859405.0,8032517.833333334,240452.4220936379,8140174.0,7374993.0,0,1
134.221.96.0-0.0.0.136-0-0-0,134.221.96.0,0,0.0.0.136,0,0,1970-01-01 00:16:32.201238,118138875,48,0,0.0,0.0,0.0,0.0,0.0,0.0,0,0,0,0,0.0,0.40630148204814037,2513593.085106383,3367145.8024048954,8140052.0,139.0,1.18138875E8,2513593.085106383,3367145.8024048954,8140052.0,139.0,0,0,0,0,0,0,0,0,0,0,0,0,0,0.40630148204814037,0.0,0.0,0.0,0.0,0.0,0.0,0,0,0,0,0,0,0,0,0.0,0.0,0.0,0.0,0,0,0,0,0,0,1,0,0,0,0,0,0,0,1812512.7499999998,618940.3256675698,2629731.0,212.0,8032379.999999999,240464.9446876537,8140052.0,7374814.0,0,1
192.168.1.4-239.255.255.250-58673-1900-17,192.168.1.4,58673,239.255.255.250,1900,17,1970-01-01 00:10:46.668067,26241414,6,0,798.0,0.0,133.0,133.0,133.0,0.0,0,0,0,0,30.40994665912439,0.2286462154821383,5248282.8,3554056.5580569617,9217090.0,898556.0,2.6241414E7,5248282.8,3554056.5580569617,9217090.0,898556.0,0,0,0,0,0,0,0,0,0,0,0,48,0,0.2286462154821383,0.0,133.0,133.0,133.0,0.0,0.0,0,0,0,0,0,0,0,0,0.0,133.0,133.0,0.0,0,0,0,0,0,0,1,133,0,0,0,0,5,8,0,0,0,0,7627594.333333333,1850361.583973882,9217090.0,5596333.0,0,1
134.221.96.0-0.0.0.20-0-0-0,134.221.96.0,0,0.0.0.20,0,0,1970-01-01 00:08:20.133189,68246218,9,0,0.0,0.0,0.0,0.0,0.0,0.0,0,0,0,0,0.0,0.1318754396031147,8530777.25,2.3886994177228823E7,6.7645879E7,135.0,6.8246218E7,8530777.25,2.3886994177228823E7,6.7645879E7,135.0,0,0,0,0,0,0,0,0,0,0,0,0,0,0.1318754396031147,0.0,0.0,0.0,0.0,0.0,0.0,0,0,0,0,0,0,0,0,0.0,0.0,0.0,0.0,0,0,0,0,0,0,1,0,0,0,0,0,0,0,600339.0,0.0,600339.0,600339.0,6.7645879E7,0.0,6.7645879E7,6.7645879E7,0,1
134.221.96.0-0.0.1.88-0-0-0,134.221.96.0,0,0.0.1.88,0,0,1970-01-01 00:08:20.134249,0,1,0,0.0,0.0,0.0,0.0,0.0,0.0,0,0,0,0,NaN,Infinity,NaN,NaN,NaN,NaN,0,0,0,0,0,0,0,0,0,0,0,0,0,0,0,0,0,0,0.0,0.0,0.0,0.0,0.0,0.0,0.0,0,0,0,0,0,0,0,0,0.0,0.0,0.0,0.0,0,0,0,0,0,0,1,0,0,0,0,0,0,0,0,0,0,0,0,0,0,0,0,1
134.221.96.0-0.0.0.244-0-0-0,134.221.96.0,0,0.0.0.244,0,0,1970-01-01 00:08:20.137866,0,1,0,0.0,0.0,0.0,0.0,0.0,0.0,0,0,0,0,NaN,Infinity,NaN,NaN,NaN,NaN,0,0,0,0,0,0,0,0,0,0,0,0,0,0,0,0,0,0,0.0,0.0,0.0,0.0,0.0,0.0,0.0,0,0,0,0,0,0,0,0,0.0,0.0,0.0,0.0,0,0,0,0,0,0,1,0,0,0,0,0,0,0,0,0,0,0,0,0,0,0,0,1
134.221.96.0-0.0.5.180-0-0-0,134.221.96.0,0,0.0.5.180,0,0,1970-01-01 00:08:20.138220,595089,6,0,0.0,0.0,0.0,0.0,0.0,0.0,0,0,0,0,0.0,10.082525470979972,119017.8,265553.9657192112,594055.0,37.0,595089.0,119017.8,265553.9657192112,594055.0,37.0,0,0,0,0,0,0,0,0,0,0,0,0,0,10.082525470979972,0.0,0.0,0.0,0.0,0.0,0.0,0,0,0,0,0,0,0,0,0.0,0.0,0.0,0.0,0,0,0,0,0,0,1,0,0,0,0,0,0,0,0,0,0,0,0,0,0,0,0,1
134.221.96.0-0.0.5.91-0-0-0,134.221.96.0,0,0.0.5.91,0,0,1970-01-01 00:08:20.138921,0,1,0,0.0,0.0,0.0,0.0,0.0,0.0,0,0,0,0,NaN,Infinity,NaN,NaN,NaN,NaN,0,0,0,0,0,0,0,0,0,0,0,0,0,0,0,0,0,0,0.0,0.0,0.0,0.0,0.0,0.0,0.0,0,0,0,0,0,0,0,0,0.0,0.0,0.0,0.0,0,0,0,0,0,0,1,0,0,0,0,0,0,0,0,0,0,0,0,0,0,0,0,1
134.221.96.0-0.0.0.227-0-0-0,134.221.96.0,0,0.0.0.227,0,0,1970-01-01 00:08:20.730625,0,1,0,0.0,0.0,0.0,0.0,0.0,0.0,0,0,0,0,NaN,Infinity,NaN,NaN,NaN,NaN,0,0,0,0,0,0,0,0,0,0,0,0,0,0,0,0,0,0,0.0,0.0,0.0,0.0,0.0,0.0,0.0,0,0,0,0,0,0,0,0,0.0,0.0,0.0,0.0,0,0,0,0,0,0,1,0,0,0,0,0,0,0,0,0,0,0,0,0,0,0,0,1
134.221.96.0-0.0.0.209-0-0-0,134.221.96.0,0,0.0.0.209,0,0,1970-01-01 00:08:20.732727,0,1,0,0.0,0.0,0.0,0.0,0.0,0.0,0,0,0,0,NaN,Infinity,NaN,NaN,NaN,NaN,0,0,0,0,0,0,0,0,0,0,0,0,0,0,0,0,0,0,0.0,0.0,0.0,0.0,0.0,0.0,0.0,0,0,0,0,0,0,0,0,0.0,0.0,0.0,0.0,0,0,0,0,0,0,1,0,0,0,0,0,0,0,0,0,0,0,0,0,0,0,0,1
134.221.96.0-0.0.4.102-0-0-0,134.221.96.0,0,0.0.4.102,0,0,1970-01-01 00:08:20.733346,0,1,0,0.0,0.0,0.0,0.0,0.0,0.0,0,0,0,0,NaN,Infinity,NaN,NaN,NaN,NaN,0,0,0,0,0,0,0,0,0,0,0,0,0,0,0,0,0,0,0.0,0.0,0.0,0.0,0.0,0.0,0.0,0,0,0,0,0,0,0,0,0.0,0.0,0.0,0.0,0,0,0,0,0,0,1,0,0,0,0,0,0,0,0,0,0,0,0,0,0,0,0,1
8.6.0.1-8.0.6.4-0-0-0,8.6.0.1,0,8.0.6.4,0,0,1970-01-01 00:15:30.181524,106,2,0,0.0,0.0,0.0,0.0,0.0,0.0,0,0,0,0,0.0,18867.924528301886,106.0,0.0,106.0,106.0,106.0,106.0,0.0,106.0,106.0,0,0,0,0,0,0,0,0,0,0,0,0,0,18867.924528301886,0.0,0.0,0.0,0.0,0.0,0.0,0,0,0,0,0,0,0,0,0.0,0.0,0.0,0.0,0,0,0,0,0,0,1,0,0,0,0,0,0,0,0,0,0,0,0,0,0,0,0,1
192.168.1.5-192.168.1.4-1900-58673-17,192.168.1.5,1900,192.168.1.4,58673,17,1970-01-01 00:00:16.410331,7030414,7,0,2862.0,0.0,446.0,394.0,408.8571428571429,25.373401896661864,0,0,0,0,407.0884019063457,0.9956739389742908,1171735.6666666667,1379042.3045991978,3703251.0,319.0,7030414.0,1171735.6666666667,1379042.3045991978,3703251.0,319.0,0,0,0,0,0,0,0,0,0,0,0,56,0,0.9956739389742908,0.0,394.0,446.0,408.8571428571429,25.373401896661864,643.809523809524,0,0,0,0,0,0,0,0,0.0,408.85714285714283,408.85714285714283,0.0,0,0,0,0,0,0,1,408,0,0,0,0,6,8,0,0,0,0,0,0,0,0,0,1
134.221.96.0-0.0.1.214-0-0-0,134.221.96.0,0,0.0.1.214,0,0,1970-01-01 00:08:21.520035,74450266,5,0,0.0,0.0,0.0,0.0,0.0,0.0,0,0,0,0,0.0,0.0671589272763646,1.86125665E7,3.446019677332992E7,7.028354E7,56817.0,7.4450266E7,1.86125665E7,3.446019677332992E7,7.028354E7,56817.0,0,0,0,0,0,0,0,0,0,0,0,0,0,0.0671589272763646,0.0,0.0,0.0,0.0,0.0,0.0,0,0,0,0,0,0,0,0,0.0,0.0,0.0,0.0,0,0,0,0,0,0,1,0,0,0,0,0,0,0,4109909.0,0.0,4109909.0,4109909.0,7.028354E7,0.0,7.028354E7,7.028354E7,0,1
134.221.96.0-0.0.0.194-0-0-0,134.221.96.0,0,0.0.0.194,0,0,1970-01-01 00:16:47.650475,103786709,32,0,0.0,0.0,0.0,0.0,0.0,0.0,0,0,0,0,0.0,0.30832464299450907,3347958.3548387103,6333311.014021269,1.6715629E7,0.0,1.03786709E8,3347958.3548387103,6333311.014021269,1.6715629E7,0.0,0,0,0,0,0,0,0,0,0,0,0,0,0,0.30832464299450907,0.0,0.0,0.0,0.0,0.0,0.0,0,0,0,0,0,0,0,0,0.0,0.0,0.0,0.0,0,0,0,0,0,0,1,0,0,0,0,0,0,0,8118.714285714285,1083.6315047539167,8991.0,6050.0,1.4817344E7,1523279.8786595326,1.6715629E7,1.3266086E7,0,1
134.221.96.0-0.0.0.42-0-0-0,134.221.96.0,0,0.0.0.42,0,0,1970-01-01 00:16:47.651816,103785693,32,0,0.0,0.0,0.0,0.0,0.0,0.0,0,0,0,0,0.0,0.3083276613087702,3347925.580645161,6333907.322131774,1.6717483E7,0.0,1.03785693E8,3347925.580645161,6333907.322131774,1.6717483E7,0.0,0,0,0,0,0,0,0,0,0,0,0,0,0,0.3083276613087702,0.0,0.0,0.0,0.0,0.0,0.0,0,0,0,0,0,0,0,0,0.0,0.0,0.0,0.0,0,0,0,0,0,0,1,0,0,0,0,0,0,0,7029.571428571428,1201.7188879743405,8223.0,4565.0,1.4818382285714285E7,1523526.0378030646,1.6717483E7,1.3267244E7,0,1
134.221.96.0-0.0.0.32-0-0-0,134.221.96.0,0,0.0.0.32,0,0,1970-01-01 00:17:22.315936,102500466,18,0,0.0,0.0,0.0,0.0,0.0,0.0,0,0,0,0,0.0,0.17560895771927515,6029439.176470588,9553754.205056835,2.4000081E7,197.0,1.02500466E8,6029439.176470588,9553754.205056835,2.4000081E7,197.0,0,0,0,0,0,0,0,0,0,0,0,0,0,0.17560895771927515,0.0,0.0,0.0,0.0,0.0,0.0,0,0,0,0,0,0,0,0,0.0,0.0,0.0,0.0,0,0,0,0,0,0,1,0,0,0,0,0,0,0,1009797.6,2195363.3601649636,4936654.0,222.0,1.949018E7,6218939.613180208,2.4000081E7,9184726.0,0,1
192.168.1.5-224.0.0.22-0-0-0,192.168.1.5,0,224.0.0.22,0,0,1970-01-01 00:09:29.816636,3502814,7,0,0.0,0.0,0.0,0.0,0.0,0.0,0,0,0,0,0.0,1.9983932917933982,583802.3333333334,1161285.5726370953,2927601.0,6411.0,3502814.0,583802.3333333334,1161285.5726370953,2927601.0,6411.0,0,0,0,0,0,0,0,0,0,0,0,0,0,1.9983932917933982,0.0,0.0,0.0,0.0,0.0,0.0,0,0,0,0,0,0,0,0,0.0,0.0,0.0,0.0,0,0,0,0,0,0,1,0,0,0,0,0,0,0,0,0,0,0,0,0,0,0,0,1
192.168.1.5-239.255.255.250-61584-1900-17,192.168.1.5,61584,239.255.255.250,1900,17,1970-01-01 00:09:30.145183,24171046,17,0,2217.0,0.0,133.0,123.0,130.41176470588235,3.9220342860786506,0,0,0,0,91.72130986801315,0.7033208244277057,1510690.375,1535450.311748354,3063985.0,6459.0,2.4171046E7,1510690.375,1535450.311748354,3063985.0,6459.0,0,0,0,0,0,0,0,0,0,0,0,136,0,0.7033208244277057,0.0,123.0,133.0,130.41176470588235,3.9220342860786506,15.38235294117647,0,0,0,0,0,0,0,0,0.0,130.41176470588235,130.41176470588235,0.0,643,5,6632,0,0,0,1,130,0,0,0,0,16,8,0,0,0,0,0,0,0,0,0,1
192.168.1.3-192.168.1.4-67-68-17,192.168.1.3,67,192.168.1.4,68,17,1970-01-01 00:17:33.196613,0,1,0,548.0,0.0,548.0,548.0,548.0,0.0,0,0,0,0,Infinity,Infinity,NaN,NaN,NaN,NaN,0,0,0,0,0,0,0,0,0,0,0,0,0,0,0,0,8,0,0.0,0.0,548.0,548.0,548.0,0.0,0.0,0,0,0,0,0,0,0,0,0.0,548.0,548.0,0.0,0,0,0,0,0,0,1,548,0,0,0,0,0,8,0,0,0,0,0,0,0,0,0,1
192.168.1.4-224.0.0.22-0-0-0,192.168.1.4,0,224.0.0.22,0,0,1970-01-01 00:09:56.265122,50369306,8,0,0.0,0.0,0.0,0.0,0.0,0.0,0,0,0,0,0.0,0.15882688556399804,7195615.142857143,1.8797912709382597E7,4.9824991E7,864.0,5.0369306E7,7195615.142857143,1.8797912709382597E7,4.9824991E7,864.0,0,0,0,0,0,0,0,0,0,0,0,0,0,0.15882688556399804,0.0,0.0,0.0,0.0,0.0,0.0,0,0,0,0,0,0,0,0,0.0,0.0,0.0,0.0,0,0,0,0,0,0,1,0,0,0,0,0,0,0,111347.0,0.0,111347.0,111347.0,4.9824991E7,0.0,4.9824991E7,4.9824991E7,0,1
134.221.96.0-0.0.1.146-0-0-0,134.221.96.0,0,0.0.1.146,0,0,1970-01-01 00:18:24.551267,119280667,72,0,0.0,0.0,0.0,0.0,0.0,0.0,0,0,0,0,0.0,0.6036183550180853,1680009.3943661973,964383.8326250673,3981747.0,61808.0,1.19280667E8,1680009.3943661973,964383.8326250673,3981747.0,61808.0,0,0,0,0,0,0,0,0,0,0,0,0,0,0.6036183550180853,0.0,0.0,0.0,0.0,0.0,0.0,0,0,0,0,0,0,0,0,0.0,0.0,0.0,0.0,0,0,0,0,0,0,1,0,0,0,0,0,0,0,0,0,0,0,0,0,0,0,0,1
192.168.1.4-216.58.211.46-49311-80-6,192.168.1.4,49311,216.58.211.46,80,6,1970-01-01 00:17:35.772709,24410292,11,9,2005.0,6002.0,360.0,0.0,182.27272727272728,150.8171680605964,1120.0,0.0,666.8888888888889,447.83575238150775,328.01737889903166,0.8193265365281169,1284752.210526316,3546550.281513958,1.3028021E7,447.0,2.4410292E7,2441029.2000000007,4693394.217877192,1.3028021E7,63092.0,2.4154694E7,3019336.7500000005,5295777.114703125,1.3276926E7,447.0,7,7,0,0,0,0,220,180,0.45062959509046435,0.36869694143765264,0.0,1120.0,400.34999999999997,396.9909550872067,157601.8184210526,0,0,0,14,20,0,0,0,0.8181818181818182,400.35,182.27272727272728,666.8888888888889,0,0,0,0,0,0,0,100,0,300,64240,32768,6,20,318977.5,9324.617123507001,325571.0,312384.0,1.1182048E7,2610600.052374549,1.3028021E7,9336075.0,146082018,1
134.221.96.0-0.0.0.64-0-0-0,134.221.96.0,0,0.0.0.64,0,0,1970-01-01 00:15:22.192654,0,1,0,0.0,0.0,0.0,0.0,0.0,0.0,0,0,0,0,NaN,Infinity,NaN,NaN,NaN,NaN,0,0,0,0,0,0,0,0,0,0,0,0,0,0,0,0,0,0,0.0,0.0,0.0,0.0,0.0,0.0,0.0,0,0,0,0,0,0,0,0,0.0,0.0,0.0,0.0,0,0,0,0,0,0,1,0,0,0,0,0,0,0,0,0,0,0,0,0,0,0,0,1
134.221.96.0-0.0.0.104-0-0-0,134.221.96.0,0,0.0.0.104,0,0,1970-01-01 00:18:32.213221,118124613,24,0,0.0,0.0,0.0,0.0,0.0,0.0,0,0,0,0,0.0,0.20317526881548387,5135852.7391304355,3197105.563373437,8141457.0,1858862.0,1.18124613E8,5135852.7391304355,3197105.563373437,8141457.0,1858862.0,0,0,0,0,0,0,0,0,0,0,0,0,0,0.20317526881548387,0.0,0.0,0.0,0.0,0.0,0.0,0,0,0,0,0,0,0,0,0.0,0.0,0.0,0.0,0,0,0,0,0,0,1,0,0,0,0,0,0,0,1870009.7272727273,13198.138005725743,1901480.0,1858862.0,8129542.166666666,12622.864181773992,8141457.0,8098608.0,0,1
134.221.96.0-0.0.0.128-0-0-0,134.221.96.0,0,0.0.0.128,0,0,1970-01-01 00:18:32.214695,118123802,24,0,0.0,0.0,0.0,0.0,0.0,0.0,0,0,0,0,0.0,0.2031766637514766,5135817.478260869,3197007.5323656374,8141018.0,1859229.0,1.18123802E8,5135817.478260869,3197007.5323656374,8141018.0,1859229.0,0,0,0,0,0,0,0,0,0,0,0,0,0,0.2031766637514766,0.0,0.0,0.0,0.0,0.0,0.0,0,0,0,0,0,0,0,0,0.0,0.0,0.0,0.0,0,0,0,0,0,0,1,0,0,0,0,0,0,0,1870074.8181818184,13175.997023513484,1901477.0,1859229.0,8129414.916666666,12748.175851386752,8141018.0,8097950.0,0,1
134.221.96.0-0.0.0.116-0-0-0,134.221.96.0,0,0.0.0.116,0,0,1970-01-01 00:18:32.215176,118123713,24,0,0.0,0.0,0.0,0.0,0.0,0.0,0,0,0,0,0.0,0.20317681683439803,5135813.608695652,3196995.192404918,8141027.0,1859175.0,1.18123713E8,5135813.608695652,3196995.192404918,8141027.0,1859175.0,0,0,0,0,0,0,0,0,0,0,0,0,0,0.20317681683439803,0.0,0.0,0.0,0.0,0.0,0.0,0,0,0,0,0,0,0,0,0.0,0.0,0.0,0.0,0,0,0,0,0,0,1,0,0,0,0,0,0,0,1870083.8181818181,13245.590442242888,1901752.0,1859175.0,8129399.250000001,12812.125060589467,8141027.0,8097609.0,0,1
134.221.96.0-0.0.0.28-0-0-0,134.221.96.0,0,0.0.0.28,0,0,1970-01-01 00:18:32.215683,118123518,24,0,0.0,0.0,0.0,0.0,0.0,0.0,0,0,0,0,0.0,0.20317715224160526,5135805.13043478,3196911.286546698,8140857.0,1859192.0,1.18123518E8,5135805.13043478,3196911.286546698,8140857.0,1859192.0,0,0,0,0,0,0,0,0,0,0,0,0,0,0.20317715224160526,0.0,0.0,0.0,0.0,0.0,0.0,0,0,0,0,0,0,0,0,0.0,0.0,0.0,0.0,0,0,0,0,0,0,1,0,0,0,0,0,0,0,1870161.090909091,13256.742597293967,1901809.0,1859192.0,8129312.166666666,12821.088542874906,8140857.0,8097515.0,0,1
134.221.96.0-0.0.0.136-0-0-0,134.221.96.0,0,0.0.0.136,0,0,1970-01-01 00:18:32.215922,118123533,48,0,0.0,0.0,0.0,0.0,0.0,0.0,0,0,0,0,0.0,0.4063542528820231,2513266.6595744677,3408988.665793237,8140616.0,118.0,1.18123533E8,2513266.6595744677,3408988.665793237,8140616.0,118.0,0,0,0,0,0,0,0,0,0,0,0,0,0,0.4063542528820231,0.0,0.0,0.0,0.0,0.0,0.0,0,0,0,0,0,0,0,0,0.0,0.0,0.0,0.0,0,0,0,0,0,0,1,0,0,0,0,0,0,0,1714548.6666666665,540014.269302098,1902232.0,247.0,8129069.25,12882.917972154995,8140616.0,8097049.0,0,1
134.221.96.0-0.0.0.194-0-0-0,134.221.96.0,0,0.0.0.194,0,0,1970-01-01 00:18:47.710869,119993019,36,0,0.0,0.0,0.0,0.0,0.0,0.0,0,0,0,0,0.0,0.30001745351535825,3428371.9714285713,6414450.133645524,1.6274533E7,739.0,1.19993019E8,3428371.9714285713,6414450.133645524,1.6274533E7,739.0,0,0,0,0,0,0,0,0,0,0,0,0,0,0.30001745351535825,0.0,0.0,0.0,0.0,0.0,0.0,0,0,0,0,0,0,0,0,0.0,0.0,0.0,0.0,0,0,0,0,0,0,1,0,0,0,0,0,0,0,9049.625,392.93145076463367,9606.0,8381.0,1.4988976875E7,1360703.5033837077,1.6274533E7,1.3708363E7,0,1
134.221.96.0-0.0.0.42-0-0-0,134.221.96.0,0,0.0.0.42,0,0,1970-01-01 00:18:47.712103,119992240,37,0,0.0,0.0,0.0,0.0,0.0,0.0,0,0,0,0,0.0,0.3083532735116871,3333117.777777778,6285814.303933094,1.6275781E7,698.0,1.1999224E8,3333117.777777778,6285814.303933094,1.6275781E7,698.0,0,0,0,0,0,0,0,0,0,0,0,0,0,0.3083532735116871,0.0,0.0,0.0,0.0,0.0,0.0,0,0,0,0,0,0,0,0,0.0,0.0,0.0,0.0,0,0,0,0,0,0,1,0,0,0,0,0,0,0,145147.25,387384.6144517468,1103875.0,7839.0,1.4852873125000002E7,1548556.8042844129,1.6275781E7,1.2629721E7,0,1
134.221.96.0-0.0.0.32-0-0-0,134.221.96.0,0,0.0.0.32,0,0,1970-01-01 00:19:22.348235,98967971,16,0,0.0,0.0,0.0,0.0,0.0,0.0,0,0,0,0,0.0,0.16166846544727081,6597864.733333333,8824633.144932488,2.3999924E7,208.0,9.8967971E7,6597864.733333333,8824633.144932488,2.3999924E7,208.0,0,0,0,0,0,0,0,0,0,0,0,0,0,0.16166846544727081,0.0,0.0,0.0,0.0,0.0,0.0,0,0,0,0,0,0,0,0,0.0,0.0,0.0,0.0,0,0,0,0,0,0,1,0,0,0,0,0,0,0,828333.0,2027852.22007956,4967669.0,208.0,1.56662675E7,7013595.273145486,2.3999924E7,6531481.0,0,1
192.168.1.5-192.168.1.255-138-138-17,192.168.1.5,138,192.168.1.255,138,17,1970-01-01 00:16:51.944969,0,1,0,204.0,0.0,204.0,204.0,204.0,0.0,0,0,0,0,Infinity,Infinity,NaN,NaN,NaN,NaN,0,0,0,0,0,0,0,0,0,0,0,0,0,0,0,0,8,0,0.0,0.0,204.0,204.0,204.0,0.0,0.0,0,0,0,0,0,0,0,0,0.0,204.0,204.0,0.0,0,0,0,0,0,0,1,204,0,0,0,0,0,8,0,0,0,0,0,0,0,0,0,1
192.168.1.4-192.168.1.255-138-138-17,192.168.1.4,138,192.168.1.255,138,17,1970-01-01 00:10:27.987949,0,1,0,201.0,0.0,201.0,201.0,201.0,0.0,0,0,0,0,Infinity,Infinity,NaN,NaN,NaN,NaN,0,0,0,0,0,0,0,0,0,0,0,0,0,0,0,0,8,0,0.0,0.0,201.0,201.0,201.0,0.0,0.0,0,0,0,0,0,0,0,0,0.0,201.0,201.0,0.0,0,0,0,0,0,0,1,201,0,0,0,0,0,8,0,0,0,0,0,0,0,0,0,1
134.221.96.0-0.0.1.146-0-0-0,134.221.96.0,0,0.0.1.146,0,0,1970-01-01 00:20:25.332793,118906908,73,0,0.0,0.0,0.0,0.0,0.0,0.0,0,0,0,0,0.0,0.6139256434117352,1651484.8333333333,901681.5248339634,3955139.0,123916.0,1.18906908E8,1651484.8333333333,901681.5248339634,3955139.0,123916.0,0,0,0,0,0,0,0,0,0,0,0,0,0,0.6139256434117352,0.0,0.0,0.0,0.0,0.0,0.0,0,0,0,0,0,0,0,0,0.0,0.0,0.0,0.0,0,0,0,0,0,0,1,0,0,0,0,0,0,0,0,0,0,0,0,0,0,0,0,1
192.168.1.4-239.255.255.250-1900-1900-17,192.168.1.4,1900,239.255.255.250,1900,17,1970-01-01 00:15:03.317827,8469411,18,0,8607.0,0.0,513.0,433.0,478.1666666666667,30.860692684079158,0,0,0,0,1016.2454036059887,2.1252953717796905,498200.6470588236,431453.88586614054,1360727.0,124406.0,8469411.0,498200.6470588236,431453.88586614054,1360727.0,124406.0,0,0,0,0,0,0,0,0,0,0,0,144,0,2.1252953717796905,0.0,433.0,513.0,478.1666666666667,30.860692684079158,952.3823529411769,0,0,0,0,0,0,0,0,0.0,478.1666666666667,478.1666666666667,0.0,2707,5,1851,0,0,0,1,478,0,0,0,0,17,8,0,0,0,0,0,0,0,0,0,1
134.221.96.0-0.0.0.104-0-0-0,134.221.96.0,0,0.0.0.104,0,0,1970-01-01 00:20:32.213901,118123884,24,0,0.0,0.0,0.0,0.0,0.0,0.0,0,0,0,0,0.0,0.20317652270898914,5135821.043478261,3191554.2753715194,8125616.0,1874033.0,1.18123884E8,5135821.043478261,3191554.2753715194,8125616.0,1874033.0,0,0,0,0,0,0,0,0,0,0,0,0,0,0.20317652270898914,0.0,0.0,0.0,0.0,0.0,0.0,0,0,0,0,0,0,0,0,0.0,0.0,0.0,0.0,0,0,0,0,0,0,1,0,0,0,0,0,0,0,1875623.4545454546,884.8466944772208,1877357.0,1874033.0,8124335.5,853.8044804925779,8125616.0,8122828.0,0,1
134.221.96.0-0.0.0.128-0-0-0,134.221.96.0,0,0.0.0.128,0,0,1970-01-01 00:20:32.215131,118124186,24,0,0.0,0.0,0.0,0.0,0.0,0.0,0,0,0,0,0.0,0.20317600326151666,5135834.173913043,3191312.6696936972,8125482.0,1874964.0,1.18124186E8,5135834.173913043,3191312.6696936972,8125482.0,1874964.0,0,0,0,0,0,0,0,0,0,0,0,0,0,0.20317600326151666,0.0,0.0,0.0,0.0,0.0,0.0,0,0,0,0,0,0,0,0,0.0,0.0,0.0,0.0,0,0,0,0,0,0,1,0,0,0,0,0,0,0,1875883.3636363635,729.3589339587292,1877619.0,1874964.0,8124122.416666667,814.9616230042435,8125482.0,8122755.0,0,1
134.221.96.0-0.0.0.116-0-0-0,134.221.96.0,0,0.0.0.116,0,0,1970-01-01 00:20:32.215856,118124060,24,0,0.0,0.0,0.0,0.0,0.0,0.0,0,0,0,0,0.0,0.2031762199843114,5135828.695652174,3191358.9240229116,8125608.0,1874906.0,1.1812406E8,5135828.695652174,3191358.9240229116,8125608.0,1874906.0,0,0,0,0,0,0,0,0,0,0,0,0,0,0.2031762199843114,0.0,0.0,0.0,0.0,0.0,0.0,0,0,0,0,0,0,0,0,0.0,0.0,0.0,0.0,0,0,0,0,0,0,1,0,0,0,0,0,0,0,1875830.6363636362,699.18384888772,1877469.0,1874906.0,8124160.25,839.7709779782862,8125608.0,8122691.0,0,1
134.221.96.0-0.0.0.28-0-0-0,134.221.96.0,0,0.0.0.28,0,0,1970-01-01 00:20:32.216263,118124092,24,0,0.0,0.0,0.0,0.0,0.0,0.0,0,0,0,0,0.0,0.20317616494355784,5135830.0869565215,3191208.7370456997,8125538.0,1874897.0,1.18124092E8,5135830.0869565215,3191208.7370456997,8125538.0,1874897.0,0,0,0,0,0,0,0,0,0,0,0,0,0,0.20317616494355784,0.0,0.0,0.0,0.0,0.0,0.0,0,0,0,0,0,0,0,0,0.0,0.0,0.0,0.0,0,0,0,0,0,0,1,0,0,0,0,0,0,0,1875985.4545454544,717.2350191724214,1877651.0,1874897.0,8124021.0,896.1975228709439,8125538.0,8122648.0,0,1
134.221.96.0-0.0.0.136-0-0-0,134.221.96.0,0,0.0.0.136,0,0,1970-01-01 00:20:32.216625,118124091,48,0,0.0,0.0,0.0,0.0,0.0,0.0,0,0,0,0,0.0,0.4063523333271618,2513278.5319148945,3406436.3561810134,8125321.0,18.0,1.18124091E8,2513278.5319148945,3406436.3561810134,8125321.0,18.0,0,0,0,0,0,0,0,0,0,0,0,0,0,0.4063523333271618,0.0,0.0,0.0,0.0,0.0,0.0,0,0,0,0,0,0,0,0,0.0,0.0,0.0,0.0,0,0,0,0,0,0,1,0,0,0,0,0,0,0,1719896.4999999998,541621.727782659,1877943.0,18.0,8123763.500000001,921.6285487212836,8125321.0,8122449.0,0,1
134.221.96.0-0.0.0.194-0-0-0,134.221.96.0,0,0.0.0.194,0,0,1970-01-01 00:21:01.432139,119997065,33,0,0.0,0.0,0.0,0.0,0.0,0.0,0,0,0,0,0.0,0.27500672620617844,3749908.2812500005,6624920.325167289,1.625838E7,685.0,1.19997065E8,3749908.2812500005,6624920.325167289,1.625838E7,685.0,0,0,0,0,0,0,0,0,0,0,0,0,0,0.27500672620617844,0.0,0.0,0.0,0.0,0.0,0.0,0,0,0,0,0,0,0,0,0.0,0.0,0.0,0.0,0,0,0,0,0,0,1,0,0,0,0,0,0,0,9131.624999999998,1044.7692756229549,11193.0,7634.0,1.49905015E7,1353995.8401267603,1.625838E7,1.3722811E7,0,1
134.221.96.0-0.0.0.42-0-0-0,134.221.96.0,0,0.0.0.42,0,0,1970-01-01 00:21:01.432998,119997100,33,0,0.0,0.0,0.0,0.0,0.0,0.0,0,0,0,0,0.0,0.27500664599394486,3749909.375,6625460.5863432605,1.6259517E7,669.0,1.199971E8,3749909.375,6625460.5863432605,1.6259517E7,669.0,0,0,0,0,0,0,0,0,0,0,0,0,0,0.27500664599394486,0.0,0.0,0.0,0.0,0.0,0.0,0,0,0,0,0,0,0,0,0.0,0.0,0.0,0.0,0,0,0,0,0,0,1,0,0,0,0,0,0,0,8239.625000000002,926.7531552221907,10227.0,7112.0,1.4991397875E7,1354378.654091603,1.6259517E7,1.3723323E7,0,1
134.221.96.0-0.0.0.32-0-0-0,134.221.96.0,0,0.0.0.32,0,0,1970-01-01 00:21:25.315987,114000401,18,0,0.0,0.0,0.0,0.0,0.0,0.0,0,0,0,0,0.0,0.15789418144239686,6705905.94117647,9827766.220208935,2.2999629E7,230.0,1.14000401E8,6705905.94117647,9827766.220208935,2.2999629E7,230.0,0,0,0,0,0,0,0,0,0,0,0,0,0,0.15789418144239686,0.0,0.0,0.0,0.0,0.0,0.0,0,0,0,0,0,0,0,0,0.0,0.0,0.0,0.0,0,0,0,0,0,0,1,0,0,0,0,0,0,0,1493997.4,1824035.7268394718,4468018.0,241.0,2.1305995E7,1978182.1493846318,2.2999629E7,1.8032105E7,0,1
192.168.1.5-239.255.255.250-1900-1900-17,192.168.1.5,1900,239.255.255.250,1900,17,1970-01-01 00:16:54.050814,8452723,18,0,8607.0,0.0,513.0,433.0,478.1666666666667,30.860692684079158,0,0,0,0,1018.2517515361617,2.129491289375033,497219.0,417399.37110263476,1329584.0,123910.0,8452723.0,497219.0,417399.37110263476,1329584.0,123910.0,0,0,0,0,0,0,0,0,0,0,0,144,0,2.129491289375033,0.0,433.0,513.0,478.1666666666667,30.860692684079158,952.3823529411769,0,0,0,0,0,0,0,0,0.0,478.1666666666667,478.1666666666667,0.0,2707,5,1818,0,0,0,1,478,0,0,0,0,17,8,0,0,0,0,0,0,0,0,0,1
134.221.96.0-0.0.1.146-0-0-0,134.221.96.0,0,0.0.1.146,0,0,1970-01-01 00:22:26.521981,118904229,72,0,0.0,0.0,0.0,0.0,0.0,0.0,0,0,0,0,0.0,0.6055293458065314,1674707.450704226,1090619.9827589125,4189385.0,62867.0,1.18904229E8,1674707.450704226,1090619.9827589125,4189385.0,62867.0,0,0,0,0,0,0,0,0,0,0,0,0,0,0.6055293458065314,0.0,0.0,0.0,0.0,0.0,0.0,0,0,0,0,0,0,0,0,0.0,0.0,0.0,0.0,0,0,0,0,0,0,1,0,0,0,0,0,0,0,0,0,0,0,0,0,0,0,0,1
134.221.96.0-0.0.0.104-0-0-0,134.221.96.0,0,0.0.0.104,0,0,1970-01-01 00:22:32.216,119997358,25,0,0.0,0.0,0.0,0.0,0.0,0.0,0,0,0,0,0.0,0.20833792023987727,4999889.916666665,3191166.9556155885,8125156.0,1875003.0,1.19997358E8,4999889.916666665,3191166.9556155885,8125156.0,1875003.0,0,0,0,0,0,0,0,0,0,0,0,0,0,0.20833792023987727,0.0,0.0,0.0,0.0,0.0,0.0,0,0,0,0,0,0,0,0,0.0,0.0,0.0,0.0,0,0,0,0,0,0,1,0,0,0,0,0,0,0,1875937.3636363635,1022.446308881533,1878096.0,1875003.0,8123866.75,940.5719850659805,8125156.0,8122128.0,0,1
134.221.96.0-0.0.0.128-0-0-0,134.221.96.0,0,0.0.0.128,0,0,1970-01-01 00:22:32.217296,119997326,25,0,0.0,0.0,0.0,0.0,0.0,0.0,0,0,0,0,0.0,0.20833797579789404,4999888.583333333,3191447.2312223315,8125213.0,1872510.0,1.19997326E8,4999888.583333333,3191447.2312223315,8125213.0,1872510.0,0,0,0,0,0,0,0,0,0,0,0,0,0,0.20833797579789404,0.0,0.0,0.0,0.0,0.0,0.0,0,0,0,0,0,0,0,0,0.0,0.0,0.0,0.0,0,0,0,0,0,0,1,0,0,0,0,0,0,0,1875668.909090909,1320.5555235994805,1877617.0,1872510.0,8124139.75,897.2153005018438,8125213.0,8122589.0,0,1
134.221.96.0-0.0.0.116-0-0-0,134.221.96.0,0,0.0.0.116,0,0,1970-01-01 00:22:32.217826,119997209,25,0,0.0,0.0,0.0,0.0,0.0,0.0,0,0,0,0,0.0,0.208338178932145,4999883.708333334,3191492.4748833007,8125208.0,1872354.0,1.19997209E8,4999883.708333334,3191492.4748833007,8125208.0,1872354.0,0,0,0,0,0,0,0,0,0,0,0,0,0,0.208338178932145,0.0,0.0,0.0,0.0,0.0,0.0,0,0,0,0,0,0,0,0,0.0,0.0,0.0,0.0,0,0,0,0,0,0,1,0,0,0,0,0,0,0,1875640.6363636362,1335.578471878569,1877379.0,1872354.0,8124179.166666666,859.883695447884,8125208.0,8122692.0,0,1
134.221.96.0-0.0.0.28-0-0-0,134.221.96.0,0,0.0.0.28,0,0,1970-01-01 00:22:32.218368,119997034,25,0,0.0,0.0,0.0,0.0,0.0,0.0,0,0,0,0,0.0,0.2083384827661657,4999876.416666667,3191431.828982625,8125190.0,1872372.0,1.19997034E8,4999876.416666667,3191431.828982625,8125190.0,1872372.0,0,0,0,0,0,0,0,0,0,0,0,0,0,0.2083384827661657,0.0,0.0,0.0,0.0,0.0,0.0,0,0,0,0,0,0,0,0,0.0,0.0,0.0,0.0,0,0,0,0,0,0,1,0,0,0,0,0,0,0,1875703.9090909092,1359.3308246740685,1877507.0,1872372.0,8124112.499999999,864.502957563589,8125190.0,8122671.0,0,1
134.221.96.0-0.0.0.136-0-0-0,134.221.96.0,0,0.0.0.136,0,0,1970-01-01 00:22:32.218640,119997130,50,0,0.0,0.0,0.0,0.0,0.0,0.0,0,0,0,0,0.0,0.4166766321827864,2448921.020408164,3355079.3000421356,8124952.0,139.0,1.1999713E8,2448921.020408164,3355079.3000421356,8124952.0,139.0,0,0,0,0,0,0,0,0,0,0,0,0,0,0.4166766321827864,0.0,0.0,0.0,0.0,0.0,0.0,0,0,0,0,0,0,0,0,0.0,0.0,0.0,0.0,0,0,0,0,0,0,1,0,0,0,0,0,0,0,1719621.5,541476.0720516231,1877823.0,209.0,8123879.75,845.4492216353124,8124952.0,8122491.0,0,1
192.168.1.5-192.168.1.255-138-138-17,192.168.1.5,138,192.168.1.255,138,17,1970-01-01 00:21:51.948463,16376415,2,0,405.0,0.0,204.0,201.0,202.5,2.1213203435596424,0,0,0,0,24.730687394035872,0.1221268513285722,1.6376415E7,0.0,1.6376415E7,1.6376415E7,1.6376415E7,1.6376415E7,0.0,1.6376415E7,1.6376415E7,0,0,0,0,0,0,0,0,0,0,0,16,0,0.1221268513285722,0.0,201.0,204.0,202.5,2.1213203435596424,4.5,0,0,0,0,0,0,0,0,0.0,202.5,202.5,0.0,0,0,0,0,0,0,1,202,0,0,0,0,1,8,0,0,0,0,1.6376415E7,0.0,1.6376415E7,1.6376415E7,0,1
192.168.1.4-192.168.1.255-138-138-17,192.168.1.4,138,192.168.1.255,138,17,1970-01-01 00:22:09.243396,0,1,0,201.0,0.0,201.0,201.0,201.0,0.0,0,0,0,0,Infinity,Infinity,NaN,NaN,NaN,NaN,0,0,0,0,0,0,0,0,0,0,0,0,0,0,0,0,8,0,0.0,0.0,201.0,201.0,201.0,0.0,0.0,0,0,0,0,0,0,0,0,0.0,201.0,201.0,0.0,0,0,0,0,0,0,1,201,0,0,0,0,0,8,0,0,0,0,0,0,0,0,0,1
134.221.96.0-0.0.0.48-0-0-0,134.221.96.0,0,0.0.0.48,0,0,1970-01-01 00:00:19.595194,52192563,8,0,0.0,0.0,0.0,0.0,0.0,0.0,0,0,0,0,0.0,0.15327854276863162,7456080.428571429,1.3103842817646546E7,3.2458719E7,11634.0,5.2192563E7,7456080.428571429,1.3103842817646546E7,3.2458719E7,11634.0,0,0,0,0,0,0,0,0,0,0,0,0,0,0.15327854276863162,0.0,0.0,0.0,0.0,0.0,0.0,0,0,0,0,0,0,0,0,0.0,0.0,0.0,0.0,0,0,0,0,0,0,1,0,0,0,0,0,0,0,299038.0,89362.7407927935,362227.0,235849.0,2.57914265E7,9428975.47780842,3.2458719E7,1.9124134E7,0,1
8.6.0.1-8.0.6.4-0-0-0,8.6.0.1,0,8.0.6.4,0,0,1970-01-01 00:18:42.660232,92221600,8,0,0.0,0.0,0.0,0.0,0.0,0.0,0,0,0,0,0.0,0.0867475732366387,1.3174514285714285E7,2.2430825848962285E7,4.6627988E7,87.0,9.22216E7,1.3174514285714285E7,2.2430825848962285E7,4.6627988E7,87.0,0,0,0,0,0,0,0,0,0,0,0,0,0,0.0867475732366387,0.0,0.0,0.0,0.0,0.0,0.0,0,0,0,0,0,0,0,0,0.0,0.0,0.0,0.0,0,0,0,0,0,0,1,0,0,0,0,0,0,0,37238.0,52393.784058798425,74286.0,190.0,4.60055855E7,880210.0567549203,4.6627988E7,4.5383183E7,0,1
134.221.96.0-0.0.0.60-0-0-0,134.221.96.0,0,0.0.0.60,0,0,1970-01-01 00:00:19.596523,52192136,8,0,0.0,0.0,0.0,0.0,0.0,0.0,0,0,0,0,0.0,0.15327979678777662,7456019.428571429,1.3104016659148E7,3.2458973E7,11436.0,5.2192136E7,7456019.428571429,1.3104016659148E7,3.2458973E7,11436.0,0,0,0,0,0,0,0,0,0,0,0,0,0,0.15327979678777662,0.0,0.0,0.0,0.0,0.0,0.0,0,0,0,0,0,0,0,0,0.0,0.0,0.0,0.0,0,0,0,0,0,0,1,0,0,0,0,0,0,0,298737.0,89352.8412978569,361919.0,235555.0,2.5791613E7,9429070.93722388,3.2458973E7,1.9124253E7,0,1
192.168.1.4-192.168.1.255-137-137-17,192.168.1.4,137,192.168.1.255,137,17,1970-01-01 00:17:33.505742,24503339,9,0,450.0,0.0,50.0,50.0,50.0,0.0,0,0,0,0,18.36484407288329,0.3672968814576658,3062917.3749999995,4455241.175351051,1.1828762E7,500722.0,2.4503339E7,3062917.3749999995,4455241.175351051,1.1828762E7,500722.0,0,0,0,0,0,0,0,0,0,0,0,72,0,0.3672968814576658,0.0,50.0,50.0,50.0,0.0,0.0,0,0,0,0,0,0,0,0,0.0,50.0,50.0,0.0,0,0,0,0,0,0,1,50,0,0,0,0,8,8,1373858.0,176906.8029443752,1498950.0,1248766.0,1.0127994E7,2405249.172050164,1.1828762E7,8427226.0,0,1
192.168.1.4-192.168.1.5-137-137-17,192.168.1.4,137,192.168.1.5,137,17,1970-01-01 00:00:17.353605,35066243,1,2,62.0,124.0,62.0,62.0,62.0,0.0,62.0,62.0,62.0,0.0,5.304246594081949,0.0855523644206766,1.75331215E7,2.1503324398169797E7,3.2738268E7,2327975.0,0,0,0,0,0,3.2738268E7,3.2738268E7,0.0,3.2738268E7,3.2738268E7,0,0,0,0,0,0,8,16,0.0285174548068922,0.0570349096137844,62.0,62.0,62.0,0.0,0.0,0,0,0,0,0,0,0,0,2.0,62.0,62.0,62.0,0,0,0,0,0,0,0,20,0,41,0,0,0,8,2327975.0,0.0,2327975.0,2327975.0,3.2738268E7,0.0,3.2738268E7,3.2738268E7,0,1
134.221.96.0-0.0.0.194-0-0-0,134.221.96.0,0,0.0.0.194,0,0,1970-01-01 00:23:01.436669,119993728,32,0,0.0,0.0,0.0,0.0,0.0,0.0,0,0,0,0,0.0,0.2666806051729637,3870765.4193548383,6699126.106689671,1.6262059E7,0.0,1.19993728E8,3870765.4193548383,6699126.106689671,1.6262059E7,0.0,0,0,0,0,0,0,0,0,0,0,0,0,0,0.2666806051729637,0.0,0.0,0.0,0.0,0.0,0.0,0,0,0,0,0,0,0,0,0.0,0.0,0.0,0.0,0,0,0,0,0,0,1,0,0,0,0,0,0,0,7686.999999999999,2871.5553276926425,10090.0,1766.0,1.4991529000000002E7,1354800.4581571624,1.6262059E7,1.3722802E7,0,1
134.221.96.0-0.0.0.42-0-0-0,134.221.96.0,0,0.0.0.42,0,0,1970-01-01 00:23:01.437210,119994019,32,0,0.0,0.0,0.0,0.0,0.0,0.0,0,0,0,0,0.0,0.26667995844026193,3870774.806451613,6699780.484272692,1.6263857E7,0.0,1.19994019E8,3870774.806451613,6699780.484272692,1.6263857E7,0.0,0,0,0,0,0,0,0,0,0,0,0,0,0,0.26667995844026193,0.0,0.0,0.0,0.0,0.0,0.0,0,0,0,0,0,0,0,0,0.0,0.0,0.0,0.0,0,0,0,0,0,0,1,0,0,0,0,0,0,0,6653.75,2563.0525188309575,8654.0,1529.0,1.4992598624999998E7,1355264.849490833,1.6263857E7,1.3723563E7,0,1
134.221.96.0-0.0.0.64-0-0-0,134.221.96.0,0,0.0.0.64,0,0,1970-01-01 00:20:30.332538,0,1,0,0.0,0.0,0.0,0.0,0.0,0.0,0,0,0,0,NaN,Infinity,NaN,NaN,NaN,NaN,0,0,0,0,0,0,0,0,0,0,0,0,0,0,0,0,0,0,0.0,0.0,0.0,0.0,0.0,0.0,0.0,0,0,0,0,0,0,0,0,0.0,0.0,0.0,0.0,0,0,0,0,0,0,1,0,0,0,0,0,0,0,0,0,0,0,0,0,0,0,0,1
134.221.96.0-0.0.0.32-0-0-0,134.221.96.0,0,0.0.0.32,0,0,1970-01-01 00:23:32.848445,102467336,16,0,0.0,0.0,0.0,0.0,0.0,0.0,0,0,0,0,0.0,0.15614732093747416,6831155.733333333,9147440.738825941,2.2998921E7,224.0,1.02467336E8,6831155.733333333,9147440.738825941,2.2998921E7,224.0,0,0,0,0,0,0,0,0,0,0,0,0,0,0.15614732093747416,0.0,0.0,0.0,0.0,0.0,0.0,0,0,0,0,0,0,0,0,0.0,0.0,0.0,0.0,0,0,0,0,0,0,1,0,0,0,0,0,0,0,506004.5,1237757.877683475,3032567.0,265.0,1.65718475E7,6549580.44086556,2.2998921E7,8530375.0,0,1
134.221.96.0-0.0.1.146-0-0-0,134.221.96.0,0,0.0.1.146,0,0,1970-01-01 00:24:27.065905,117328985,72,0,0.0,0.0,0.0,0.0,0.0,0.0,0,0,0,0,0.0,0.6136591056336165,1652520.915492958,1010051.7116602459,3767630.0,108570.0,1.17328985E8,1652520.915492958,1010051.7116602459,3767630.0,108570.0,0,0,0,0,0,0,0,0,0,0,0,0,0,0.6136591056336165,0.0,0.0,0.0,0.0,0.0,0.0,0,0,0,0,0,0,0,0,0.0,0.0,0.0,0.0,0,0,0,0,0,0,1,0,0,0,0,0,0,0,0,0,0,0,0,0,0,0,0,1
134.221.96.0-0.0.0.104-0-0-0,134.221.96.0,0,0.0.0.104,0,0,1970-01-01 00:24:40.338701,119998907,25,0,0.0,0.0,0.0,0.0,0.0,0.0,0,0,0,0,0.0,0.20833523092006162,4999954.458333332,3191701.286906132,8128521.0,1872958.0,1.19998907E8,4999954.458333332,3191701.286906132,8128521.0,1872958.0,0,0,0,0,0,0,0,0,0,0,0,0,0,0.20833523092006162,0.0,0.0,0.0,0.0,0.0,0.0,0,0,0,0,0,0,0,0,0.0,0.0,0.0,0.0,0,0,0,0,0,0,1,0,0,0,0,0,0,0,1875454.9166666667,1633.7097471334387,1877968.0,1872958.0,8124453.999999999,2062.460842603533,8128521.0,8120655.0,0,1
134.221.96.0-0.0.0.128-0-0-0,134.221.96.0,0,0.0.0.128,0,0,1970-01-01 00:24:40.339923,119999385,25,0,0.0,0.0,0.0,0.0,0.0,0.0,0,0,0,0,0.0,0.20833440104713868,4999974.375,3191580.5682302252,8128884.0,1872550.0,1.19999385E8,4999974.375,3191580.5682302252,8128884.0,1872550.0,0,0,0,0,0,0,0,0,0,0,0,0,0,0.20833440104713868,0.0,0.0,0.0,0.0,0.0,0.0,0,0,0,0,0,0,0,0,0.0,0.0,0.0,0.0,0,0,0,0,0,0,1,0,0,0,0,0,0,0,1875593.2499999998,2197.939991115622,1880657.0,1872550.0,8124355.5,2315.130410620994,8128884.0,8120806.0,0,1
134.221.96.0-0.0.0.116-0-0-0,134.221.96.0,0,0.0.0.116,0,0,1970-01-01 00:24:40.340420,119999488,25,0,0.0,0.0,0.0,0.0,0.0,0.0,0,0,0,0,0.0,0.20833422222601483,4999978.666666667,3191683.1381562636,8129557.0,1872740.0,1.19999488E8,4999978.666666667,3191683.1381562636,8129557.0,1872740.0,0,0,0,0,0,0,0,0,0,0,0,0,0,0.20833422222601483,0.0,0.0,0.0,0.0,0.0,0.0,0,0,0,0,0,0,0,0,0.0,0.0,0.0,0.0,0,0,0,0,0,0,1,0,0,0,0,0,0,0,1875497.1666666665,2193.3878665966054,1880480.0,1872740.0,8124460.166666666,2421.087765798436,8129557.0,8121007.0,0,1
134.221.96.0-0.0.0.28-0-0-0,134.221.96.0,0,0.0.0.28,0,0,1970-01-01 00:24:40.340752,119999586,25,0,0.0,0.0,0.0,0.0,0.0,0.0,0,0,0,0,0.0,0.20833405208581304,4999982.75,3191657.1045093453,8129329.0,1872443.0,1.19999586E8,4999982.75,3191657.1045093453,8129329.0,1872443.0,0,0,0,0,0,0,0,0,0,0,0,0,0,0.20833405208581304,0.0,0.0,0.0,0.0,0.0,0.0,0,0,0,0,0,0,0,0,0.0,0.0,0.0,0.0,0,0,0,0,0,0,1,0,0,0,0,0,0,0,1875526.7500000002,2234.339525147532,1880490.0,1872443.0,8124438.75,2424.423572540619,8129329.0,8121051.0,0,1
134.221.96.0-0.0.0.136-0-0-0,134.221.96.0,0,0.0.0.136,0,0,1970-01-01 00:24:40.340935,119999813,50,0,0.0,0.0,0.0,0.0,0.0,0.0,0,0,0,0,0.0,0.41666731597323403,2448975.7755102045,3355215.144853763,8128413.0,139.0,1.19999813E8,2448975.7755102045,3355215.144853763,8128413.0,139.0,0,0,0,0,0,0,0,0,0,0,0,0,0,0.41666731597323403,0.0,0.0,0.0,0.0,0.0,0.0,0,0,0,0,0,0,0,0,0.0,0.0,0.0,0.0,0,0,0,0,0,0,1,0,0,0,0,0,0,0,1875771.5833333333,2241.903065714632,1880702.0,1872569.0,8124197.416666667,2310.2628917047637,8128413.0,8120748.0,0,1
192.168.1.5-192.168.1.255-138-138-17,192.168.1.5,138,192.168.1.255,138,17,1970-01-01 00:24:52.082576,89999788,5,0,893.0,0.0,201.0,173.0,178.6,12.521980673998826,0,0,0,0,9.922245594622957,0.05555568642006135,2.2499947E7,1.4979964104785921E7,3.0000267E7,30011.0,8.9999788E7,2.2499947E7,1.4979964104785921E7,3.0000267E7,30011.0,0,0,0,0,0,0,0,0,0,0,0,40,0,0.05555568642006135,0.0,173.0,201.0,178.6,12.521980673998826,156.80000000000007,0,0,0,0,0,0,0,0,0.0,178.6,178.6,0.0,0,0,0,0,0,0,1,178,0,0,0,0,4,8,30011.0,0.0,30011.0,30011.0,2.9989925666666668E7,17444.43410756948,3.0000267E7,2.9969785E7,0,1
134.221.96.0-0.0.0.194-0-0-0,134.221.96.0,0,0.0.0.194,0,0,1970-01-01 00:25:01.437262,119999291,33,0,0.0,0.0,0.0,0.0,0.0,0.0,0,0,0,0,0.0,0.27500162480126655,3749977.8437499995,6625228.15382934,1.6258271E7,691.0,1.19999291E8,3749977.8437499995,6625228.15382934,1.6258271E7,691.0,0,0,0,0,0,0,0,0,0,0,0,0,0,0.27500162480126655,0.0,0.0,0.0,0.0,0.0,0.0,0,0,0,0,0,0,0,0,0.0,0.0,0.0,0.0,0,0,0,0,0,0,1,0,0,0,0,0,0,0,7856.875,2477.7933407138125,9243.0,1777.0,1.4991227375E7,1352362.5891244588,1.6258271E7,1.3724608E7,0,1
134.221.96.0-0.0.0.42-0-0-0,134.221.96.0,0,0.0.0.42,0,0,1970-01-01 00:25:01.437756,119999970,35,0,0.0,0.0,0.0,0.0,0.0,0.0,0,0,0,0,0.0,0.29166673958335154,3529410.8823529417,6286711.251487976,1.6259398E7,671.0,1.1999997E8,3529410.8823529417,6286711.251487976,1.6259398E7,671.0,0,0,0,0,0,0,0,0,0,0,0,0,0,0.29166673958335154,0.0,0.0,0.0,0.0,0.0,0.0,0,0,0,0,0,0,0,0,0.0,0.0,0.0,0.0,0,0,0,0,0,0,1,0,0,0,0,0,0,0,570497.6249999999,1593381.303048685,4513911.0,1597.0,1.4428649125E7,2449066.163371456,1.6259398E7,9219285.0,0,1
134.221.96.0-0.0.0.32-0-0-0,134.221.96.0,0,0.0.0.32,0,0,1970-01-01 00:25:36.347944,98967879,16,0,0.0,0.0,0.0,0.0,0.0,0.0,0,0,0,0,0.0,0.16166861573339367,6597858.599999999,9144996.762060184,2.6501E7,185.0,9.8967879E7,6597858.599999999,9144996.762060184,2.6501E7,185.0,0,0,0,0,0,0,0,0,0,0,0,0,0,0.16166861573339367,0.0,0.0,0.0,0.0,0.0,0.0,0,0,0,0,0,0,0,0,0.0,0.0,0.0,0.0,0,0,0,0,0,0,1,0,0,0,0,0,0,0,328426.16666666674,803516.3578445474,1968597.0,185.0,1.6166182E7,7097374.630866994,2.6501E7,8034247.0,0,1
8.6.0.1-8.0.6.4-0-0-0,8.6.0.1,0,8.0.6.4,0,0,1970-01-01 00:24:52.120780,458,4,0,0.0,0.0,0.0,0.0,0.0,0.0,0,0,0,0,0.0,8733.624454148472,152.66666666666666,65.04101270224298,225.0,99.0,458.0,152.66666666666666,65.04101270224298,225.0,99.0,0,0,0,0,0,0,0,0,0,0,0,0,0,8733.624454148472,0.0,0.0,0.0,0.0,0.0,0.0,0,0,0,0,0,0,0,0,0.0,0.0,0.0,0.0,0,0,0,0,0,0,1,0,0,0,0,0,0,0,0,0,0,0,0,0,0,0,0,1
192.168.1.5-239.255.255.250-61584-1900-17,192.168.1.5,61584,239.255.255.250,1900,17,1970-01-01 00:19:29.616453,14997085,6,0,798.0,0.0,133.0,133.0,133.0,0.0,0,0,0,0,53.21034054284549,0.4000777484424473,2999417.0,9767.201492751135,3013838.0,2986524.0,1.4997085E7,2999417.0,9767.201492751135,3013838.0,2986524.0,0,0,0,0,0,0,0,0,0,0,0,48,0,0.4000777484424473,0.0,133.0,133.0,133.0,0.0,0.0,0,0,0,0,0,0,0,0,0.0,133.0,133.0,0.0,0,0,0,0,0,0,1,133,0,0,0,0,5,8,0,0,0,0,0,0,0,0,0,1
134.221.96.0-0.0.0.20-0-0-0,134.221.96.0,0,0.0.0.20,0,0,1970-01-01 00:18:41.501639,68973092,11,0,0.0,0.0,0.0,0.0,0.0,0.0,0,0,0,0,0.0,0.15948248340091817,6897309.2,2.1716828547435906E7,6.8704228E7,135.0,6.8973092E7,6897309.2,2.1716828547435906E7,6.8704228E7,135.0,0,0,0,0,0,0,0,0,0,0,0,0,0,0.15948248340091817,0.0,0.0,0.0,0.0,0.0,0.0,0,0,0,0,0,0,0,0,0.0,0.0,0.0,0.0,0,0,0,0,0,0,1,0,0,0,0,0,0,0,268864.0,0.0,268864.0,268864.0,6.8704228E7,0.0,6.8704228E7,6.8704228E7,0,1
134.221.96.0-0.0.1.88-0-0-0,134.221.96.0,0,0.0.1.88,0,0,1970-01-01 00:18:41.502688,0,1,0,0.0,0.0,0.0,0.0,0.0,0.0,0,0,0,0,NaN,Infinity,NaN,NaN,NaN,NaN,0,0,0,0,0,0,0,0,0,0,0,0,0,0,0,0,0,0,0.0,0.0,0.0,0.0,0.0,0.0,0.0,0,0,0,0,0,0,0,0,0.0,0.0,0.0,0.0,0,0,0,0,0,0,1,0,0,0,0,0,0,0,0,0,0,0,0,0,0,0,0,1
134.221.96.0-0.0.0.244-0-0-0,134.221.96.0,0,0.0.0.244,0,0,1970-01-01 00:18:41.508793,0,1,0,0.0,0.0,0.0,0.0,0.0,0.0,0,0,0,0,NaN,Infinity,NaN,NaN,NaN,NaN,0,0,0,0,0,0,0,0,0,0,0,0,0,0,0,0,0,0,0.0,0.0,0.0,0.0,0.0,0.0,0.0,0,0,0,0,0,0,0,0,0.0,0.0,0.0,0.0,0,0,0,0,0,0,1,0,0,0,0,0,0,0,0,0,0,0,0,0,0,0,0,1
134.221.96.0-0.0.5.180-0-0-0,134.221.96.0,0,0.0.5.180,0,0,1970-01-01 00:18:41.509118,58352,6,0,0.0,0.0,0.0,0.0,0.0,0.0,0,0,0,0,0.0,102.82423910063065,11670.4,25623.268044884517,57506.0,60.0,58352.0,11670.4,25623.268044884517,57506.0,60.0,0,0,0,0,0,0,0,0,0,0,0,0,0,102.82423910063065,0.0,0.0,0.0,0.0,0.0,0.0,0,0,0,0,0,0,0,0,0.0,0.0,0.0,0.0,0,0,0,0,0,0,1,0,0,0,0,0,0,0,0,0,0,0,0,0,0,0,0,1
134.221.96.0-0.0.5.91-0-0-0,134.221.96.0,0,0.0.5.91,0,0,1970-01-01 00:18:41.509608,0,1,0,0.0,0.0,0.0,0.0,0.0,0.0,0,0,0,0,NaN,Infinity,NaN,NaN,NaN,NaN,0,0,0,0,0,0,0,0,0,0,0,0,0,0,0,0,0,0,0.0,0.0,0.0,0.0,0.0,0.0,0.0,0,0,0,0,0,0,0,0,0.0,0.0,0.0,0.0,0,0,0,0,0,0,1,0,0,0,0,0,0,0,0,0,0,0,0,0,0,0,0,1
134.221.96.0-0.0.0.227-0-0-0,134.221.96.0,0,0.0.0.227,0,0,1970-01-01 00:18:41.565574,0,1,0,0.0,0.0,0.0,0.0,0.0,0.0,0,0,0,0,NaN,Infinity,NaN,NaN,NaN,NaN,0,0,0,0,0,0,0,0,0,0,0,0,0,0,0,0,0,0,0.0,0.0,0.0,0.0,0.0,0.0,0.0,0,0,0,0,0,0,0,0,0.0,0.0,0.0,0.0,0,0,0,0,0,0,1,0,0,0,0,0,0,0,0,0,0,0,0,0,0,0,0,1
134.221.96.0-0.0.0.209-0-0-0,134.221.96.0,0,0.0.0.209,0,0,1970-01-01 00:18:41.566791,0,1,0,0.0,0.0,0.0,0.0,0.0,0.0,0,0,0,0,NaN,Infinity,NaN,NaN,NaN,NaN,0,0,0,0,0,0,0,0,0,0,0,0,0,0,0,0,0,0,0.0,0.0,0.0,0.0,0.0,0.0,0.0,0,0,0,0,0,0,0,0,0.0,0.0,0.0,0.0,0,0,0,0,0,0,1,0,0,0,0,0,0,0,0,0,0,0,0,0,0,0,0,1
134.221.96.0-0.0.4.102-0-0-0,134.221.96.0,0,0.0.4.102,0,0,1970-01-01 00:18:41.567526,0,1,0,0.0,0.0,0.0,0.0,0.0,0.0,0,0,0,0,NaN,Infinity,NaN,NaN,NaN,NaN,0,0,0,0,0,0,0,0,0,0,0,0,0,0,0,0,0,0,0.0,0.0,0.0,0.0,0.0,0.0,0.0,0,0,0,0,0,0,0,0,0.0,0.0,0.0,0.0,0,0,0,0,0,0,1,0,0,0,0,0,0,0,0,0,0,0,0,0,0,0,0,1
192.168.1.4-192.168.1.5-1900-61584-17,192.168.1.4,1900,192.168.1.5,61584,17,1970-01-01 00:09:31.889914,3825860,2,0,892.0,0.0,446.0,446.0,446.0,0.0,0,0,0,0,233.1501936819434,0.5227582817980794,3825860.0,0.0,3825860.0,3825860.0,3825860.0,3825860.0,0.0,3825860.0,3825860.0,0,0,0,0,0,0,0,0,0,0,0,16,0,0.5227582817980794,0.0,446.0,446.0,446.0,0.0,0.0,0,0,0,0,0,0,0,0,0.0,446.0,446.0,0.0,0,0,0,0,0,0,1,446,0,0,0,0,1,8,0,0,0,0,0,0,0,0,0,1
134.221.96.0-0.0.1.214-0-0-0,134.221.96.0,0,0.0.1.214,0,0,1970-01-01 00:18:43.597584,5203360,3,0,0.0,0.0,0.0,0.0,0.0,0.0,0,0,0,0,0.0,0.576550536576366,2601680.0,1249353.0305530138,3485106.0,1718254.0,5203360.0,2601680.0,1249353.0305530138,3485106.0,1718254.0,0,0,0,0,0,0,0,0,0,0,0,0,0,0.576550536576366,0.0,0.0,0.0,0.0,0.0,0.0,0,0,0,0,0,0,0,0,0.0,0.0,0.0,0.0,0,0,0,0,0,0,1,0,0,0,0,0,0,0,0,0,0,0,0,0,0,0,0,1
134.221.96.0-0.0.1.146-0-0-0,134.221.96.0,0,0.0.1.146,0,0,1970-01-01 00:26:27.301398,119999954,74,0,0.0,0.0,0.0,0.0,0.0,0.0,0,0,0,0,0.0,0.6166669030556462,1643834.9863013702,1033040.7575999508,4361175.0,16455.0,1.19999954E8,1643834.9863013702,1033040.7575999508,4361175.0,16455.0,0,0,0,0,0,0,0,0,0,0,0,0,0,0.6166669030556462,0.0,0.0,0.0,0.0,0.0,0.0,0,0,0,0,0,0,0,0,0.0,0.0,0.0,0.0,0,0,0,0,0,0,1,0,0,0,0,0,0,0,0,0,0,0,0,0,0,0,0,1
134.221.96.0-0.0.0.104-0-0-0,134.221.96.0,0,0.0.0.104,0,0,1970-01-01 00:26:42.212262,118376317,24,0,0.0,0.0,0.0,0.0,0.0,0.0,0,0,0,0,0.0,0.20274325649107666,5146796.391304348,3064986.43444208,8312241.0,1705884.0,1.18376317E8,5146796.391304348,3064986.43444208,8312241.0,1705884.0,0,0,0,0,0,0,0,0,0,0,0,0,0,0.20274325649107666,0.0,0.0,0.0,0.0,0.0,0.0,0,0,0,0,0,0,0,0,0.0,0.0,0.0,0.0,0,0,0,0,0,0,1,0,0,0,0,0,0,0,2137851.1818181816,882327.3558583366,4778815.0,1705884.0,7904996.166666666,852954.6989812246,8312241.0,5220291.0,0,1
134.221.96.0-0.0.0.128-0-0-0,134.221.96.0,0,0.0.0.128,0,0,1970-01-01 00:26:42.213934,118375947,24,0,0.0,0.0,0.0,0.0,0.0,0.0,0,0,0,0,0.0,0.20274389019248987,5146780.304347826,3065107.79303888,8314126.0,1704745.0,1.18375947E8,5146780.304347826,3065107.79303888,8314126.0,1704745.0,0,0,0,0,0,0,0,0,0,0,0,0,0,0.20274389019248987,0.0,0.0,0.0,0.0,0.0,0.0,0,0,0,0,0,0,0,0,0.0,0.0,0.0,0.0,0,0,0,0,0,0,1,0,0,0,0,0,0,0,2137680.909090909,882256.672537358,4778337.0,1704745.0,7905121.416666667,852850.8173761542,8314126.0,5220851.0,0,1
134.221.96.0-0.0.0.116-0-0-0,134.221.96.0,0,0.0.0.116,0,0,1970-01-01 00:26:42.214409,118376195,24,0,0.0,0.0,0.0,0.0,0.0,0.0,0,0,0,0,0.0,0.20274346544083463,5146791.086956522,3053332.25794097,8314106.0,1704660.0,1.18376195E8,5146791.086956522,3053332.25794097,8314106.0,1704660.0,0,0,0,0,0,0,0,0,0,0,0,0,0,0.20274346544083463,0.0,0.0,0.0,0.0,0.0,0.0,0,0,0,0,0,0,0,0,0.0,0.0,0.0,0.0,0,0,0,0,0,0,1,0,0,0,0,0,0,0,2150190.181818182,881855.2068057224,4778252.0,1704660.0,7893675.249999999,853095.3879915106,8314106.0,5220961.0,0,1
134.221.96.0-0.0.0.28-0-0-0,134.221.96.0,0,0.0.0.28,0,0,1970-01-01 00:26:42.214828,118376137,26,0,0.0,0.0,0.0,0.0,0.0,0.0,0,0,0,0,0.0,0.21963886184256884,4735045.48,3243354.8350510993,8314021.0,214.0,1.18376137E8,4735045.48,3243354.8350510993,8314021.0,214.0,0,0,0,0,0,0,0,0,0,0,0,0,0,0.21963886184256884,0.0,0.0,0.0,0.0,0.0,0.0,0,0,0,0,0,0,0,0,0.0,0.0,0.0,0.0,0,0,0,0,0,0,1,0,0,0,0,0,0,0,2150746.9999999995,881752.6206067096,4778271.0,1704753.0,7893160.0,853028.2607762236,8314021.0,5220904.0,0,1
134.221.96.0-0.0.0.136-0-0-0,134.221.96.0,0,0.0.0.136,0,0,1970-01-01 00:26:42.215018,118376274,48,0,0.0,0.0,0.0,0.0,0.0,0.0,0,0,0,0,0.0,0.4054866602745074,2518644.1276595746,3349523.4749746164,8313883.0,120.0,1.18376274E8,2518644.1276595746,3349523.4749746164,8313883.0,120.0,0,0,0,0,0,0,0,0,0,0,0,0,0,0.4054866602745074,0.0,0.0,0.0,0.0,0.0,0.0,0,0,0,0,0,0,0,0,0.0,0.0,0.0,0.0,0,0,0,0,0,0,1,0,0,0,0,0,0,0,1971753.5,1045129.3165778359,4778435.0,162.0,7892924.25,853030.4653909575,8313883.0,5220711.0,0,1
134.221.96.0-0.0.0.194-0-0-0,134.221.96.0,0,0.0.0.194,0,0,1970-01-01 00:27:01.437395,119999370,33,0,0.0,0.0,0.0,0.0,0.0,0.0,0,0,0,0,0.0,0.27500144375757973,3749980.312500001,6632096.4417490745,1.7120438E7,722.0,1.1999937E8,3749980.312500001,6632096.4417490745,1.7120438E7,722.0,0,0,0,0,0,0,0,0,0,0,0,0,0,0.27500144375757973,0.0,0.0,0.0,0.0,0.0,0.0,0,0,0,0,0,0,0,0,0.0,0.0,0.0,0.0,0,0,0,0,0,0,1,0,0,0,0,0,0,0,27319.625,54923.74541369022,163000.0,722.0,1.4971591125E7,1703769.6069227064,1.7120438E7,1.2856663E7,0,1
134.221.96.0-0.0.0.42-0-0-0,134.221.96.0,0,0.0.0.42,0,0,1970-01-01 00:27:01.438422,119999981,33,0,0.0,0.0,0.0,0.0,0.0,0.0,0,0,0,0,0.0,0.27500004354167357,3749999.40625,6639922.359073255,1.7122388E7,716.0,1.19999981E8,3749999.40625,6639922.359073255,1.7122388E7,716.0,0,0,0,0,0,0,0,0,0,0,0,0,0,0.27500004354167357,0.0,0.0,0.0,0.0,0.0,0.0,0,0,0,0,0,0,0,0,0.0,0.0,0.0,0.0,0,0,0,0,0,0,1,0,0,0,0,0,0,0,17077.285714285714,24842.757024360817,73375.0,6515.0,1.498398075E7,1714853.603743959,1.7122388E7,1.2857036E7,0,1
192.168.1.5-192.168.1.255-138-138-17,192.168.1.5,138,192.168.1.255,138,17,1970-01-01 00:26:52.096415,119986517,5,0,865.0,0.0,173.0,173.0,173.0,0.0,0,0,0,0,7.209143340663851,0.04167134878996446,2.999662925E7,7046.630039719006,3.0000997E7,2.9986145E7,1.19986517E8,2.999662925E7,7046.630039719006,3.0000997E7,2.9986145E7,0,0,0,0,0,0,0,0,0,0,0,40,0,0.04167134878996446,0.0,173.0,173.0,173.0,0.0,0.0,0,0,0,0,0,0,0,0,0.0,173.0,173.0,0.0,0,0,0,0,0,0,1,173,0,0,0,0,4,8,0,0,0,0,2.999662925E7,7046.630039719006,3.0000997E7,2.9986145E7,0,1
192.168.1.5-224.0.0.22-0-0-0,192.168.1.5,0,224.0.0.22,0,0,1970-01-01 00:19:29.346136,469794,5,0,0.0,0.0,0.0,0.0,0.0,0.0,0,0,0,0,0.0,10.642962660229804,117448.5,147110.28976587602,317658.0,1459.0,469794.0,117448.5,147110.28976587602,317658.0,1459.0,0,0,0,0,0,0,0,0,0,0,0,0,0,10.642962660229804,0.0,0.0,0.0,0.0,0.0,0.0,0,0,0,0,0,0,0,0,0.0,0.0,0.0,0.0,0,0,0,0,0,0,1,0,0,0,0,0,0,0,0,0,0,0,0,0,0,0,0,1
134.221.96.0-0.0.0.32-0-0-0,134.221.96.0,0,0.0.0.32,0,0,1970-01-01 00:27:38.315750,117000785,16,0,0.0,0.0,0.0,0.0,0.0,0.0,0,0,0,0,0.0,0.1367512192332727,7800052.333333332,1.0709439719924586E7,2.6999567E7,179.0,1.17000785E8,7800052.333333332,1.0709439719924586E7,2.6999567E7,179.0,0,0,0,0,0,0,0,0,0,0,0,0,0,0.1367512192332727,0.0,0.0,0.0,0.0,0.0,0.0,0,0,0,0,0,0,0,0,0.0,0.0,0.0,0.0,0,0,0,0,0,0,1,0,0,0,0,0,0,0,1200477.6,1643593.081620965,3033414.0,201.0,2.21996058E7,3007877.7570610642,2.6999567E7,2.0032143E7,0,1
192.168.1.4-239.255.255.250-1900-1900-17,192.168.1.4,1900,239.255.255.250,1900,17,1970-01-01 00:22:27.302437,8468022,18,0,8607.0,0.0,513.0,433.0,478.1666666666667,30.860692684079158,0,0,0,0,1016.4120971816087,2.125643981557913,498118.94117647054,431251.2049409936,1360236.0,124127.0,8468022.0,498118.94117647054,431251.2049409936,1360236.0,124127.0,0,0,0,0,0,0,0,0,0,0,0,144,0,2.125643981557913,0.0,433.0,513.0,478.1666666666667,30.860692684079158,952.3823529411769,0,0,0,0,0,0,0,0,0.0,478.1666666666667,478.1666666666667,0.0,2707,5,1850,0,0,0,1,478,0,0,0,0,17,8,0,0,0,0,0,0,0,0,0,1
8.6.0.1-8.0.6.4-0-0-0,8.6.0.1,0,8.0.6.4,0,0,1970-01-01 00:28:02.485463,87526035,6,0,0.0,0.0,0.0,0.0,0.0,0.0,0,0,0,0,0.0,0.06855103170159599,1.7505207E7,2.8878893556961752E7,6.6820614E7,156.0,8.7526035E7,1.7505207E7,2.8878893556961752E7,6.6820614E7,156.0,0,0,0,0,0,0,0,0,0,0,0,0,0,0.06855103170159599,0.0,0.0,0.0,0.0,0.0,0.0,0,0,0,0,0,0,0,0,0.0,0.0,0.0,0.0,0,0,0,0,0,0,1,0,0,0,0,0,0,0,241.0,120.20815280171308,326.0,156.0,4.34442885E7,3.3059116560548022E7,6.6820614E7,2.0067963E7,0,1
192.168.1.3-192.168.1.4-67-68-17,192.168.1.4,68,192.168.1.3,67,17,1970-01-01 00:20:14.746348,95884,1,1,300.0,548.0,300.0,300.0,300.0,0.0,548.0,548.0,548.0,0.0,8844.019857327605,20.85853739935756,95884.0,0.0,95884.0,95884.0,0,0,0,0,0,0,0,0,0,0,0,0,0,0,0,0,8,8,10.42926869967878,10.42926869967878,300.0,548.0,424.0,175.36248173426378,30752.0,0,0,0,0,0,0,0,0,1.0,424.0,300.0,548.0,0,0,0,0,0,0,0,150,0,274,0,0,0,8,0,0,0,0,0,0,0,0,0,1
192.168.1.4-224.0.0.22-0-0-0,192.168.1.4,0,224.0.0.22,0,0,1970-01-01 00:20:14.866169,481816,5,0,0.0,0.0,0.0,0.0,0.0,0.0,0,0,0,0,0.0,10.377405482590865,120454.0,147574.73581657984,315615.0,1106.0,481816.0,120454.0,147574.73581657984,315615.0,1106.0,0,0,0,0,0,0,0,0,0,0,0,0,0,10.377405482590865,0.0,0.0,0.0,0.0,0.0,0.0,0,0,0,0,0,0,0,0,0.0,0.0,0.0,0.0,0,0,0,0,0,0,1,0,0,0,0,0,0,0,0,0,0,0,0,0,0,0,0,1
192.168.1.4-239.255.255.250-58673-1900-17,192.168.1.4,58673,239.255.255.250,1900,17,1970-01-01 00:18:41.492925,108638569,12,0,1542.0,0.0,133.0,123.0,128.5,4.757768766592553,0,0,0,0,14.193854118236775,0.1104580087022317,9876233.545454547,2.582845086679672E7,8.7641708E7,898.0,1.08638569E8,9876233.545454547,2.582845086679672E7,8.7641708E7,898.0,0,0,0,0,0,0,0,0,0,0,0,96,0,0.1104580087022317,0.0,123.0,133.0,128.5,4.757768766592553,22.63636363636363,0,0,0,0,0,0,0,0,0.0,128.5,128.5,0.0,0,0,0,0,0,0,1,128,0,0,0,0,11,8,5998423.0,0.0,5998423.0,5998423.0,8.7641708E7,0.0,8.7641708E7,8.7641708E7,0,1
134.221.96.0-0.0.0.64-0-0-0,134.221.96.0,0,0.0.0.64,0,0,1970-01-01 00:25:22.208891,0,1,0,0.0,0.0,0.0,0.0,0.0,0.0,0,0,0,0,NaN,Infinity,NaN,NaN,NaN,NaN,0,0,0,0,0,0,0,0,0,0,0,0,0,0,0,0,0,0,0.0,0.0,0.0,0.0,0.0,0.0,0.0,0,0,0,0,0,0,0,0,0.0,0.0,0.0,0.0,0,0,0,0,0,0,1,0,0,0,0,0,0,0,0,0,0,0,0,0,0,0,0,1
134.221.96.0-0.0.1.146-0-0-0,134.221.96.0,0,0.0.1.146,0,0,1970-01-01 00:28:30.847508,119581691,73,0,0.0,0.0,0.0,0.0,0.0,0.0,0,0,0,0,0.0,0.6104613456252261,1660856.819444445,959034.696033543,3939862.0,95504.0,1.19581691E8,1660856.819444445,959034.696033543,3939862.0,95504.0,0,0,0,0,0,0,0,0,0,0,0,0,0,0.6104613456252261,0.0,0.0,0.0,0.0,0.0,0.0,0,0,0,0,0,0,0,0,0.0,0.0,0.0,0.0,0,0,0,0,0,0,1,0,0,0,0,0,0,0,0,0,0,0,0,0,0,0,0,1
134.221.96.0-0.0.0.104-0-0-0,134.221.96.0,0,0.0.0.104,0,0,1970-01-01 00:28:42.371255,119996408,25,0,0.0,0.0,0.0,0.0,0.0,0.0,0,0,0,0,0.0,0.20833956963111763,4999850.333333334,3182373.7394673433,8142345.0,1858374.0,1.19996408E8,4999850.333333334,3182373.7394673433,8142345.0,1858374.0,0,0,0,0,0,0,0,0,0,0,0,0,0,0.20833956963111763,0.0,0.0,0.0,0.0,0.0,0.0,0,0,0,0,0,0,0,0,0.0,0.0,0.0,0.0,0,0,0,0,0,0,1,0,0,0,0,0,0,0,1887694.1818181819,82945.24997830579,2137199.0,1858374.0,8114296.166666667,78924.97114444536,8142345.0,7864317.0,0,1
134.221.96.0-0.0.0.128-0-0-0,134.221.96.0,0,0.0.0.128,0,0,1970-01-01 00:28:42.373063,119995987,25,0,0.0,0.0,0.0,0.0,0.0,0.0,0,0,0,0,0.0,0.20834030058021857,4999832.791666668,3117579.356317431,8144587.0,1852727.0,1.19995987E8,4999832.791666668,3117579.356317431,8144587.0,1852727.0,0,0,0,0,0,0,0,0,0,0,0,0,0,0.20834030058021857,0.0,0.0,0.0,0.0,0.0,0.0,0,0,0,0,0,0,0,0,0.0,0.0,0.0,0.0,0,0,0,0,0,0,1,0,0,0,0,0,0,0,1978602.2727272727,389859.1011265713,3153888.0,1852727.0,8030909.333333334,370874.413445584,8144587.0,6853396.0,0,1
134.221.96.0-0.0.0.116-0-0-0,134.221.96.0,0,0.0.0.116,0,0,1970-01-01 00:28:42.373498,119996070,25,0,0.0,0.0,0.0,0.0,0.0,0.0,0,0,0,0,0.0,0.20834015647345783,4999836.250000001,3117503.113395053,8143310.0,1854403.0,1.1999607E8,4999836.250000001,3117503.113395053,8143310.0,1854403.0,0,0,0,0,0,0,0,0,0,0,0,0,0,0.20834015647345783,0.0,0.0,0.0,0.0,0.0,0.0,0,0,0,0,0,0,0,0,0.0,0.0,0.0,0.0,0,0,0,0,0,0,1,0,0,0,0,0,0,0,1978689.0,389873.4283964477,3154026.0,1854403.0,8030832.5,370951.4223128268,8143310.0,6853069.0,0,1
134.221.96.0-0.0.0.28-0-0-0,134.221.96.0,0,0.0.0.28,0,0,1970-01-01 00:28:42.373926,119996153,25,0,0.0,0.0,0.0,0.0,0.0,0.0,0,0,0,0,0.0,0.20834001236689645,4999839.708333333,3117689.3748833686,8143394.0,1855138.0,1.19996153E8,4999839.708333333,3117689.3748833686,8143394.0,1855138.0,0,0,0,0,0,0,0,0,0,0,0,0,0,0.20834001236689645,0.0,0.0,0.0,0.0,0.0,0.0,0,0,0,0,0,0,0,0,0.0,0.0,0.0,0.0,0,0,0,0,0,0,1,0,0,0,0,0,0,0,1978491.4545454546,389982.7780888186,3154153.0,1855138.0,8031007.166666666,371077.2208581225,8143394.0,6852843.0,0,1
134.221.96.0-0.0.0.136-0-0-0,134.221.96.0,0,0.0.0.136,0,0,1970-01-01 00:28:42.374143,119996387,50,0,0.0,0.0,0.0,0.0,0.0,0.0,0,0,0,0,0.0,0.41667921218328013,2448905.857142857,3321732.798295687,8143211.0,130.0,1.19996387E8,2448905.857142857,3321732.798295687,8143211.0,130.0,0,0,0,0,0,0,0,0,0,0,0,0,0,0.41667921218328013,0.0,0.0,0.0,0.0,0.0,0.0,0,0,0,0,0,0,0,0,0.0,0.0,0.0,0.0,0,0,0,0,0,0,1,0,0,0,0,0,0,0,1813721.9166666667,681498.4211530379,3154244.0,166.0,8030902.583333333,371123.1636881502,8143211.0,6852595.0,0,1
134.221.96.0-0.0.0.194-0-0-0,134.221.96.0,0,0.0.0.194,0,0,1970-01-01 00:29:01.438026,119999862,33,0,0.0,0.0,0.0,0.0,0.0,0.0,0,0,0,0,0.0,0.2750003162503637,3749995.6875000005,6628790.2097640345,1.6336597E7,714.0,1.19999862E8,3749995.6875000005,6628790.2097640345,1.6336597E7,714.0,0,0,0,0,0,0,0,0,0,0,0,0,0,0.2750003162503637,0.0,0.0,0.0,0.0,0.0,0.0,0,0,0,0,0,0,0,0,0.0,0.0,0.0,0.0,0,0,0,0,0,0,1,0,0,0,0,0,0,0,8781.142857142857,1101.457886707647,10131.0,7110.0,1.4991099125E7,1429324.7065063815,1.6336597E7,1.3644858E7,0,1
134.221.96.0-0.0.0.42-0-0-0,134.221.96.0,0,0.0.0.42,0,0,1970-01-01 00:29:17.776610,119989781,37,0,0.0,0.0,0.0,0.0,0.0,0.0,0,0,0,0,0.0,0.30835959272231694,3333049.472222222,6298449.104912326,1.6331428E7,688.0,1.19989781E8,3333049.472222222,6298449.104912326,1.6331428E7,688.0,0,0,0,0,0,0,0,0,0,0,0,0,0,0.30835959272231694,0.0,0.0,0.0,0.0,0.0,0.0,0,0,0,0,0,0,0,0,0.0,0.0,0.0,0.0,0,0,0,0,0,0,1,0,0,0,0,0,0,0,123078.75,325255.45942568633,928041.0,6282.0,1.48748315E7,1579572.248339223,1.6331428E7,1.2733302E7,0,1
192.168.1.5-239.255.255.250-1900-1900-17,192.168.1.5,1900,239.255.255.250,1900,17,1970-01-01 00:24:18.051027,8452418,18,0,8607.0,0.0,513.0,433.0,478.1666666666667,30.860692684079158,0,0,0,0,1018.2884944876129,2.1295681306816583,497201.0588235294,416938.2908224355,1328205.0,125016.0,8452418.0,497201.0588235294,416938.2908224355,1328205.0,125016.0,0,0,0,0,0,0,0,0,0,0,0,144,0,2.1295681306816583,0.0,433.0,513.0,478.1666666666667,30.860692684079158,952.3823529411769,0,0,0,0,0,0,0,0,0.0,478.1666666666667,478.1666666666667,0.0,2707,5,1817,0,0,0,1,478,0,0,0,0,17,8,0,0,0,0,0,0,0,0,0,1
192.168.1.4-224.0.0.252-61891-5355-17,192.168.1.4,61891,224.0.0.252,5355,17,1970-01-01 00:00:14.520859,138005,2,0,48.0,0.0,24.0,24.0,24.0,0.0,0,0,0,0,347.81348501865875,14.492228542444115,138005.0,0.0,138005.0,138005.0,138005.0,138005.0,0.0,138005.0,138005.0,0,0,0,0,0,0,0,0,0,0,0,16,0,14.492228542444115,0.0,24.0,24.0,24.0,0.0,0.0,0,0,0,0,0,0,0,0,0.0,24.0,24.0,0.0,0,0,0,0,0,0,1,24,0,0,0,0,1,8,0,0,0,0,0,0,0,0,0,1
192.168.1.4-224.0.0.252-50395-5355-17,192.168.1.4,50395,224.0.0.252,5355,17,1970-01-01 00:11:18.908307,32270,2,0,44.0,0.0,22.0,22.0,22.0,0.0,0,0,0,0,1363.4955066625348,61.97706848466068,32270.0,0.0,32270.0,32270.0,32270.0,32270.0,0.0,32270.0,32270.0,0,0,0,0,0,0,0,0,0,0,0,16,0,61.97706848466068,0.0,22.0,22.0,22.0,0.0,0.0,0,0,0,0,0,0,0,0,0.0,22.0,22.0,0.0,0,0,0,0,0,0,1,22,0,0,0,0,1,8,0,0,0,0,0,0,0,0,0,1
134.221.96.0-0.0.0.128-0-0-0,134.221.96.0,0,0.0.0.128,0,0,1970-01-01 00:30:50.511926,51873725,12,0,0.0,0.0,0.0,0.0,0.0,0.0,0,0,0,0,0.0,0.23133098693028117,4715793.181818183,3281474.328538982,8146505.0,1853059.0,5.1873725E7,4715793.181818183,3281474.328538982,8146505.0,1853059.0,0,0,0,0,0,0,0,0,0,0,0,0,0,0.23133098693028117,0.0,0.0,0.0,0.0,0.0,0.0,0,0,0,0,0,0,0,0,0.0,0.0,0.0,0.0,0,0,0,0,0,0,1,0,0,0,0,0,0,0,1857291.4,2947.1620756246166,1861165.0,1853059.0,8143177.8,2351.583657878239,8146505.0,8140514.0,0,1
192.168.1.5-224.0.0.252-59256-5355-17,192.168.1.5,59256,224.0.0.252,5355,17,1970-01-01 00:09:33.274110,104719,2,0,42.0,0.0,21.0,21.0,21.0,0.0,0,0,0,0,401.07334867598047,19.0987308893324,104719.0,0.0,104719.0,104719.0,104719.0,104719.0,0.0,104719.0,104719.0,0,0,0,0,0,0,0,0,0,0,0,16,0,19.0987308893324,0.0,21.0,21.0,21.0,0.0,0.0,0,0,0,0,0,0,0,0,0.0,21.0,21.0,0.0,0,0,0,0,0,0,1,21,0,0,0,0,1,8,0,0,0,0,0,0,0,0,0,1
192.168.1.5-224.0.0.252-61123-5355-17,192.168.1.5,61123,224.0.0.252,5355,17,1970-01-01 00:29:30.321528,104360,2,0,42.0,0.0,21.0,21.0,21.0,0.0,0,0,0,0,402.4530471444998,19.164430816404753,104360.0,0.0,104360.0,104360.0,104360.0,104360.0,0.0,104360.0,104360.0,0,0,0,0,0,0,0,0,0,0,0,16,0,19.164430816404753,0.0,21.0,21.0,21.0,0.0,0.0,0,0,0,0,0,0,0,0,0.0,21.0,21.0,0.0,0,0,0,0,0,0,1,21,0,0,0,0,1,8,0,0,0,0,0,0,0,0,0,1
192.168.1.4-239.255.255.250-65307-1900-17,192.168.1.4,65307,239.255.255.250,1900,17,1970-01-01 00:29:30.143524,3002551,4,0,696.0,0.0,174.0,174.0,174.0,0.0,0,0,0,0,231.80289027563563,1.3322005188254922,1000850.3333333334,1069.7856483115359,1001943.0,999805.0,3002551.0,1000850.3333333334,1069.7856483115359,1001943.0,999805.0,0,0,0,0,0,0,0,0,0,0,0,32,0,1.3322005188254922,0.0,174.0,174.0,174.0,0.0,0.0,0,0,0,0,0,0,0,0,0.0,174.0,174.0,0.0,0,0,0,0,0,0,1,174,0,0,0,0,3,8,0,0,0,0,0,0,0,0,0,1
192.168.1.4-224.0.0.252-50620-5355-17,192.168.1.4,50620,224.0.0.252,5355,17,1970-01-01 00:09:31.665208,473702,2,0,44.0,0.0,22.0,22.0,22.0,0.0,0,0,0,0,92.88540052606913,4.22206366027587,473702.0,0.0,473702.0,473702.0,473702.0,473702.0,0.0,473702.0,473702.0,0,0,0,0,0,0,0,0,0,0,0,16,0,4.22206366027587,0.0,22.0,22.0,22.0,0.0,0.0,0,0,0,0,0,0,0,0,0.0,22.0,22.0,0.0,0,0,0,0,0,0,1,22,0,0,0,0,1,8,0,0,0,0,0,0,0,0,0,1
192.168.1.4-224.0.0.252-59450-5355-17,192.168.1.4,59450,224.0.0.252,5355,17,1970-01-01 00:16:13.171631,98813,2,0,44.0,0.0,22.0,22.0,22.0,0.0,0,0,0,0,445.28553935210954,20.24025178873225,98813.0,0.0,98813.0,98813.0,98813.0,98813.0,0.0,98813.0,98813.0,0,0,0,0,0,0,0,0,0,0,0,16,0,20.24025178873225,0.0,22.0,22.0,22.0,0.0,0.0,0,0,0,0,0,0,0,0,0.0,22.0,22.0,0.0,0,0,0,0,0,0,1,22,0,0,0,0,1,8,0,0,0,0,0,0,0,0,0,1
0.0.0.0-255.255.255.255-68-67-17,0.0.0.0,68,255.255.255.255,67,17,1970-01-01 00:00:13.924403,12355,2,0,602.0,0.0,302.0,300.0,301.0,1.4142135623730951,0,0,0,0,48725.21246458924,161.87778227438284,12355.0,0.0,12355.0,12355.0,12355.0,12355.0,0.0,12355.0,12355.0,0,0,0,0,0,0,0,0,0,0,0,16,0,161.87778227438284,0.0,300.0,302.0,301.0,1.4142135623730951,2.0,0,0,0,0,0,0,0,0,0.0,301.0,301.0,0.0,0,0,0,0,0,0,1,301,0,0,0,0,1,8,0,0,0,0,0,0,0,0,0,1
192.168.1.4-190.115.19.190-49293-80-6,192.168.1.4,49293,190.115.19.190,80,6,1970-01-01 00:10:20.806419,9516213,3,0,0.0,0.0,0.0,0.0,0.0,0.0,0,0,0,0,0.0,0.31525145559478335,4758106.5,2286451.697276918,6374872.0,3141341.0,9516213.0,4758106.5,2286451.697276918,6374872.0,3141341.0,0,0,0,0,0,0,0,0,0,0,0,92,0,0.31525145559478335,0.0,0.0,0.0,0.0,0.0,0.0,0,3,0,0,0,0,0,0,0.0,0.0,0.0,0.0,0,0,0,0,0,0,1,0,0,0,8192,0,0,28,3141341.0,0.0,3141341.0,3141341.0,6374872.0,0.0,6374872.0,6374872.0,9516213,1
192.168.1.4-8.8.8.8-56257-53-17,192.168.1.4,56257,8.8.8.8,53,17,1970-01-01 00:15:34.157220,37310,1,1,47.0,96.0,47.0,47.0,47.0,0.0,96.0,96.0,96.0,0.0,3832.7526132404178,53.604931653712136,37310.0,0.0,37310.0,37310.0,0,0,0,0,0,0,0,0,0,0,0,0,0,0,0,0,8,8,26.802465826856068,26.802465826856068,47.0,96.0,71.5,34.64823227814083,1200.5,0,0,0,0,0,0,0,0,1.0,71.5,47.0,96.0,0,0,0,0,0,0,0,23,0,48,0,0,0,8,0,0,0,0,0,0,0,0,0,1
192.168.1.5-255.255.255.255-68-67-17,192.168.1.5,68,255.255.255.255,67,17,1970-01-01 00:09:28.778856,49920,2,0,602.0,0.0,302.0,300.0,301.0,1.4142135623730951,0,0,0,0,12059.294871794871,40.06410256410256,49920.0,0.0,49920.0,49920.0,49920.0,49920.0,0.0,49920.0,49920.0,0,0,0,0,0,0,0,0,0,0,0,16,0,40.06410256410256,0.0,300.0,302.0,301.0,1.4142135623730951,2.0,0,0,0,0,0,0,0,0,0.0,301.0,301.0,0.0,0,0,0,0,0,0,1,301,0,0,0,0,1,8,0,0,0,0,0,0,0,0,0,1
192.168.1.4-8.8.8.8-64204-53-17,192.168.1.4,64204,8.8.8.8,53,17,1970-01-01 00:11:30.065563,36190,1,1,37.0,77.0,37.0,37.0,37.0,0.0,77.0,77.0,77.0,0.0,3150.0414479137885,55.2638850511191,36190.0,0.0,36190.0,36190.0,0,0,0,0,0,0,0,0,0,0,0,0,0,0,0,0,8,8,27.63194252555955,27.63194252555955,37.0,77.0,57.0,28.284271247461902,800.0,0,0,0,0,0,0,0,0,1.0,57.0,37.0,77.0,0,0,0,0,0,0,0,18,0,38,0,0,0,8,0,0,0,0,0,0,0,0,0,1
192.168.1.4-224.0.0.252-55227-5355-17,192.168.1.4,55227,224.0.0.252,5355,17,1970-01-01 00:00:52.415172,0,1,0,21.0,0.0,21.0,21.0,21.0,0.0,0,0,0,0,Infinity,Infinity,NaN,NaN,NaN,NaN,0,0,0,0,0,0,0,0,0,0,0,0,0,0,0,0,8,0,0.0,0.0,21.0,21.0,21.0,0.0,0.0,0,0,0,0,0,0,0,0,0.0,21.0,21.0,0.0,0,0,0,0,0,0,1,21,0,0,0,0,0,8,0,0,0,0,0,0,0,0,0,1
192.168.1.4-239.255.255.250-49807-1900-17,192.168.1.4,49807,239.255.255.250,1900,17,1970-01-01 00:21:30.140839,2988768,4,0,696.0,0.0,174.0,174.0,174.0,0.0,0,0,0,0,232.87187228985323,1.338344093619846,996256.0,5900.638355296824,999969.0,989452.0,2988768.0,996256.0,5900.638355296824,999969.0,989452.0,0,0,0,0,0,0,0,0,0,0,0,32,0,1.338344093619846,0.0,174.0,174.0,174.0,0.0,0.0,0,0,0,0,0,0,0,0,0.0,174.0,174.0,0.0,696,4,232,0,0,0,1,174,0,0,0,0,3,8,0,0,0,0,0,0,0,0,0,1
134.221.96.0-0.0.1.88-0-0-0,134.221.96.0,0,0.0.1.88,0,0,1970-01-01 00:28:21.919027,0,1,0,0.0,0.0,0.0,0.0,0.0,0.0,0,0,0,0,NaN,Infinity,NaN,NaN,NaN,NaN,0,0,0,0,0,0,0,0,0,0,0,0,0,0,0,0,0,0,0.0,0.0,0.0,0.0,0.0,0.0,0.0,0,0,0,0,0,0,0,0,0.0,0.0,0.0,0.0,0,0,0,0,0,0,1,0,0,0,0,0,0,0,0,0,0,0,0,0,0,0,0,1
192.168.1.5-192.168.1.4-5355-64511-17,192.168.1.5,5355,192.168.1.4,64511,17,1970-01-01 00:01:11.776411,0,1,0,40.0,0.0,40.0,40.0,40.0,0.0,0,0,0,0,Infinity,Infinity,NaN,NaN,NaN,NaN,0,0,0,0,0,0,0,0,0,0,0,0,0,0,0,0,8,0,0.0,0.0,40.0,40.0,40.0,0.0,0.0,0,0,0,0,0,0,0,0,0.0,40.0,40.0,0.0,0,0,0,0,0,0,1,40,0,0,0,0,0,8,0,0,0,0,0,0,0,0,0,1
192.168.1.5-192.168.1.4-49252-2869-6,192.168.1.5,49252,192.168.1.4,2869,6,1970-01-01 00:00:15.917230,60026340,6,6,235.0,5876.0,235.0,0.0,39.166666666666664,95.93834825900781,1460.0,0.0,979.3333333333334,685.4113120358218,101.80530747002067,0.19991223852728654,5456939.999999999,1.809406050235576E7,6.0012584E7,0.0,6.002634E7,1.2005268E7,2.6836906039760757E7,6.0012584E7,298.0,13331.0,2666.2,5656.102253318976,12781.0,0.0,1,2,0,0,1,0,128,128,0.09995611926364327,0.09995611926364327,0.0,1460.0,509.25000000000006,677.3413433820095,458791.29545454535,0,2,1,3,11,0,0,0,1.0,509.25,39.166666666666664,979.3333333333334,0,0,0,5876,5,10683636,0,19,0,489,8192,64240,1,20,13756.0,0.0,13756.0,13756.0,6.0012584E7,0.0,6.0012584E7,6.0012584E7,60026340,1
192.168.1.5-192.168.1.4-49254-2869-6,192.168.1.5,49254,192.168.1.4,2869,6,1970-01-01 00:00:19.492968,68887198,6,6,191.0,5615.0,191.0,0.0,31.833333333333336,77.97542347859783,1460.0,0.0,935.8333333333333,673.7852526337057,84.28271389409684,0.17419782410078577,6262472.545454545,2.076935497997103E7,6.8884434E7,0.0,6.8887198E7,1.37774396E7,3.080574638046499E7,6.8884434E7,313.0,2286.0,457.2,750.1151244975666,1777.0,0.0,1,2,0,0,1,0,132,132,0.08709891205039288,0.08709891205039288,0.0,1460.0,483.83333333333337,657.265801128686,431998.3333333334,0,2,1,3,11,0,0,0,1.0,483.8333333333333,31.833333333333332,935.8333333333334,0,0,0,5615,5,11031434,0,15,0,467,8192,256,1,20,2764.0,0.0,2764.0,2764.0,6.8884434E7,0.0,6.8884434E7,6.8884434E7,68887198,1
192.168.1.4-172.217.16.237-49299-443-6,192.168.1.4,49299,172.217.16.237,443,6,1970-01-01 00:11:00.888912,12694760,107,340,1400.0,440283.0,599.0,0.0,13.084112149532716,80.79897270682264,1460.0,0.0,1294.9500000000005,410.17975824118446,34792.544325375195,35.21137855304078,28463.58744394619,578964.0550493267,1.2227315E7,6.0,1.269476E7,119761.88679245283,1194638.157800558,1.2302705E7,163.0,1.2678584E7,37399.952802359876,664066.472738197,1.2227373E7,10.0,6,157,0,0,0,0,2152,6804,8.42867450822229,26.78270404481849,0.0,1460.0,988.10514541387,655.199011388933,429285.74452503514,2,2,0,163,446,0,0,0,3.177570093457944,988.1051454138702,13.08411214953271,1294.95,0,0,0,439507,333,1952965,0,3,0,984,8192,31367,6,20,451532.0,0.0,451532.0,451532.0,1.2227315E7,0.0,1.2227315E7,1.2227315E7,12694760,1
192.168.1.4-224.0.0.252-50900-5355-17,192.168.1.4,50900,224.0.0.252,5355,17,1970-01-01 00:11:58.703984,111473,2,0,44.0,0.0,22.0,22.0,22.0,0.0,0,0,0,0,394.7144151498569,17.941564324993497,111473.0,0.0,111473.0,111473.0,111473.0,111473.0,0.0,111473.0,111473.0,0,0,0,0,0,0,0,0,0,0,0,16,0,17.941564324993497,0.0,22.0,22.0,22.0,0.0,0.0,0,0,0,0,0,0,0,0,0.0,22.0,22.0,0.0,0,0,0,0,0,0,1,22,0,0,0,0,1,8,0,0,0,0,0,0,0,0,0,1
192.168.1.4-190.115.19.190-49303-80-6,192.168.1.4,49303,190.115.19.190,80,6,1970-01-01 00:11:21.786227,10191400,3,0,0.0,0.0,0.0,0.0,0.0,0.0,0,0,0,0,0.0,0.2943658378632965,5095700.0,1976678.8230408095,6493423.0,3697977.0,1.01914E7,5095700.0,1976678.8230408095,6493423.0,3697977.0,0,0,0,0,0,0,0,0,0,0,0,92,0,0.2943658378632965,0.0,0.0,0.0,0.0,0.0,0.0,0,3,0,0,0,0,0,0,0.0,0.0,0.0,0.0,0,0,0,0,0,0,1,0,0,0,8192,0,0,28,3697977.0,0.0,3697977.0,3697977.0,6493423.0,0.0,6493423.0,6493423.0,10191400,1
192.168.1.4-8.8.8.8-65143-53-17,192.168.1.4,65143,8.8.8.8,53,17,1970-01-01 00:09:38.204060,37432,1,1,48.0,93.0,48.0,48.0,48.0,0.0,93.0,93.0,93.0,0.0,3766.8305193417395,53.430220132506946,37432.0,0.0,37432.0,37432.0,0,0,0,0,0,0,0,0,0,0,0,0,0,0,0,0,8,8,26.715110066253473,26.715110066253473,48.0,93.0,70.5,31.81980515339464,1012.5,0,0,0,0,0,0,0,0,1.0,70.5,48.0,93.0,0,0,0,0,0,0,0,24,0,46,0,0,0,8,0,0,0,0,0,0,0,0,0,1
134.221.96.0-0.0.0.32-0-0-0,134.221.96.0,0,0.0.0.32,0,0,1970-01-01 00:29:45.832487,104984176,16,0,0.0,0.0,0.0,0.0,0.0,0.0,0,0,0,0,0.0,0.1524039203774862,6998945.066666666,9955073.699342437,2.3483261E7,245.0,1.04984176E8,6998945.066666666,9955073.699342437,2.3483261E7,245.0,0,0,0,0,0,0,0,0,0,0,0,0,0,0.1524039203774862,0.0,0.0,0.0,0.0,0.0,0.0,0,0,0,0,0,0,0,0,0.0,0.0,0.0,0.0,0,0,0,0,0,0,1,0,0,0,0,0,0,0,905040.0,2019042.3226180773,4516809.0,331.0,2.0091677E7,4567755.9194190195,2.3483261E7,1.29828E7,0,1
192.168.1.4-216.58.211.46-49289-80-6,192.168.1.4,49289,216.58.211.46,80,6,1970-01-01 00:10:04.721594,2894951,8,5,785.0,2234.0,395.0,0.0,98.12500000000001,181.69710863333597,1122.0,0.0,446.8,611.8163123029657,1042.8501207792465,4.490576869867573,241245.9166666667,589167.7410209419,2080367.0,59.0,2894951.0,413564.4285714286,749380.0796845031,2080367.0,16103.0,2878393.0,719598.25,1154223.4473394873,2436410.0,15934.0,2,2,0,0,0,0,172,104,2.7634319199185065,1.7271449499490665,0.0,1122.0,232.23076923076925,418.5737995157195,175204.0256410257,2,2,0,4,12,0,0,0,0.625,232.23076923076923,98.125,446.8,0,0,0,0,0,0,0,60,0,171,8192,31982,2,20,0,0,0,0,0,0,0,0,2894951,1
134.221.96.0-0.0.0.116-0-0-0,134.221.96.0,0,0.0.0.116,0,0,1970-01-01 00:30:50.512527,51873536,12,0,0.0,0.0,0.0,0.0,0.0,0.0,0,0,0,0,0.0,0.2313318297792539,4715776.000000001,3281574.9579429994,8146679.0,1853191.0,5.1873536E7,4715776.000000001,3281574.9579429994,8146679.0,1853191.0,0,0,0,0,0,0,0,0,0,0,0,0,0,0.2313318297792539,0.0,0.0,0.0,0.0,0.0,0.0,0,0,0,0,0,0,0,0,0.0,0.0,0.0,0.0,0,0,0,0,0,0,1,0,0,0,0,0,0,0,1857205.2,2861.911197084913,1861065.0,1853191.0,8143265.8,2336.1953471401816,8146679.0,8140704.0,0,1
192.168.1.4-190.115.19.190-49283-80-6,192.168.1.4,49283,190.115.19.190,80,6,1970-01-01 00:09:51.737850,9259429,3,0,0.0,0.0,0.0,0.0,0.0,0.0,0,0,0,0,0.0,0.32399406054088215,4629714.5,2309021.1315188305,6262439.0,2996990.0,9259429.0,4629714.5,2309021.1315188305,6262439.0,2996990.0,0,0,0,0,0,0,0,0,0,0,0,92,0,0.32399406054088215,0.0,0.0,0.0,0.0,0.0,0.0,0,3,0,0,0,0,0,0,0.0,0.0,0.0,0.0,0,0,0,0,0,0,1,0,0,0,8192,0,0,28,2996990.0,0.0,2996990.0,2996990.0,6262439.0,0.0,6262439.0,6262439.0,9259429,1
192.168.1.4-239.255.255.250-57317-1900-17,192.168.1.4,57317,239.255.255.250,1900,17,1970-01-01 00:13:30.155289,2990091,4,0,696.0,0.0,174.0,174.0,174.0,0.0,0,0,0,0,232.76883546353605,1.3377519279513566,996697.0,5775.819682088422,1000090.0,990028.0,2990091.0,996697.0,5775.819682088422,1000090.0,990028.0,0,0,0,0,0,0,0,0,0,0,0,32,0,1.3377519279513566,0.0,174.0,174.0,174.0,0.0,0.0,0,0,0,0,0,0,0,0,0.0,174.0,174.0,0.0,0,0,0,0,0,0,1,174,0,0,0,0,3,8,0,0,0,0,0,0,0,0,0,1
192.168.1.4-8.8.8.8-49806-53-17,192.168.1.4,49806,8.8.8.8,53,17,1970-01-01 00:20:16.478245,16594,1,1,43.0,98.0,43.0,43.0,43.0,0.0,98.0,98.0,98.0,0.0,8497.047125467036,120.52549114137639,16594.0,0.0,16594.0,16594.0,0,0,0,0,0,0,0,0,0,0,0,0,0,0,0,0,8,8,60.262745570688196,60.262745570688196,43.0,98.0,70.5,38.890872965260115,1512.5,0,0,0,0,0,0,0,0,1.0,70.5,43.0,98.0,0,0,0,0,0,0,0,21,0,49,0,0,0,8,0,0,0,0,0,0,0,0,0,1
192.168.1.4-172.217.168.161-49288-443-6,192.168.1.4,49288,172.217.168.161,443,6,1970-01-01 00:09:56.821797,10795884,103,273,2325.0,364095.0,592.0,0.0,22.57281553398058,78.71811236649461,1460.0,0.0,1333.6813186813192,349.23692696660567,33940.7129606061,34.828088186201335,28789.024,392913.97785709193,7316017.0,0.0,1.0795884E7,105841.99999999994,775084.7383754724,7557402.0,195.0,1.077926E7,39629.63235294121,462237.861413664,7332775.0,9.0,16,143,0,0,0,0,2072,5464,9.540673093560473,25.287415092640863,0.0,1460.0,974.5212765957449,658.0010371416087,432965.36487943266,2,2,0,159,375,0,0,0,2.650485436893204,974.5212765957447,22.57281553398058,1333.6813186813188,0,0,0,60548,43,1672088,0,6,0,968,8192,32035,16,20,423093.0,0.0,423093.0,423093.0,7316017.0,0.0,7316017.0,7316017.0,10795884,1
192.168.1.4-8.8.8.8-63078-53-17,192.168.1.4,63078,8.8.8.8,53,17,1970-01-01 00:11:19.615083,39361,1,1,39.0,55.0,39.0,39.0,39.0,0.0,55.0,55.0,55.0,0.0,2388.1507075531617,50.81171718198217,39361.0,0.0,39361.0,39361.0,0,0,0,0,0,0,0,0,0,0,0,0,0,0,0,0,8,8,25.405858590991084,25.405858590991084,39.0,55.0,47.0,11.313708498984761,128.0,0,0,0,0,0,0,0,0,1.0,47.0,39.0,55.0,0,0,0,0,0,0,0,19,0,27,0,0,0,8,0,0,0,0,0,0,0,0,0,1
134.221.96.0-0.0.5.91-0-0-0,134.221.96.0,0,0.0.5.91,0,0,1970-01-01 00:28:21.922447,0,1,0,0.0,0.0,0.0,0.0,0.0,0.0,0,0,0,0,NaN,Infinity,NaN,NaN,NaN,NaN,0,0,0,0,0,0,0,0,0,0,0,0,0,0,0,0,0,0,0.0,0.0,0.0,0.0,0.0,0.0,0.0,0,0,0,0,0,0,0,0,0.0,0.0,0.0,0.0,0,0,0,0,0,0,1,0,0,0,0,0,0,0,0,0,0,0,0,0,0,0,0,1
192.168.1.4-172.217.16.227-49316-443-6,192.168.1.4,49316,172.217.16.227,443,6,1970-01-01 00:16:41.846512,1662344,12,10,2051.0,1933.0,1018.0,0.0,170.91666666666666,315.15319747511353,1126.0,0.0,193.29999999999995,373.90255712180175,2396.6158629020224,13.234324544137674,79159.23809523809,259929.3028578934,1183710.0,44.0,1662344.0,151122.18181818182,410479.8543482538,1375062.0,142.0,1645779.0,182864.33333333334,384635.3918761896,1183878.0,577.0,7,4,0,0,0,0,252,204,7.21872247862055,6.015602065517125,0.0,1126.0,181.09090909090904,334.7705552693138,112071.32467532466,2,2,0,11,21,0,0,0,0.8333333333333334,181.0909090909091,170.91666666666666,193.3,1398,4,1320113,0,0,0,0,93,0,87,8192,32697,7,20,0,0,0,0,0,0,0,0,1662344,1
134.221.96.0-0.0.1.15-0-0-0,134.221.96.0,0,0.0.1.15,0,0,1970-01-01 00:00:15.834712,0,1,0,0.0,0.0,0.0,0.0,0.0,0.0,0,0,0,0,NaN,Infinity,NaN,NaN,NaN,NaN,0,0,0,0,0,0,0,0,0,0,0,0,0,0,0,0,0,0,0.0,0.0,0.0,0.0,0.0,0.0,0.0,0,0,0,0,0,0,0,0,0.0,0.0,0.0,0.0,0,0,0,0,0,0,1,0,0,0,0,0,0,0,0,0,0,0,0,0,0,0,0,1
192.168.1.4-8.8.8.8-60893-53-17,192.168.1.4,60893,8.8.8.8,53,17,1970-01-01 00:09:35.830208,37182,1,1,33.0,49.0,33.0,33.0,33.0,0.0,49.0,49.0,49.0,0.0,2205.3681889086115,53.78946802216126,37182.0,0.0,37182.0,37182.0,0,0,0,0,0,0,0,0,0,0,0,0,0,0,0,0,8,8,26.89473401108063,26.89473401108063,33.0,49.0,41.0,11.313708498984761,128.0,0,0,0,0,0,0,0,0,1.0,41.0,33.0,49.0,0,0,0,0,0,0,0,16,0,24,0,0,0,8,0,0,0,0,0,0,0,0,0,1
192.168.1.4-224.0.0.252-57528-5355-17,192.168.1.4,57528,224.0.0.252,5355,17,1970-01-01 00:09:42.973171,39659,2,0,44.0,0.0,22.0,22.0,22.0,0.0,0,0,0,0,1109.45813056305,50.42991502559318,39659.0,0.0,39659.0,39659.0,39659.0,39659.0,0.0,39659.0,39659.0,0,0,0,0,0,0,0,0,0,0,0,16,0,50.42991502559318,0.0,22.0,22.0,22.0,0.0,0.0,0,0,0,0,0,0,0,0,0.0,22.0,22.0,0.0,0,0,0,0,0,0,1,22,0,0,0,0,1,8,0,0,0,0,0,0,0,0,0,1
192.168.1.4-224.0.0.252-57316-5355-17,192.168.1.4,57316,224.0.0.252,5355,17,1970-01-01 00:12:20.729321,310503,2,0,44.0,0.0,22.0,22.0,22.0,0.0,0,0,0,0,141.70555517982115,6.441161599082779,310503.0,0.0,310503.0,310503.0,310503.0,310503.0,0.0,310503.0,310503.0,0,0,0,0,0,0,0,0,0,0,0,16,0,6.441161599082779,0.0,22.0,22.0,22.0,0.0,0.0,0,0,0,0,0,0,0,0,0.0,22.0,22.0,0.0,0,0,0,0,0,0,1,22,0,0,0,0,1,8,0,0,0,0,0,0,0,0,0,1
192.168.1.4-224.0.0.252-59971-5355-17,192.168.1.4,59971,224.0.0.252,5355,17,1970-01-01 00:00:17.030480,97725,2,0,48.0,0.0,24.0,24.0,24.0,0.0,0,0,0,0,491.1742133537989,20.465592223074953,97725.0,0.0,97725.0,97725.0,97725.0,97725.0,0.0,97725.0,97725.0,0,0,0,0,0,0,0,0,0,0,0,16,0,20.465592223074953,0.0,24.0,24.0,24.0,0.0,0.0,0,0,0,0,0,0,0,0,0.0,24.0,24.0,0.0,0,0,0,0,0,0,1,24,0,0,0,0,1,8,0,0,0,0,0,0,0,0,0,1
192.168.1.4-192.168.1.5-49259-139-6,192.168.1.4,49259,192.168.1.5,139,6,1970-01-01 00:00:19.785594,13667304,13,11,973.0,1006.0,214.0,0.0,74.84615384615384,69.27102106201669,334.0,0.0,91.45454545454545,103.16817691164619,144.7981255118054,1.7560156706838452,594230.6086956521,2770740.87800063,1.3302708E7,84.0,1.3667304E7,1138942.0,3831641.865801206,1.3302708E7,265.0,1.3666822E7,1366682.2,4263967.098648492,1.3501683E7,402.0,9,9,0,0,0,0,272,232,0.9511751549537495,0.8048405157300957,0.0,334.0,82.45833333333333,84.8686858657521,7202.693840579711,2,2,0,18,23,0,0,0,0.8461538461538461,82.45833333333333,74.84615384615384,91.45454545454545,0,0,0,0,0,0,0,40,0,41,8192,253,9,20,359299.0,0.0,359299.0,359299.0,1.3302708E7,0.0,1.3302708E7,1.3302708E7,13667304,1
192.168.1.4-192.168.1.255-138-138-17,192.168.1.4,138,192.168.1.255,138,17,1970-01-01 00:24:52.084328,0,1,0,174.0,0.0,174.0,174.0,174.0,0.0,0,0,0,0,Infinity,Infinity,NaN,NaN,NaN,NaN,0,0,0,0,0,0,0,0,0,0,0,0,0,0,0,0,8,0,0.0,0.0,174.0,174.0,174.0,0.0,0.0,0,0,0,0,0,0,0,0,0.0,174.0,174.0,0.0,0,0,0,0,0,0,1,174,0,0,0,0,0,8,0,0,0,0,0,0,0,0,0,1
192.168.1.4-224.0.0.252-57617-5355-17,192.168.1.4,57617,224.0.0.252,5355,17,1970-01-01 00:00:19.782171,0,1,0,21.0,0.0,21.0,21.0,21.0,0.0,0,0,0,0,Infinity,Infinity,NaN,NaN,NaN,NaN,0,0,0,0,0,0,0,0,0,0,0,0,0,0,0,0,8,0,0.0,0.0,21.0,21.0,21.0,0.0,0.0,0,0,0,0,0,0,0,0,0.0,21.0,21.0,0.0,0,0,0,0,0,0,1,21,0,0,0,0,0,8,0,0,0,0,0,0,0,0,0,1
192.168.1.4-172.217.17.3-49278-443-6,192.168.1.4,49278,172.217.17.3,443,6,1970-01-01 00:09:36.137789,6544844,52,123,1050.0,163379.0,517.0,0.0,20.19230769230769,79.05149437675156,1460.0,0.0,1328.284552845528,364.2465054419091,25123.44068093907,26.73860522878773,37614.0459770115,460787.5979491833,6078418.0,7.0,6544844.0,128330.2745098039,857859.8770122794,6132429.0,199.0,6528992.0,53516.32786885246,550288.6831019004,6078485.0,10.0,7,82,0,0,0,0,1052,2464,7.945185553696925,18.793419675090803,0.0,1460.0,939.5942857142855,673.9980822744884,454273.41490968806,2,2,0,89,174,0,0,0,2.3653846153846154,939.5942857142857,20.192307692307693,1328.2845528455284,430,4,58519,159034,113,2436966,0,6,0,933,8192,31717,7,20,450360.0,0.0,450360.0,450360.0,6078418.0,0.0,6078418.0,6078418.0,6544844,1
192.168.1.4-130.206.193.109-49290-80-6,192.168.1.4,49290,130.206.193.109,80,6,1970-01-01 00:10:04.848776,2767025,178,795,1037.0,1146653.0,521.0,0.0,5.825842696629214,54.80605770487654,1460.0,0.0,1442.3308176100622,126.75067254710825,414773.99011573807,351.64120309718925,2846.7335390946505,67308.57539875642,2079614.0,6.0,2767025.0,15632.909604519775,157462.41011108583,2079614.0,123.0,2750861.0,3464.5604534005033,82169.35825909021,2307976.0,9.0,2,241,0,0,0,0,3572,15904,64.32901762723503,287.3121854699542,0.0,1460.0,1179.5375128468643,567.8305403120654,322431.5225110922,2,2,0,243,972,0,0,0,4.466292134831461,1179.5375128468654,5.825842696629214,1442.330817610063,0,0,0,573326,396,5517927,0,1,0,1178,8192,31730,2,20,0,0,0,0,0,0,0,0,2767025,1
192.168.1.5-224.0.0.22-0-0-0,192.168.1.5,0,224.0.0.22,0,0,1970-01-01 00:29:29.999218,819398,6,0,0.0,0.0,0.0,0.0,0.0,0.0,0,0,0,0,0.0,7.322448919816744,163879.6,229281.96464462703,499249.0,1538.0,819398.0,163879.6,229281.96464462703,499249.0,1538.0,0,0,0,0,0,0,0,0,0,0,0,0,0,7.322448919816744,0.0,0.0,0.0,0.0,0.0,0.0,0,0,0,0,0,0,0,0,0.0,0.0,0.0,0.0,0,0,0,0,0,0,1,0,0,0,0,0,0,0,0,0,0,0,0,0,0,0,0,1
192.168.1.5-192.168.1.4-5355-55227-17,192.168.1.5,5355,192.168.1.4,55227,17,1970-01-01 00:00:52.416480,0,1,0,40.0,0.0,40.0,40.0,40.0,0.0,0,0,0,0,Infinity,Infinity,NaN,NaN,NaN,NaN,0,0,0,0,0,0,0,0,0,0,0,0,0,0,0,0,8,0,0.0,0.0,40.0,40.0,40.0,0.0,0.0,0,0,0,0,0,0,0,0,0.0,40.0,40.0,0.0,0,0,0,0,0,0,1,40,0,0,0,0,0,8,0,0,0,0,0,0,0,0,0,1
192.168.1.4-8.8.8.8-59379-53-17,192.168.1.4,59379,8.8.8.8,53,17,1970-01-01 00:16:55.450858,37990,1,1,47.0,96.0,47.0,47.0,47.0,0.0,96.0,96.0,96.0,0.0,3764.148460121084,52.645433008686496,37990.0,0.0,37990.0,37990.0,0,0,0,0,0,0,0,0,0,0,0,0,0,0,0,0,8,8,26.322716504343248,26.322716504343248,47.0,96.0,71.5,34.64823227814083,1200.5,0,0,0,0,0,0,0,0,1.0,71.5,47.0,96.0,0,0,0,0,0,0,0,23,0,48,0,0,0,8,0,0,0,0,0,0,0,0,0,1
134.221.96.0-0.0.0.227-0-0-0,134.221.96.0,0,0.0.0.227,0,0,1970-01-01 00:28:21.978879,0,1,0,0.0,0.0,0.0,0.0,0.0,0.0,0,0,0,0,NaN,Infinity,NaN,NaN,NaN,NaN,0,0,0,0,0,0,0,0,0,0,0,0,0,0,0,0,0,0,0.0,0.0,0.0,0.0,0.0,0.0,0.0,0,0,0,0,0,0,0,0,0.0,0.0,0.0,0.0,0,0,0,0,0,0,1,0,0,0,0,0,0,0,0,0,0,0,0,0,0,0,0,1
192.168.1.5-192.168.1.4-5355-64104-17,192.168.1.5,5355,192.168.1.4,64104,17,1970-01-01 00:00:52.652256,0,1,0,40.0,0.0,40.0,40.0,40.0,0.0,0,0,0,0,Infinity,Infinity,NaN,NaN,NaN,NaN,0,0,0,0,0,0,0,0,0,0,0,0,0,0,0,0,8,0,0.0,0.0,40.0,40.0,40.0,0.0,0.0,0,0,0,0,0,0,0,0,0.0,40.0,40.0,0.0,0,0,0,0,0,0,1,40,0,0,0,0,0,8,0,0,0,0,0,0,0,0,0,1
192.168.1.4-224.0.0.252-55711-5355-17,192.168.1.4,55711,224.0.0.252,5355,17,1970-01-01 00:09:31.996501,532395,2,0,44.0,0.0,22.0,22.0,22.0,0.0,0,0,0,0,82.64540425811663,3.756609284459847,532395.0,0.0,532395.0,532395.0,532395.0,532395.0,0.0,532395.0,532395.0,0,0,0,0,0,0,0,0,0,0,0,16,0,3.756609284459847,0.0,22.0,22.0,22.0,0.0,0.0,0,0,0,0,0,0,0,0,0.0,22.0,22.0,0.0,0,0,0,0,0,0,1,22,0,0,0,0,1,8,0,0,0,0,0,0,0,0,0,1
192.168.1.4-190.115.19.190-49295-80-6,192.168.1.4,49295,190.115.19.190,80,6,1970-01-01 00:10:48.308525,9178838,3,0,0.0,0.0,0.0,0.0,0.0,0.0,0,0,0,0,0.0,0.32683875671408513,4589419.0,2119570.961382987,6088182.0,3090656.0,9178838.0,4589419.0,2119570.961382987,6088182.0,3090656.0,0,0,0,0,0,0,0,0,0,0,0,92,0,0.32683875671408513,0.0,0.0,0.0,0.0,0.0,0.0,0,3,0,0,0,0,0,0,0.0,0.0,0.0,0.0,0,0,0,0,0,0,1,0,0,0,8192,0,0,28,3090656.0,0.0,3090656.0,3090656.0,6088182.0,0.0,6088182.0,6088182.0,9178838,1
192.168.1.4-224.0.0.252-64456-5355-17,192.168.1.4,64456,224.0.0.252,5355,17,1970-01-01 00:10:46.223973,74056,2,0,42.0,0.0,21.0,21.0,21.0,0.0,0,0,0,0,567.1383817651507,27.00658960786432,74056.0,0.0,74056.0,74056.0,74056.0,74056.0,0.0,74056.0,74056.0,0,0,0,0,0,0,0,0,0,0,0,16,0,27.00658960786432,0.0,21.0,21.0,21.0,0.0,0.0,0,0,0,0,0,0,0,0,0.0,21.0,21.0,0.0,0,0,0,0,0,0,1,21,0,0,0,0,1,8,0,0,0,0,0,0,0,0,0,1
192.168.1.4-239.255.255.250-55047-1900-17,192.168.1.4,55047,239.255.255.250,1900,17,1970-01-01 00:17:30.171559,3002570,4,0,696.0,0.0,174.0,174.0,174.0,0.0,0,0,0,0,231.80142344724686,1.332192088777281,1000856.6666666666,11522.402454928111,1012750.0,989745.0,3002570.0,1000856.6666666666,11522.402454928111,1012750.0,989745.0,0,0,0,0,0,0,0,0,0,0,0,32,0,1.332192088777281,0.0,174.0,174.0,174.0,0.0,0.0,0,0,0,0,0,0,0,0,0.0,174.0,174.0,0.0,0,0,0,0,0,0,1,174,0,0,0,0,3,8,0,0,0,0,0,0,0,0,0,1
192.168.1.4-224.0.0.252-65380-5355-17,192.168.1.4,65380,224.0.0.252,5355,17,1970-01-01 00:00:16.840189,117978,2,0,42.0,0.0,21.0,21.0,21.0,0.0,0,0,0,0,355.99857600569595,16.95231314312838,117978.0,0.0,117978.0,117978.0,117978.0,117978.0,0.0,117978.0,117978.0,0,0,0,0,0,0,0,0,0,0,0,16,0,16.95231314312838,0.0,21.0,21.0,21.0,0.0,0.0,0,0,0,0,0,0,0,0,0.0,21.0,21.0,0.0,0,0,0,0,0,0,1,21,0,0,0,0,1,8,0,0,0,0,0,0,0,0,0,1
192.168.1.4-8.8.8.8-52535-53-17,192.168.1.4,52535,8.8.8.8,53,17,1970-01-01 00:00:16.987735,16352,1,1,43.0,98.0,43.0,43.0,43.0,0.0,98.0,98.0,98.0,0.0,8622.798434442271,122.30919765166341,16352.0,0.0,16352.0,16352.0,0,0,0,0,0,0,0,0,0,0,0,0,0,0,0,0,8,8,61.154598825831705,61.154598825831705,43.0,98.0,70.5,38.890872965260115,1512.5,0,0,0,0,0,0,0,0,1.0,70.5,43.0,98.0,0,0,0,0,0,0,0,21,0,49,0,0,0,8,0,0,0,0,0,0,0,0,0,1
192.168.1.4-239.255.255.250-65004-3702-17,192.168.1.4,65004,239.255.255.250,3702,17,1970-01-01 00:09:30.484754,10588770,4,0,2624.0,0.0,656.0,656.0,656.0,0.0,0,0,0,0,247.8097078319767,0.3777587009633791,3529590.0,5458465.729863933,9826475.0,142867.0,1.058877E7,3529590.0,5458465.729863933,9826475.0,142867.0,0,0,0,0,0,0,0,0,0,0,0,32,0,0.3777587009633791,0.0,656.0,656.0,656.0,0.0,0.0,0,0,0,0,0,0,0,0,0.0,656.0,656.0,0.0,0,0,0,0,0,0,1,656,0,0,0,0,3,8,619428.0,0.0,619428.0,619428.0,9826475.0,0.0,9826475.0,9826475.0,0,1
192.168.1.4-8.8.8.8-64758-53-17,192.168.1.4,64758,8.8.8.8,53,17,1970-01-01 00:30:52.347581,16725,1,1,43.0,98.0,43.0,43.0,43.0,0.0,98.0,98.0,98.0,0.0,8430.493273542601,119.5814648729447,16725.0,0.0,16725.0,16725.0,0,0,0,0,0,0,0,0,0,0,0,0,0,0,0,0,8,8,59.79073243647235,59.79073243647235,43.0,98.0,70.5,38.890872965260115,1512.5,0,0,0,0,0,0,0,0,1.0,70.5,43.0,98.0,0,0,0,0,0,0,0,21,0,49,0,0,0,8,0,0,0,0,0,0,0,0,0,1
192.168.1.4-172.217.16.227-49328-443-6,192.168.1.4,49328,172.217.16.227,443,6,1970-01-01 00:18:01.769147,1861064,11,9,2109.0,1902.0,1076.0,0.0,191.72727272727275,340.61505865392706,1095.0,0.0,211.33333333333334,386.65844100446066,2155.2187350891745,10.746540688552354,97950.73684210527,369870.2488093842,1623097.0,44.0,1861064.0,186106.4,523733.52364499256,1675267.0,165.0,1844365.0,230545.625,563346.7280182244,1623231.0,662.0,7,3,0,0,0,0,232,184,5.910597378703795,4.83594330984856,0.0,1095.0,200.55000000000004,352.29525222012586,124111.9447368421,2,2,0,10,19,0,0,0,0.8181818181818182,200.55,191.72727272727272,211.33333333333334,1456,4,1271615,0,0,0,0,105,0,95,8192,32697,7,20,0,0,0,0,0,0,0,0,1861064,1
192.168.1.4-190.115.19.190-49324-80-6,192.168.1.4,49324,190.115.19.190,80,6,1970-01-01 00:17:41.711123,8998312,3,0,0.0,0.0,0.0,0.0,0.0,0.0,0,0,0,0,0.0,0.33339586357974693,4499156.0,2130041.7985987975,6005323.0,2992989.0,8998312.0,4499156.0,2130041.7985987975,6005323.0,2992989.0,0,0,0,0,0,0,0,0,0,0,0,92,0,0.33339586357974693,0.0,0.0,0.0,0.0,0.0,0.0,0,3,0,0,0,0,0,0,0.0,0.0,0.0,0.0,0,0,0,0,0,0,1,0,0,0,8192,0,0,28,2992989.0,0.0,2992989.0,2992989.0,6005323.0,0.0,6005323.0,6005323.0,8998312,1
192.168.1.4-224.0.0.252-49677-5355-17,192.168.1.4,49677,224.0.0.252,5355,17,1970-01-01 00:09:42.659986,146812,2,0,44.0,0.0,22.0,22.0,22.0,0.0,0,0,0,0,299.7030215513718,13.622864615971446,146812.0,0.0,146812.0,146812.0,146812.0,146812.0,0.0,146812.0,146812.0,0,0,0,0,0,0,0,0,0,0,0,16,0,13.622864615971446,0.0,22.0,22.0,22.0,0.0,0.0,0,0,0,0,0,0,0,0,0.0,22.0,22.0,0.0,0,0,0,0,0,0,1,22,0,0,0,0,1,8,0,0,0,0,0,0,0,0,0,1
192.168.1.4-192.168.1.5-49258-139-6,192.168.1.4,49258,192.168.1.5,139,6,1970-01-01 00:00:19.681815,13766273,12,10,983.0,908.0,238.0,0.0,81.91666666666666,77.10023975122884,223.0,0.0,90.8,79.0917891510308,137.36470285021952,1.598108652937509,655536.8095238095,2933698.149064992,1.3457675E7,0.0,1.3766273E7,1251479.3636363635,4048857.4001790006,1.3457675E7,342.0,1.3765547E7,1529505.2222222222,4552072.526281704,1.3668303E7,379.0,8,8,0,0,0,0,252,212,0.8716956288750048,0.7264130240625041,0.0,238.0,85.95454545454545,76.25738201438804,5815.188311688313,2,2,0,16,21,0,0,0,0.8333333333333334,85.95454545454545,81.91666666666667,90.8,0,0,0,0,0,0,0,44,0,41,8192,253,8,20,306968.0,0.0,306968.0,306968.0,1.3457675E7,0.0,1.3457675E7,1.3457675E7,13766273,1
134.221.96.0-0.0.0.194-0-0-0,134.221.96.0,0,0.0.0.194,0,0,1970-01-01 00:31:17.758919,13680356,8,0,0.0,0.0,0.0,0.0,0.0,0.0,0,0,0,0,0.0,0.5847801036756646,1954336.5714285714,5163284.28773153,1.3663563E7,721.0,1.3680356E7,1954336.5714285714,5163284.28773153,1.3663563E7,721.0,0,0,0,0,0,0,0,0,0,0,0,0,0,0.5847801036756646,0.0,0.0,0.0,0.0,0.0,0.0,0,0,0,0,0,0,0,0,0.0,0.0,0.0,0.0,0,0,0,0,0,0,1,0,0,0,0,0,0,0,6899.0,0.0,6899.0,6899.0,1.3663563E7,0.0,1.3663563E7,1.3663563E7,0,1
192.168.1.5-192.168.1.4-1900-58673-17,192.168.1.5,1900,192.168.1.4,58673,17,1970-01-01 00:18:42.660600,6969166,3,0,1338.0,0.0,446.0,446.0,446.0,0.0,0,0,0,0,191.98853923123656,0.4304675767516515,3484583.0,1745959.7798345757,4719163.0,2250003.0,6969166.0,3484583.0,1745959.7798345757,4719163.0,2250003.0,0,0,0,0,0,0,0,0,0,0,0,24,0,0.4304675767516515,0.0,446.0,446.0,446.0,0.0,0.0,0,0,0,0,0,0,0,0,0.0,446.0,446.0,0.0,0,0,0,0,0,0,1,446,0,0,0,0,2,8,0,0,0,0,0,0,0,0,0,1
192.168.1.4-216.58.211.46-49311-80-6,192.168.1.4,49311,216.58.211.46,80,6,1970-01-01 00:20:27.411149,0,1,0,0.0,0.0,0.0,0.0,0.0,0.0,0,0,0,0,NaN,Infinity,NaN,NaN,NaN,NaN,0,0,0,0,0,0,0,0,0,0,0,0,0,0,0,0,20,0,0.0,0.0,0.0,0.0,0.0,0.0,0.0,0,0,1,0,1,0,0,0,0.0,0.0,0.0,0.0,0,0,0,0,0,0,1,0,0,0,0,0,0,20,0,0,0,0,0,0,0,0,293310166,1
192.168.1.4-172.217.16.227-49315-443-6,192.168.1.4,49315,172.217.16.227,443,6,1970-01-01 00:16:31.048590,2460391,11,9,2106.0,2000.0,1073.0,0.0,191.45454545454544,339.83653824636446,1193.0,0.0,222.22222222222223,414.9960173838352,1668.840440401546,8.12878928593057,129494.26315789472,517521.3568534412,2264991.0,47.0,2460391.0,246039.1,739784.7922064076,2351287.0,165.0,2443843.0,305480.37499999994,792298.9683709657,2265139.0,723.0,7,3,0,0,0,0,232,184,4.470834107261814,3.6579551786687565,0.0,1193.0,205.3,365.43760357311777,133544.64210526316,2,2,0,10,19,0,0,0,0.8181818181818182,205.3,191.45454545454547,222.22222222222223,1453,4,1079494,0,0,0,0,105,0,100,8192,32697,7,20,0,0,0,0,0,0,0,0,2460391,1
192.168.1.4-190.115.19.190-49285-80-6,192.168.1.4,49285,190.115.19.190,80,6,1970-01-01 00:09:52.583759,9125626,3,0,0.0,0.0,0.0,0.0,0.0,0.0,0,0,0,0,0.0,0.3287445705094642,4562813.0,2201535.951031007,6119534.0,3006092.0,9125626.0,4562813.0,2201535.951031007,6119534.0,3006092.0,0,0,0,0,0,0,0,0,0,0,0,92,0,0.3287445705094642,0.0,0.0,0.0,0.0,0.0,0.0,0,3,0,0,0,0,0,0,0.0,0.0,0.0,0.0,0,0,0,0,0,0,1,0,0,0,8192,0,0,28,3006092.0,0.0,3006092.0,3006092.0,6119534.0,0.0,6119534.0,6119534.0,9125626,1
192.168.1.4-224.0.0.252-54878-5355-17,192.168.1.4,54878,224.0.0.252,5355,17,1970-01-01 00:09:35.845349,61402,2,0,56.0,0.0,28.0,28.0,28.0,0.0,0,0,0,0,912.0224096934953,32.572228917624834,61402.0,0.0,61402.0,61402.0,61402.0,61402.0,0.0,61402.0,61402.0,0,0,0,0,0,0,0,0,0,0,0,16,0,32.572228917624834,0.0,28.0,28.0,28.0,0.0,0.0,0,0,0,0,0,0,0,0,0.0,28.0,28.0,0.0,0,0,0,0,0,0,1,28,0,0,0,0,1,8,0,0,0,0,0,0,0,0,0,1
192.168.1.3-255.255.255.255-67-68-17,192.168.1.3,67,255.255.255.255,68,17,1970-01-01 00:09:28.826784,510680,2,0,1096.0,0.0,548.0,548.0,548.0,0.0,0,0,0,0,2146.1580637581264,3.916346831675413,510680.0,0.0,510680.0,510680.0,510680.0,510680.0,0.0,510680.0,510680.0,0,0,0,0,0,0,0,0,0,0,0,16,0,3.916346831675413,0.0,548.0,548.0,548.0,0.0,0.0,0,0,0,0,0,0,0,0,0.0,548.0,548.0,0.0,0,0,0,0,0,0,1,548,0,0,0,0,1,8,0,0,0,0,0,0,0,0,0,1
192.168.1.4-224.0.0.252-50725-5355-17,192.168.1.4,50725,224.0.0.252,5355,17,1970-01-01 00:09:35.827307,77832,2,0,62.0,0.0,31.0,31.0,31.0,0.0,0,0,0,0,796.587521841916,25.69637167231987,77832.0,0.0,77832.0,77832.0,77832.0,77832.0,0.0,77832.0,77832.0,0,0,0,0,0,0,0,0,0,0,0,16,0,25.69637167231987,0.0,31.0,31.0,31.0,0.0,0.0,0,0,0,0,0,0,0,0,0.0,31.0,31.0,0.0,0,0,0,0,0,0,1,31,0,0,0,0,1,8,0,0,0,0,0,0,0,0,0,1
192.168.1.4-172.217.168.170-49306-443-6,192.168.1.4,49306,172.217.168.170,443,6,1970-01-01 00:11:58.716406,4714234,983,3881,1315.0,5571059.0,543.0,0.0,1.3377416073245159,24.21008420001596,1460.0,0.0,1435.4699819634131,109.77088692693735,1182031.6938022168,1031.768893949685,969.408595517171,52761.14678251479,3672235.0,5.0,4714234.0,4800.645621181262,121008.94388111109,3783702.0,65.0,4698403.0,1210.9286082474237,59079.46567887241,3672377.0,9.0,7,1041,0,0,0,0,19672,77624,208.517438888269,823.2514550614161,0.0,1460.0,1145.6361019736803,584.3431705449035,341456.9409624702,2,2,0,1048,4863,0,0,0,3.948118006103764,1145.6361019736842,1.3377416073245167,1435.4699819634116,0,0,0,2783275,1935,10015329,0,0,0,1145,8192,31452,7,20,0,0,0,0,0,0,0,0,4714234,1
192.168.1.5-192.168.1.4-49260-5357-6,192.168.1.5,49260,192.168.1.4,5357,6,1970-01-01 00:09:35.974522,11879,9,15,952.0,16953.0,733.0,0.0,105.7777777777778,246.10707922456123,1460.0,0.0,1130.1999999999998,602.6588942819502,1507281.757723714,2020.372085192356,516.4782608695652,1601.0768214368393,7734.0,0.0,11758.0,1469.75,2726.907969006026,8158.0,137.0,11657.0,832.6428571428571,2083.1337564479018,7734.0,0.0,2,1,0,0,0,0,192,312,757.6395319471336,1262.7325532452226,0.0,1460.0,746.0416666666667,706.2584499943387,498800.99818840576,2,2,0,3,23,0,0,0,1.6666666666666667,746.0416666666666,105.77777777777777,1130.2,0,0,0,16953,12,21059627,0,39,0,706,8192,256,2,20,0,0,0,0,0,0,0,0,11879,1
192.168.1.4-224.0.0.252-64525-5355-17,192.168.1.4,64525,224.0.0.252,5355,17,1970-01-01 00:10:48.579462,569316,2,0,44.0,0.0,22.0,22.0,22.0,0.0,0,0,0,0,77.28572532653219,3.512987514842372,569316.0,0.0,569316.0,569316.0,569316.0,569316.0,0.0,569316.0,569316.0,0,0,0,0,0,0,0,0,0,0,0,16,0,3.512987514842372,0.0,22.0,22.0,22.0,0.0,0.0,0,0,0,0,0,0,0,0,0.0,22.0,22.0,0.0,0,0,0,0,0,0,1,22,0,0,0,0,1,8,0,0,0,0,0,0,0,0,0,1
192.168.1.4-172.217.16.238-49298-443-6,192.168.1.4,49298,172.217.16.238,443,6,1970-01-01 00:11:00.511552,13069494,13,12,1035.0,5262.0,517.0,0.0,79.61538461538463,148.69237733294563,1460.0,0.0,438.49999999999994,558.268019698587,481.8090126519052,1.9128514080193157,544562.25,2542828.0654604486,1.2479176E7,42.0,1.3069494E7,1089124.5,3643563.5923481816,1.2656207E7,161.0,1.3053225E7,1186656.8181818181,3746333.262218374,1.2479343E7,196.0,7,5,0,0,0,0,272,244,0.9946827321700442,0.9181686758492715,0.0,1460.0,251.88,432.88319440699007,187387.85999999996,2,2,0,12,24,0,0,0,0.9230769230769231,251.88,79.61538461538461,438.5,448,4,456676,0,0,0,0,41,0,210,8192,31732,7,20,574102.0,0.0,574102.0,574102.0,1.2479176E7,0.0,1.2479176E7,1.2479176E7,13069494,1
192.168.1.4-224.0.0.252-61463-5355-17,192.168.1.4,61463,224.0.0.252,5355,17,1970-01-01 00:00:16.161314,122442,2,0,48.0,0.0,24.0,24.0,24.0,0.0,0,0,0,0,392.0223452736806,16.33426438640336,122442.0,0.0,122442.0,122442.0,122442.0,122442.0,0.0,122442.0,122442.0,0,0,0,0,0,0,0,0,0,0,0,16,0,16.33426438640336,0.0,24.0,24.0,24.0,0.0,0.0,0,0,0,0,0,0,0,0,0.0,24.0,24.0,0.0,0,0,0,0,0,0,1,24,0,0,0,0,1,8,0,0,0,0,0,0,0,0,0,1
192.168.1.4-130.206.193.109-49280-443-6,192.168.1.4,49280,130.206.193.109,443,6,1970-01-01 00:09:37.099582,5581202,115,548,1106.0,790695.0,517.0,0.0,9.617391304347825,66.97192166408715,1460.0,0.0,1442.8740875912415,145.27418640595403,141869.26042096308,118.79161513953446,8430.818731117824,185830.37738936848,4775645.0,6.0,5581202.0,48957.912280701756,447301.2886796043,4775645.0,154.0,5565052.0,10173.769652650824,211029.77992317348,4931827.0,10.0,3,147,0,0,0,0,2312,10964,20.60488045406706,98.18673468546739,0.0,1460.0,1194.2699849170438,559.6115974396643,313165.1399889728,2,2,0,150,662,0,0,0,4.765217391304348,1194.2699849170438,9.617391304347827,1442.8740875912408,0,0,0,787263,540,2200392,0,1,0,1192,8192,31661,3,20,0,0,0,0,0,0,0,0,5581202,1
192.168.1.4-8.8.8.8-61490-53-17,192.168.1.4,61490,8.8.8.8,53,17,1970-01-01 00:09:35.881437,37523,1,1,37.0,77.0,37.0,37.0,37.0,0.0,77.0,77.0,77.0,0.0,3038.136609546145,53.30064227273939,37523.0,0.0,37523.0,37523.0,0,0,0,0,0,0,0,0,0,0,0,0,0,0,0,0,8,8,26.650321136369694,26.650321136369694,37.0,77.0,57.0,28.284271247461902,800.0,0,0,0,0,0,0,0,0,1.0,57.0,37.0,77.0,0,0,0,0,0,0,0,18,0,38,0,0,0,8,0,0,0,0,0,0,0,0,0,1
192.168.1.5-192.168.1.255-138-138-17,192.168.1.5,138,192.168.1.255,138,17,1970-01-01 00:29:22.082122,0,1,0,173.0,0.0,173.0,173.0,173.0,0.0,0,0,0,0,Infinity,Infinity,NaN,NaN,NaN,NaN,0,0,0,0,0,0,0,0,0,0,0,0,0,0,0,0,8,0,0.0,0.0,173.0,173.0,173.0,0.0,0.0,0,0,0,0,0,0,0,0,0.0,173.0,173.0,0.0,0,0,0,0,0,0,1,173,0,0,0,0,0,8,0,0,0,0,0,0,0,0,0,1
192.168.1.4-224.0.0.252-49713-5355-17,192.168.1.4,49713,224.0.0.252,5355,17,1970-01-01 00:17:33.206140,96010,2,0,44.0,0.0,22.0,22.0,22.0,0.0,0,0,0,0,458.28559525049474,20.831163420477033,96010.0,0.0,96010.0,96010.0,96010.0,96010.0,0.0,96010.0,96010.0,0,0,0,0,0,0,0,0,0,0,0,16,0,20.831163420477033,0.0,22.0,22.0,22.0,0.0,0.0,0,0,0,0,0,0,0,0,0.0,22.0,22.0,0.0,0,0,0,0,0,0,1,22,0,0,0,0,1,8,0,0,0,0,0,0,0,0,0,1
192.168.1.4-224.0.0.252-55501-5355-17,192.168.1.4,55501,224.0.0.252,5355,17,1970-01-01 00:15:31.508869,117892,2,0,44.0,0.0,22.0,22.0,22.0,0.0,0,0,0,0,373.22294981847796,16.964679537203544,117892.0,0.0,117892.0,117892.0,117892.0,117892.0,0.0,117892.0,117892.0,0,0,0,0,0,0,0,0,0,0,0,16,0,16.964679537203544,0.0,22.0,22.0,22.0,0.0,0.0,0,0,0,0,0,0,0,0,0.0,22.0,22.0,0.0,0,0,0,0,0,0,1,22,0,0,0,0,1,8,0,0,0,0,0,0,0,0,0,1
192.168.1.4-239.255.255.250-1900-1900-17,192.168.1.4,1900,239.255.255.250,1900,17,1970-01-01 00:29:51.289426,8466524,18,0,8607.0,0.0,513.0,433.0,478.1666666666667,30.860692684079158,0,0,0,0,1016.5919331239126,2.1260200762438046,498030.8235294118,419379.1055596707,1360142.0,125363.0,8466524.0,498030.8235294118,419379.1055596707,1360142.0,125363.0,0,0,0,0,0,0,0,0,0,0,0,144,0,2.1260200762438046,0.0,433.0,513.0,478.1666666666667,30.860692684079158,952.3823529411769,0,0,0,0,0,0,0,0,0.0,478.1666666666667,478.1666666666667,0.0,2707,5,1810,0,0,0,1,478,0,0,0,0,17,8,0,0,0,0,0,0,0,0,0,1
192.168.1.4-130.206.193.109-49312-80-6,192.168.1.4,49312,130.206.193.109,80,6,1970-01-01 00:15:34.195803,43640730,19,21,1645.0,23174.0,436.0,0.0,86.57894736842103,173.01294614035027,1460.0,0.0,1103.5238095238099,571.2532379818621,568.7118432711827,0.9165749518855437,1118993.076923077,4894852.625601152,2.9924172E7,44.0,4.364063E7,2424479.4444444445,7085739.369784341,2.9924697E7,203.0,4.3625113E7,2181255.65,6811989.344125348,3.0125246E7,82.0,4,14,0,0,0,0,392,424,0.43537310214563324,0.4812018497399104,0.0,1460.0,620.4749999999999,667.5888872920949,445674.92243589746,2,2,0,18,39,0,0,0,1.105263157894737,620.475,86.57894736842105,1103.5238095238096,0,0,0,7526,5,5631828,0,41,0,579,8192,32767,4,20,930139.3333333334,1229071.0938185526,2349303.0,210728.0,1.3616157666666668E7,1.4129897469575295E7,2.9924172E7,5025683.0,43640730,1
192.168.1.4-239.255.255.250-55912-1900-17,192.168.1.4,55912,239.255.255.250,1900,17,1970-01-01 00:19:30.138737,2991293,4,0,696.0,0.0,174.0,174.0,174.0,0.0,0,0,0,0,232.6753012827563,1.3372143751882546,997097.6666666666,5177.391460314097,1000328.0,991126.0,2991293.0,997097.6666666666,5177.391460314097,1000328.0,991126.0,0,0,0,0,0,0,0,0,0,0,0,32,0,1.3372143751882546,0.0,174.0,174.0,174.0,0.0,0.0,0,0,0,0,0,0,0,0,0.0,174.0,174.0,0.0,0,0,0,0,0,0,1,174,0,0,0,0,3,8,0,0,0,0,0,0,0,0,0,1
192.168.1.4-8.8.8.8-62294-53-17,192.168.1.4,62294,8.8.8.8,53,17,1970-01-01 00:00:15.656205,16359,1,1,34.0,62.0,34.0,34.0,34.0,0.0,62.0,62.0,62.0,0.0,5868.32935998533,122.25686166636103,16359.0,0.0,16359.0,16359.0,0,0,0,0,0,0,0,0,0,0,0,0,0,0,0,0,8,8,61.128430833180516,61.128430833180516,34.0,62.0,48.0,19.79898987322333,392.0,0,0,0,0,0,0,0,0,1.0,48.0,34.0,62.0,0,0,0,0,0,0,0,17,0,31,0,0,0,8,0,0,0,0,0,0,0,0,0,1
192.168.1.4-172.217.16.227-49310-443-6,192.168.1.4,49310,172.217.16.227,443,6,1970-01-01 00:15:30.220127,3240154,15,15,3895.0,8175.0,1460.0,0.0,259.6666666666667,453.5190445940764,1460.0,0.0,545.0,615.9315824713929,3725.131583251907,9.258819179582206,111729.44827586207,504585.20386158954,2723623.0,0.0,3240154.0,231439.57142857142,727516.7401939406,2748835.0,0.0,3223765.0,230268.92857142855,720567.510899298,2723769.0,169.0,7,6,0,0,0,0,312,304,4.629409589791103,4.629409589791103,0.0,1460.0,402.33333333333314,550.9030413054008,303494.1609195402,2,2,0,13,29,0,0,0,1.0,402.3333333333333,259.6666666666667,545.0,3308,5,1436387,3665,4,17018,0,129,0,272,8192,31713,8,20,0,0,0,0,0,0,0,0,3240154,1
134.221.96.0-0.0.0.64-0-0-0,134.221.96.0,0,0.0.0.64,0,0,1970-01-01 00:30:30.504178,0,1,0,0.0,0.0,0.0,0.0,0.0,0.0,0,0,0,0,NaN,Infinity,NaN,NaN,NaN,NaN,0,0,0,0,0,0,0,0,0,0,0,0,0,0,0,0,0,0,0.0,0.0,0.0,0.0,0.0,0.0,0.0,0,0,0,0,0,0,0,0,0.0,0.0,0.0,0.0,0,0,0,0,0,0,1,0,0,0,0,0,0,0,0,0,0,0,0,0,0,0,0,1
192.168.1.4-190.115.19.190-49325-80-6,192.168.1.4,49325,190.115.19.190,80,6,1970-01-01 00:17:42.825057,9015713,3,0,0.0,0.0,0.0,0.0,0.0,0.0,0,0,0,0,0.0,0.33275238464223517,4507856.5,2123183.569928069,6009174.0,3006539.0,9015713.0,4507856.5,2123183.569928069,6009174.0,3006539.0,0,0,0,0,0,0,0,0,0,0,0,92,0,0.33275238464223517,0.0,0.0,0.0,0.0,0.0,0.0,0,3,0,0,0,0,0,0,0.0,0.0,0.0,0.0,0,0,0,0,0,0,1,0,0,0,8192,0,0,28,3006539.0,0.0,3006539.0,3006539.0,6009174.0,0.0,6009174.0,6009174.0,9015713,1
192.168.1.4-239.255.255.250-58673-1900-17,192.168.1.4,58673,239.255.255.250,1900,17,1970-01-01 00:30:18.388121,15054896,6,0,798.0,0.0,133.0,133.0,133.0,0.0,0,0,0,0,53.0060121305388,0.39854144459051727,3010979.2,31873.256073077973,3066690.0,2989487.0,1.5054896E7,3010979.2,31873.256073077973,3066690.0,2989487.0,0,0,0,0,0,0,0,0,0,0,0,48,0,0.39854144459051727,0.0,133.0,133.0,133.0,0.0,0.0,0,0,0,0,0,0,0,0,0.0,133.0,133.0,0.0,0,0,0,0,0,0,1,133,0,0,0,0,5,8,0,0,0,0,0,0,0,0,0,1
134.221.96.0-0.0.0.225-0-0-0,134.221.96.0,0,0.0.0.225,0,0,1970-01-01 00:00:15.836335,0,1,0,0.0,0.0,0.0,0.0,0.0,0.0,0,0,0,0,NaN,Infinity,NaN,NaN,NaN,NaN,0,0,0,0,0,0,0,0,0,0,0,0,0,0,0,0,0,0,0.0,0.0,0.0,0.0,0.0,0.0,0.0,0,0,0,0,0,0,0,0,0.0,0.0,0.0,0.0,0,0,0,0,0,0,1,0,0,0,0,0,0,0,0,0,0,0,0,0,0,0,0,1
192.168.1.4-8.8.8.8-54064-53-17,192.168.1.4,54064,8.8.8.8,53,17,1970-01-01 00:00:14.688728,16272,1,1,43.0,98.0,43.0,43.0,43.0,0.0,98.0,98.0,98.0,0.0,8665.19174041298,122.91052114060965,16272.0,0.0,16272.0,16272.0,0,0,0,0,0,0,0,0,0,0,0,0,0,0,0,0,8,8,61.45526057030482,61.45526057030482,43.0,98.0,70.5,38.890872965260115,1512.5,0,0,0,0,0,0,0,0,1.0,70.5,43.0,98.0,0,0,0,0,0,0,0,21,0,49,0,0,0,8,0,0,0,0,0,0,0,0,0,1
192.168.1.4-239.255.255.250-58678-1900-17,192.168.1.4,58678,239.255.255.250,1900,17,1970-01-01 00:09:32.146027,6327101,4,0,696.0,0.0,174.0,174.0,174.0,0.0,0,0,0,0,110.0029855695365,0.6322010664915891,2109033.6666666665,1448299.1850319924,3764537.0,1076216.0,6327101.0,2109033.6666666665,1448299.1850319924,3764537.0,1076216.0,0,0,0,0,0,0,0,0,0,0,0,32,0,0.6322010664915891,0.0,174.0,174.0,174.0,0.0,0.0,0,0,0,0,0,0,0,0,0.0,174.0,174.0,0.0,0,0,0,0,0,0,1,174,0,0,0,0,3,8,0,0,0,0,0,0,0,0,0,1
192.168.1.4-239.255.255.250-51167-3702-17,192.168.1.4,51167,239.255.255.250,3702,17,1970-01-01 00:00:16.568040,1024606,4,0,2496.0,0.0,624.0,624.0,624.0,0.0,0,0,0,0,2436.0583482821694,3.9039396607086045,341535.3333333333,129376.58449786551,489836.0,251781.0,1024606.0,341535.3333333333,129376.58449786551,489836.0,251781.0,0,0,0,0,0,0,0,0,0,0,0,32,0,3.9039396607086045,0.0,624.0,624.0,624.0,0.0,0.0,0,0,0,0,0,0,0,0,0.0,624.0,624.0,0.0,2496,4,2436,0,0,0,1,624,0,0,0,0,3,8,0,0,0,0,0,0,0,0,0,1
192.168.1.4-224.0.0.252-49246-5355-17,192.168.1.4,49246,224.0.0.252,5355,17,1970-01-01 00:17:18.573697,103044,2,0,44.0,0.0,22.0,22.0,22.0,0.0,0,0,0,0,427.0020573735492,19.409184426070418,103044.0,0.0,103044.0,103044.0,103044.0,103044.0,0.0,103044.0,103044.0,0,0,0,0,0,0,0,0,0,0,0,16,0,19.409184426070418,0.0,22.0,22.0,22.0,0.0,0.0,0,0,0,0,0,0,0,0,0.0,22.0,22.0,0.0,0,0,0,0,0,0,1,22,0,0,0,0,1,8,0,0,0,0,0,0,0,0,0,1
134.221.96.0-0.0.0.20-0-0-0,134.221.96.0,0,0.0.0.20,0,0,1970-01-01 00:28:21.918287,68977249,11,0,0.0,0.0,0.0,0.0,0.0,0.0,0,0,0,0,0.0,0.15947287199000934,6897724.9,2.1716747576824624E7,6.8704396E7,84.0,6.8977249E7,6897724.9,2.1716747576824624E7,6.8704396E7,84.0,0,0,0,0,0,0,0,0,0,0,0,0,0,0.15947287199000934,0.0,0.0,0.0,0.0,0.0,0.0,0,0,0,0,0,0,0,0,0.0,0.0,0.0,0.0,0,0,0,0,0,0,1,0,0,0,0,0,0,0,272853.0,0.0,272853.0,272853.0,6.8704396E7,0.0,6.8704396E7,6.8704396E7,0,1
192.168.1.4-172.217.16.238-49305-443-6,192.168.1.4,49305,172.217.16.238,443,6,1970-01-01 00:11:30.274563,400965,7,7,742.0,4101.0,485.0,0.0,106.0,177.79107589152684,1460.0,0.0,585.8571428571429,662.9694383532895,12078.360954197997,34.915765715212046,30843.46153846154,44347.33842749262,142999.0,97.0,400965.0,66827.5,68721.0770571882,159064.0,1774.0,277082.0,46180.33333333333,59916.92042041769,161191.0,154.0,3,4,0,0,1,0,152,144,17.457882857606023,17.457882857606023,0.0,1460.0,345.9285714285714,528.6229518992959,279442.2252747253,0,2,1,7,13,0,0,0,1.0,345.92857142857144,106.0,585.8571428571429,0,0,0,0,0,0,0,53,0,292,8192,32026,3,20,0,0,0,0,0,0,0,0,400965,1
192.168.1.4-172.217.16.238-49273-443-6,192.168.1.4,49273,172.217.16.238,443,6,1970-01-01 00:09:36.083580,6599848,13,13,2087.0,7165.0,1350.0,0.0,160.53846153846152,383.9183106218942,1460.0,0.0,551.1538461538462,637.4090583701394,1401.8504668592368,3.939484666919602,263993.92,1110257.5598994256,5577086.0,51.0,6599848.0,549987.3333333334,1653692.6315024553,5790696.0,1695.0,6583785.0,548648.75,1587781.8549839857,5577137.0,220.0,6,6,0,0,0,0,272,264,1.969742333459801,1.969742333459801,0.0,1460.0,355.8461538461538,552.6653737883488,305439.01538461534,2,2,0,12,25,0,0,0,1.0,355.84615384615387,160.53846153846155,551.1538461538462,0,0,0,2819,4,6573,0,80,0,275,8192,32728,6,20,1006783.0,0.0,1006783.0,1006783.0,5577086.0,0.0,5577086.0,5577086.0,6599848,1
192.168.1.4-216.58.201.163-49271-443-6,192.168.1.4,49271,216.58.201.163,443,6,1970-01-01 00:09:36.079705,6604683,20,26,1028.0,26508.0,517.0,0.0,51.4,128.3713363644704,1460.0,0.0,1019.5384615384614,606.1446844290053,4169.163001464264,6.964755159331644,146770.7333333333,867676.7553190112,5829402.0,36.0,6604683.0,347614.89473684214,1380266.7805728675,6043118.0,224.0,6588465.0,263538.60000000003,1162360.9576316357,5829445.0,36.0,6,14,0,0,0,0,412,524,3.028154417100715,3.9366007422309295,0.0,1460.0,598.608695652174,668.2292513555134,446530.3323671499,2,2,0,20,45,0,0,0,1.3,598.6086956521739,51.4,1019.5384615384615,0,0,0,22029,17,327296,0,22,0,576,8192,31739,6,20,759330.0,0.0,759330.0,759330.0,5829402.0,0.0,5829402.0,5829402.0,6604683,1
192.168.1.4-224.0.0.252-52641-5355-17,192.168.1.4,52641,224.0.0.252,5355,17,1970-01-01 00:11:13.607445,58571,2,0,44.0,0.0,22.0,22.0,22.0,0.0,0,0,0,0,751.2250089634803,34.14659131652183,58571.0,0.0,58571.0,58571.0,58571.0,58571.0,0.0,58571.0,58571.0,0,0,0,0,0,0,0,0,0,0,0,16,0,34.14659131652183,0.0,22.0,22.0,22.0,0.0,0.0,0,0,0,0,0,0,0,0,0.0,22.0,22.0,0.0,0,0,0,0,0,0,1,22,0,0,0,0,1,8,0,0,0,0,0,0,0,0,0,1
192.168.1.5-239.255.255.250-57951-3702-17,192.168.1.5,57951,239.255.255.250,3702,17,1970-01-01 00:09:30.211536,238278,2,0,1312.0,0.0,656.0,656.0,656.0,0.0,0,0,0,0,5506.173461251144,8.393557105565769,238278.0,0.0,238278.0,238278.0,238278.0,238278.0,0.0,238278.0,238278.0,0,0,0,0,0,0,0,0,0,0,0,16,0,8.393557105565769,0.0,656.0,656.0,656.0,0.0,0.0,0,0,0,0,0,0,0,0,0.0,656.0,656.0,0.0,0,0,0,0,0,0,1,656,0,0,0,0,1,8,0,0,0,0,0,0,0,0,0,1
192.168.1.4-192.168.1.5-49270-5357-6,192.168.1.4,49270,192.168.1.5,5357,6,1970-01-01 00:09:31.222422,314176,8,12,952.0,13081.0,733.0,0.0,119.00000000000003,259.65966736700346,1460.0,0.0,1090.0833333333335,657.5589096780376,44666.04705642697,63.65858627011611,16535.57894736842,67649.17473120324,295769.0,12.0,313733.0,44819.0,110749.15294183217,295769.0,289.0,313875.0,28534.090909090908,88870.96906690569,296306.0,12.0,2,1,0,0,0,0,172,252,25.463434508046443,38.19515176206966,0.0,1460.0,701.6500000000001,716.519237997873,513399.81842105265,2,2,0,3,19,0,0,0,1.5,701.65,119.0,1090.0833333333333,0,0,0,13081,9,13697382,0,47,0,654,8192,256,2,20,0,0,0,0,0,0,0,0,314176,1
192.168.1.5-192.168.1.4-5355-59451-17,192.168.1.5,5355,192.168.1.4,59451,17,1970-01-01 00:24:52.136993,0,1,0,40.0,0.0,40.0,40.0,40.0,0.0,0,0,0,0,Infinity,Infinity,NaN,NaN,NaN,NaN,0,0,0,0,0,0,0,0,0,0,0,0,0,0,0,0,8,0,0.0,0.0,40.0,40.0,40.0,0.0,0.0,0,0,0,0,0,0,0,0,0.0,40.0,40.0,0.0,0,0,0,0,0,0,1,40,0,0,0,0,0,8,0,0,0,0,0,0,0,0,0,1
134.221.96.0-0.0.0.136-0-0-0,134.221.96.0,0,0.0.0.136,0,0,1970-01-01 00:30:50.517119,51869684,24,0,0.0,0.0,0.0,0.0,0.0,0.0,0,0,0,0,0.0,0.4626980183646386,2255203.6521739126,3270370.8023657114,8146730.0,132.0,5.1869684E7,2255203.6521739126,3270370.8023657114,8146730.0,132.0,0,0,0,0,0,0,0,0,0,0,0,0,0,0.4626980183646386,0.0,0.0,0.0,0.0,0.0,0.0,0,0,0,0,0,0,0,0,0.0,0.0,0.0,0.0,0,0,0,0,0,0,1,0,0,0,0,0,0,0,1856644.4,1838.1770317355283,1858360.0,1853597.0,8143056.0,2442.179047490049,8146730.0,8140524.0,0,1
192.168.1.4-224.0.0.252-54222-5355-17,192.168.1.4,54222,224.0.0.252,5355,17,1970-01-01 00:15:30.201050,101020,2,0,44.0,0.0,22.0,22.0,22.0,0.0,0,0,0,0,435.5573153830925,19.798059790140567,101020.0,0.0,101020.0,101020.0,101020.0,101020.0,0.0,101020.0,101020.0,0,0,0,0,0,0,0,0,0,0,0,16,0,19.798059790140567,0.0,22.0,22.0,22.0,0.0,0.0,0,0,0,0,0,0,0,0,0.0,22.0,22.0,0.0,0,0,0,0,0,0,1,22,0,0,0,0,1,8,0,0,0,0,0,0,0,0,0,1
192.168.1.4-192.168.1.5-49256-5357-6,192.168.1.4,49256,192.168.1.5,5357,6,1970-01-01 00:00:17.773743,10731,8,12,952.0,13081.0,733.0,0.0,119.00000000000003,259.65966736700346,1460.0,0.0,1090.0833333333335,657.5589096780376,1307706.6443015563,1863.7592023110615,564.7894736842105,1213.4764832655787,4852.0,11.0,10550.0,1507.1428571428573,1795.403986903916,4852.0,296.0,10443.0,949.3636363636364,1628.2144989360138,5109.0,11.0,2,1,0,0,0,0,172,252,745.5036809244247,1118.255521386637,0.0,1460.0,701.6500000000001,716.519237997873,513399.81842105265,2,2,0,3,19,0,0,0,1.5,701.65,119.0,1090.0833333333333,0,0,0,13081,9,11113848,0,47,0,654,8192,256,2,20,0,0,0,0,0,0,0,0,10731,1
192.168.1.5-239.255.255.250-56119-3702-17,192.168.1.5,56119,239.255.255.250,3702,17,1970-01-01 00:09:40.807378,180561,2,0,1312.0,0.0,656.0,656.0,656.0,0.0,0,0,0,0,7266.242433305088,11.076589075160195,180561.0,0.0,180561.0,180561.0,180561.0,180561.0,0.0,180561.0,180561.0,0,0,0,0,0,0,0,0,0,0,0,16,0,11.076589075160195,0.0,656.0,656.0,656.0,0.0,0.0,0,0,0,0,0,0,0,0,0.0,656.0,656.0,0.0,0,0,0,0,0,0,1,656,0,0,0,0,1,8,0,0,0,0,0,0,0,0,0,1
192.168.1.4-172.217.16.227-49313-443-6,192.168.1.4,49313,172.217.16.227,443,6,1970-01-01 00:15:51.932670,1528804,12,10,2024.0,2049.0,991.0,0.0,168.66666666666663,308.5836657826833,1242.0,0.0,204.89999999999998,406.4377634466998,2664.17408641003,14.390333881910303,72800.19047619046,236013.37820145258,1075556.0,47.0,1528804.0,138982.18181818185,368019.43731923134,1233881.0,165.0,1512657.0,168073.0,348667.93766956835,1075717.0,736.0,7,4,0,0,0,0,252,204,7.849273026496529,6.541060855413774,0.0,1242.0,185.13636363636363,347.87440200034774,121016.59956709955,2,2,0,11,21,0,0,0,0.8333333333333334,185.13636363636363,168.66666666666666,204.9,1371,4,920752,0,0,0,0,92,0,93,8192,32697,7,20,0,0,0,0,0,0,0,0,1528804,1
192.168.1.4-8.8.8.8-62436-53-17,192.168.1.4,62436,8.8.8.8,53,17,1970-01-01 00:11:00.461689,37727,1,1,37.0,77.0,37.0,37.0,37.0,0.0,77.0,77.0,77.0,0.0,3021.708590664511,53.01243141516686,37727.0,0.0,37727.0,37727.0,0,0,0,0,0,0,0,0,0,0,0,0,0,0,0,0,8,8,26.50621570758343,26.50621570758343,37.0,77.0,57.0,28.284271247461902,800.0,0,0,0,0,0,0,0,0,1.0,57.0,37.0,77.0,0,0,0,0,0,0,0,18,0,38,0,0,0,8,0,0,0,0,0,0,0,0,0,1
192.168.1.4-192.168.1.5-5355-63380-17,192.168.1.4,5355,192.168.1.5,63380,17,1970-01-01 00:24:52.121325,0,1,0,40.0,0.0,40.0,40.0,40.0,0.0,0,0,0,0,Infinity,Infinity,NaN,NaN,NaN,NaN,0,0,0,0,0,0,0,0,0,0,0,0,0,0,0,0,8,0,0.0,0.0,40.0,40.0,40.0,0.0,0.0,0,0,0,0,0,0,0,0,0.0,40.0,40.0,0.0,0,0,0,0,0,0,1,40,0,0,0,0,0,8,0,0,0,0,0,0,0,0,0,1
192.168.1.4-190.115.19.190-49284-80-6,192.168.1.4,49284,190.115.19.190,80,6,1970-01-01 00:09:51.739021,9258447,3,0,0.0,0.0,0.0,0.0,0.0,0.0,0,0,0,0,0.0,0.3240284250695608,4629223.5,2309742.380435641,6262458.0,2995989.0,9258447.0,4629223.5,2309742.380435641,6262458.0,2995989.0,0,0,0,0,0,0,0,0,0,0,0,92,0,0.3240284250695608,0.0,0.0,0.0,0.0,0.0,0.0,0,3,0,0,0,0,0,0,0.0,0.0,0.0,0.0,0,0,0,0,0,0,1,0,0,0,8192,0,0,28,2995989.0,0.0,2995989.0,2995989.0,6262458.0,0.0,6262458.0,6262458.0,9258447,1
192.168.1.4-8.8.8.8-55483-53-17,192.168.1.4,55483,8.8.8.8,53,17,1970-01-01 00:09:37.058947,38525,1,1,47.0,96.0,47.0,47.0,47.0,0.0,96.0,96.0,96.0,0.0,3711.875405580792,51.914341336794294,38525.0,0.0,38525.0,38525.0,0,0,0,0,0,0,0,0,0,0,0,0,0,0,0,0,8,8,25.957170668397147,25.957170668397147,47.0,96.0,71.5,34.64823227814083,1200.5,0,0,0,0,0,0,0,0,1.0,71.5,47.0,96.0,0,0,0,0,0,0,0,23,0,48,0,0,0,8,0,0,0,0,0,0,0,0,0,1
192.168.1.5-192.168.1.4-3702-65004-17,192.168.1.5,3702,192.168.1.4,65004,17,1970-01-01 00:09:30.538293,10610626,4,0,4944.0,0.0,1236.0,1236.0,1236.0,0.0,0,0,0,0,465.9480034448486,0.3769805853113662,3536875.333333333,5767691.555475408,1.019683E7,202567.0,1.0610626E7,3536875.333333333,5767691.555475408,1.019683E7,202567.0,0,0,0,0,0,0,0,0,0,0,0,32,0,0.3769805853113662,0.0,1236.0,1236.0,1236.0,0.0,0.0,0,0,0,0,0,0,0,0,0.0,1236.0,1236.0,0.0,0,0,0,0,0,0,1,1236,0,0,0,0,3,8,202567.0,0.0,202567.0,202567.0,1.019683E7,0.0,1.019683E7,1.019683E7,0,1
192.168.1.4-216.58.201.163-49272-443-6,192.168.1.4,49272,216.58.201.163,443,6,1970-01-01 00:09:36.082146,346624,7,6,581.0,4478.0,517.0,0.0,83.00000000000001,192.85659611915446,1460.0,0.0,746.3333333333334,662.0627362015375,14595.065546528804,37.50461595273264,28885.333333333336,54379.20817460447,176212.0,66.0,346624.0,57770.66666666667,67244.33536192225,176278.0,170.0,330480.0,66096.0,92062.62236923301,192690.0,178.0,2,3,0,0,1,0,152,124,20.194793205317577,17.309822747415065,0.0,1460.0,389.1538461538462,565.4181116887229,319697.64102564106,1,2,1,5,12,0,0,0,0.8571428571428571,389.15384615384613,83.0,746.3333333333334,0,0,0,0,0,0,0,44,0,344,8192,32186,2,20,0,0,0,0,0,0,0,0,346624,1
192.168.1.4-192.168.1.5-49255-2869-6,192.168.1.4,49255,192.168.1.5,2869,6,1970-01-01 00:00:17.421291,62678040,6,6,235.0,5876.0,235.0,0.0,39.166666666666664,95.93834825900781,1460.0,0.0,979.3333333333334,685.4113120358218,97.49826254937136,0.19145461472630604,5698003.636363637,1.8896038384482592E7,6.2671703E7,13.0,6.267804E7,1.2535608E7,2.802692915186118E7,6.2671703E7,491.0,5739.0,1147.8,1509.9388067070797,3675.0,13.0,1,2,0,0,1,0,128,128,0.09572730736315302,0.09572730736315302,0.0,1460.0,509.25000000000006,677.3413433820095,458791.29545454535,0,2,1,3,11,0,0,0,1.0,509.25,39.166666666666664,979.3333333333334,0,0,0,5876,5,2846899,0,19,0,489,8192,64240,1,20,6337.0,0.0,6337.0,6337.0,6.2671703E7,0.0,6.2671703E7,6.2671703E7,62678040,1
192.168.1.5-224.0.0.252-64669-5355-17,192.168.1.5,64669,224.0.0.252,5355,17,1970-01-01 00:09:29.859937,97937,2,0,42.0,0.0,21.0,21.0,21.0,0.0,0,0,0,0,428.8471160031449,20.421291238244994,97937.0,0.0,97937.0,97937.0,97937.0,97937.0,0.0,97937.0,97937.0,0,0,0,0,0,0,0,0,0,0,0,16,0,20.421291238244994,0.0,21.0,21.0,21.0,0.0,0.0,0,0,0,0,0,0,0,0,0.0,21.0,21.0,0.0,0,0,0,0,0,0,1,21,0,0,0,0,1,8,0,0,0,0,0,0,0,0,0,1
192.168.1.5-192.168.1.4-5355-63380-17,192.168.1.5,5355,192.168.1.4,63380,17,1970-01-01 00:24:52.120997,0,1,0,40.0,0.0,40.0,40.0,40.0,0.0,0,0,0,0,Infinity,Infinity,NaN,NaN,NaN,NaN,0,0,0,0,0,0,0,0,0,0,0,0,0,0,0,0,8,0,0.0,0.0,40.0,40.0,40.0,0.0,0.0,0,0,0,0,0,0,0,0,0.0,40.0,40.0,0.0,0,0,0,0,0,0,1,40,0,0,0,0,0,8,0,0,0,0,0,0,0,0,0,1
192.168.1.4-8.8.8.8-59243-53-17,192.168.1.4,59243,8.8.8.8,53,17,1970-01-01 00:09:35.824836,37869,1,1,47.0,63.0,47.0,47.0,47.0,0.0,63.0,63.0,63.0,0.0,2904.750587551823,52.81364704639679,37869.0,0.0,37869.0,37869.0,0,0,0,0,0,0,0,0,0,0,0,0,0,0,0,0,8,8,26.406823523198394,26.406823523198394,47.0,63.0,55.0,11.313708498984761,128.0,0,0,0,0,0,0,0,0,1.0,55.0,47.0,63.0,0,0,0,0,0,0,0,23,0,31,0,0,0,8,0,0,0,0,0,0,0,0,0,1
192.168.1.5-239.255.255.250-1900-1900-17,192.168.1.5,1900,239.255.255.250,1900,17,1970-01-01 00:31:42.051413,1124913,5,0,2384.0,0.0,513.0,433.0,476.8,36.540388613149695,0,0,0,0,2119.2750017112435,4.444788174729957,281228.25,128256.76813167924,437843.0,125167.0,1124913.0,281228.25,128256.76813167924,437843.0,125167.0,0,0,0,0,0,0,0,0,0,0,0,40,0,4.444788174729957,0.0,433.0,513.0,476.8,36.540388613149695,1335.2,0,0,0,0,0,0,0,0,0.0,476.8,476.8,0.0,2384,5,2119,0,0,0,1,476,0,0,0,0,4,8,0,0,0,0,0,0,0,0,0,1
192.168.1.5-192.168.1.4-49253-2869-6,192.168.1.5,49253,192.168.1.4,2869,6,1970-01-01 00:00:19.432667,9276,6,7,308.0,5895.0,308.0,0.0,51.333333333333336,125.7404734628698,1460.0,0.0,842.1428571428571,724.2495952297635,668714.96334627,1401.4661492022424,773.0,1547.418260434868,5527.0,0.0,9011.0,1802.2,2146.3821188222755,5527.0,316.0,9030.0,1505.0,2399.043142588311,6012.0,0.0,1,2,0,0,0,0,128,148,646.8305304010349,754.6356188012074,0.0,1460.0,477.15384615384625,661.2321637359864,437227.97435897443,2,2,0,3,12,0,0,0,1.1666666666666667,477.15384615384613,51.333333333333336,842.1428571428571,0,0,0,5895,5,10621621,0,23,0,453,8192,64240,1,20,0,0,0,0,0,0,0,0,9276,1
192.168.1.4-172.217.16.238-49297-443-6,192.168.1.4,49297,172.217.16.238,443,6,1970-01-01 00:11:00.457893,13125455,11,11,1087.0,5573.0,517.0,0.0,98.81818181818181,172.1475054607636,1460.0,0.0,506.6363636363636,629.8042986082697,507.4109811812238,1.6761323702683069,625021.6666666666,2774403.399892873,1.2732373E7,60.0,1.3125455E7,1312545.5,4067593.0131904855,1.2888651E7,494.0,1.3108848E7,1310884.8,4013433.364022181,1.2732478E7,152.0,6,4,0,0,0,0,232,224,0.8380661851341534,0.8380661851341534,0.0,1460.0,302.7272727272727,496.54129275545193,246553.25541125544,2,2,0,10,21,0,0,0,1.0,302.72727272727275,98.81818181818181,506.6363636363636,0,0,0,0,0,0,0,49,0,253,8192,31680,6,20,376887.0,0.0,376887.0,376887.0,1.2732373E7,0.0,1.2732373E7,1.2732373E7,13125455,1
192.168.1.5-192.168.1.4-5355-59561-17,192.168.1.5,5355,192.168.1.4,59561,17,1970-01-01 00:00:52.430631,0,1,0,40.0,0.0,40.0,40.0,40.0,0.0,0,0,0,0,Infinity,Infinity,NaN,NaN,NaN,NaN,0,0,0,0,0,0,0,0,0,0,0,0,0,0,0,0,8,0,0.0,0.0,40.0,40.0,40.0,0.0,0.0,0,0,0,0,0,0,0,0,0.0,40.0,40.0,0.0,0,0,0,0,0,0,1,40,0,0,0,0,0,8,0,0,0,0,0,0,0,0,0,1
192.168.1.5-239.255.255.250-62296-3702-17,192.168.1.5,62296,239.255.255.250,3702,17,1970-01-01 00:09:29.712307,10936615,6,0,5946.0,0.0,991.0,991.0,991.0,0.0,0,0,0,0,543.6782770537319,0.5486158194285892,2187323.0,4714812.751139964,1.0620204E7,2869.0,1.0936615E7,2187323.0,4714812.751139964,1.0620204E7,2869.0,0,0,0,0,0,0,0,0,0,0,0,48,0,0.5486158194285892,0.0,991.0,991.0,991.0,0.0,0.0,0,0,0,0,0,0,0,0,0.0,991.0,991.0,0.0,3964,4,32296,0,0,0,1,991,0,0,0,0,5,8,122739.0,0.0,122739.0,122739.0,1.0620204E7,0.0,1.0620204E7,1.0620204E7,0,1
192.168.1.4-8.8.8.8-50299-53-17,192.168.1.4,50299,8.8.8.8,53,17,1970-01-01 00:00:15.637439,16801,1,1,34.0,50.0,34.0,34.0,34.0,0.0,50.0,50.0,50.0,0.0,4999.702398666746,119.04053330158919,16801.0,0.0,16801.0,16801.0,0,0,0,0,0,0,0,0,0,0,0,0,0,0,0,0,8,8,59.520266650794596,59.520266650794596,34.0,50.0,42.0,11.313708498984761,128.0,0,0,0,0,0,0,0,0,1.0,42.0,34.0,50.0,0,0,0,0,0,0,0,17,0,25,0,0,0,8,0,0,0,0,0,0,0,0,0,1
192.168.1.4-172.217.17.3-49275-443-6,192.168.1.4,49275,172.217.17.3,443,6,1970-01-01 00:09:36.084405,331418,8,6,581.0,4345.0,517.0,0.0,72.62500000000001,180.94587785933592,1460.0,0.0,724.1666666666666,652.5833024730764,14863.405125853153,42.24272670766223,25493.69230769231,41674.66143710631,128575.0,26.0,331418.0,47345.42857142857,49598.94927602513,128640.0,126.0,315688.0,63137.6,72257.17458356645,145022.0,226.0,2,3,0,0,2,0,172,124,24.138700975806987,18.10402573185524,0.0,1460.0,351.8571428571429,541.6474665517951,293381.978021978,1,2,2,5,12,0,0,0,0.75,351.85714285714283,72.625,724.1666666666666,0,0,0,0,0,0,0,41,0,310,8192,32186,2,20,0,0,0,0,0,0,0,0,331418,1
134.221.96.0-0.0.0.42-0-0-0,134.221.96.0,0,0.0.0.42,0,0,1970-01-01 00:31:31.430290,9296,4,0,0.0,0.0,0.0,0.0,0.0,0.0,0,0,0,0,0.0,430.29259896729775,3098.666666666667,3890.8940275126142,7590.0,753.0,9296.0,3098.666666666667,3890.8940275126142,7590.0,753.0,0,0,0,0,0,0,0,0,0,0,0,0,0,430.29259896729775,0.0,0.0,0.0,0.0,0.0,0.0,0,0,0,0,0,0,0,0,0.0,0.0,0.0,0.0,0,0,0,0,0,0,1,0,0,0,0,0,0,0,0,0,0,0,0,0,0,0,0,1
192.168.1.4-192.168.1.255-137-137-17,192.168.1.4,137,192.168.1.255,137,17,1970-01-01 00:24:52.125538,0,1,0,50.0,0.0,50.0,50.0,50.0,0.0,0,0,0,0,Infinity,Infinity,NaN,NaN,NaN,NaN,0,0,0,0,0,0,0,0,0,0,0,0,0,0,0,0,8,0,0.0,0.0,50.0,50.0,50.0,0.0,0.0,0,0,0,0,0,0,0,0,0.0,50.0,50.0,0.0,0,0,0,0,0,0,1,50,0,0,0,0,0,8,0,0,0,0,0,0,0,0,0,1
192.168.1.4-192.168.1.5-3702-50108-17,192.168.1.4,3702,192.168.1.5,50108,17,1970-01-01 00:09:35.931683,78990,2,0,2452.0,0.0,1226.0,1226.0,1226.0,0.0,0,0,0,0,31041.90403848588,25.319660716546398,78990.0,0.0,78990.0,78990.0,78990.0,78990.0,0.0,78990.0,78990.0,0,0,0,0,0,0,0,0,0,0,0,16,0,25.319660716546398,0.0,1226.0,1226.0,1226.0,0.0,0.0,0,0,0,0,0,0,0,0,0.0,1226.0,1226.0,0.0,0,0,0,0,0,0,1,1226,0,0,0,0,1,8,0,0,0,0,0,0,0,0,0,1
192.168.1.4-8.8.8.8-59948-53-17,192.168.1.4,59948,8.8.8.8,53,17,1970-01-01 00:15:34.061922,37366,1,1,37.0,53.0,37.0,37.0,37.0,0.0,53.0,53.0,53.0,0.0,2408.6067548038322,53.52459455119627,37366.0,0.0,37366.0,37366.0,0,0,0,0,0,0,0,0,0,0,0,0,0,0,0,0,8,8,26.762297275598137,26.762297275598137,37.0,53.0,45.0,11.313708498984761,128.0,0,0,0,0,0,0,0,0,1.0,45.0,37.0,53.0,0,0,0,0,0,0,0,18,0,26,0,0,0,8,0,0,0,0,0,0,0,0,0,1
192.168.1.4-190.115.19.190-49294-80-6,192.168.1.4,49294,190.115.19.190,80,6,1970-01-01 00:10:48.307791,9179437,3,0,0.0,0.0,0.0,0.0,0.0,0.0,0,0,0,0,0.0,0.3268174289991859,4589718.5,2119116.291722684,6088160.0,3091277.0,9179437.0,4589718.5,2119116.291722684,6088160.0,3091277.0,0,0,0,0,0,0,0,0,0,0,0,92,0,0.3268174289991859,0.0,0.0,0.0,0.0,0.0,0.0,0,3,0,0,0,0,0,0,0.0,0.0,0.0,0.0,0,0,0,0,0,0,1,0,0,0,8192,0,0,28,3091277.0,0.0,3091277.0,3091277.0,6088160.0,0.0,6088160.0,6088160.0,9179437,1
192.168.1.4-172.217.16.227-49301-443-6,192.168.1.4,49301,172.217.16.227,443,6,1970-01-01 00:11:19.662144,575476,9,8,2013.0,5728.0,1141.0,0.0,223.66666666666666,397.01857639158396,1460.0,0.0,716.0,689.7906514712582,13451.473215216622,29.540762777248748,35967.25,64277.84027848686,209693.0,56.0,575476.0,71934.5,95258.08645089253,258959.0,325.0,380024.0,54289.142857142855,71494.38803950179,209830.0,186.0,4,4,0,0,1,0,192,164,15.639227352661102,13.901535424587646,0.0,1460.0,455.3529411764707,592.5722467742299,351141.8676470589,0,2,1,8,16,0,0,0,0.8888888888888888,455.3529411764706,223.66666666666666,716.0,0,0,0,0,0,0,0,118,0,336,8192,32768,4,20,0,0,0,0,0,0,0,0,575476,1
192.168.1.4-224.0.0.252-53489-5355-17,192.168.1.4,53489,224.0.0.252,5355,17,1970-01-01 00:09:35.871249,38121,2,0,56.0,0.0,28.0,28.0,28.0,0.0,0,0,0,0,1469.0065842973688,52.46452086776317,38121.0,0.0,38121.0,38121.0,38121.0,38121.0,0.0,38121.0,38121.0,0,0,0,0,0,0,0,0,0,0,0,16,0,52.46452086776317,0.0,28.0,28.0,28.0,0.0,0.0,0,0,0,0,0,0,0,0,0.0,28.0,28.0,0.0,0,0,0,0,0,0,1,28,0,0,0,0,1,8,0,0,0,0,0,0,0,0,0,1
192.168.1.4-172.217.17.3-49287-443-6,192.168.1.4,49287,172.217.17.3,443,6,1970-01-01 00:09:56.256131,11361594,11,10,1058.0,3665.0,577.0,0.0,96.18181818181819,176.99255248841305,1460.0,0.0,366.5,515.9401881786083,415.6987126982358,1.8483321970491111,568079.7,2481486.078480035,1.1109933E7,86.0,1.1361594E7,1136159.4000000001,3552965.375714214,1.1248026E7,636.0,1.1345731E7,1260636.7777777778,3693871.828098763,1.1110199E7,185.0,6,4,0,0,0,0,232,204,0.9681740079781058,0.8801581890710053,0.0,1460.0,224.9047619047619,393.1774287471122,154588.49047619046,2,2,0,10,20,0,0,0,0.9090909090909091,224.9047619047619,96.18181818181819,366.5,0,0,0,0,0,0,0,50,0,174,8192,31709,6,20,235867.0,0.0,235867.0,235867.0,1.1109933E7,0.0,1.1109933E7,1.1109933E7,11361594,1
192.168.1.4-190.115.19.190-49302-80-6,192.168.1.4,49302,190.115.19.190,80,6,1970-01-01 00:11:21.785083,10192356,3,0,0.0,0.0,0.0,0.0,0.0,0.0,0,0,0,0,0.0,0.29433822758938166,5096178.0,1976043.841151304,6493452.0,3698904.0,1.0192356E7,5096178.0,1976043.841151304,6493452.0,3698904.0,0,0,0,0,0,0,0,0,0,0,0,92,0,0.29433822758938166,0.0,0.0,0.0,0.0,0.0,0.0,0,3,0,0,0,0,0,0,0.0,0.0,0.0,0.0,0,0,0,0,0,0,1,0,0,0,8192,0,0,28,3698904.0,0.0,3698904.0,3698904.0,6493452.0,0.0,6493452.0,6493452.0,10192356,1
192.168.1.4-172.217.17.3-49274-443-6,192.168.1.4,49274,172.217.17.3,443,6,1970-01-01 00:09:36.084052,6600092,13,12,1022.0,5143.0,517.0,0.0,78.61538461538461,144.6809930280745,1460.0,0.0,428.5833333333333,580.5989788506558,934.0778886112497,3.787825987880169,275003.8333333333,1133598.751881568,5578250.0,21.0,6600092.0,550007.6666666667,1655534.0292290929,5793108.0,143.0,6584318.0,598574.3636363638,1656699.527325355,5578293.0,21.0,7,4,0,0,0,0,272,244,1.9696695136976878,1.8181564741824812,0.0,1460.0,246.59999999999994,443.6354546997643,196812.4166666666,2,2,0,11,24,0,0,0,0.9230769230769231,246.6,78.61538461538461,428.5833333333333,402,4,83092,0,0,0,0,40,0,205,8192,31745,7,20,1006358.0,0.0,1006358.0,1006358.0,5578250.0,0.0,5578250.0,5578250.0,6600092,1
134.221.96.0-0.0.0.48-0-0-0,134.221.96.0,0,0.0.0.48,0,0,1970-01-01 00:24:52.120392,16166,2,0,0.0,0.0,0.0,0.0,0.0,0.0,0,0,0,0,0.0,123.71644191513052,16166.0,0.0,16166.0,16166.0,16166.0,16166.0,0.0,16166.0,16166.0,0,0,0,0,0,0,0,0,0,0,0,0,0,123.71644191513052,0.0,0.0,0.0,0.0,0.0,0.0,0,0,0,0,0,0,0,0,0.0,0.0,0.0,0.0,0,0,0,0,0,0,1,0,0,0,0,0,0,0,0,0,0,0,0,0,0,0,0,1
134.221.96.0-0.0.0.209-0-0-0,134.221.96.0,0,0.0.0.209,0,0,1970-01-01 00:28:21.979628,0,1,0,0.0,0.0,0.0,0.0,0.0,0.0,0,0,0,0,NaN,Infinity,NaN,NaN,NaN,NaN,0,0,0,0,0,0,0,0,0,0,0,0,0,0,0,0,0,0,0.0,0.0,0.0,0.0,0.0,0.0,0.0,0,0,0,0,0,0,0,0,0.0,0.0,0.0,0.0,0,0,0,0,0,0,1,0,0,0,0,0,0,0,0,0,0,0,0,0,0,0,0,1
134.221.96.0-0.0.0.28-0-0-0,134.221.96.0,0,0.0.0.28,0,0,1970-01-01 00:30:50.515426,51871029,12,0,0.0,0.0,0.0,0.0,0.0,0.0,0,0,0,0,0.0,0.23134301037290006,4715548.090909092,3281795.264941933,8146876.0,1853119.0,5.1871029E7,4715548.090909092,3281795.264941933,8146876.0,1853119.0,0,0,0,0,0,0,0,0,0,0,0,0,0,0.23134301037290006,0.0,0.0,0.0,0.0,0.0,0.0,0,0,0,0,0,0,0,0,0.0,0.0,0.0,0.0,0,0,0,0,0,0,1,0,0,0,0,0,0,0,1856712.2,2236.737512539184,1858808.0,1853119.0,8143268.0,2439.9162895476557,8146876.0,8140740.0,0,1
192.168.1.4-192.168.1.5-49262-5357-6,192.168.1.4,49262,192.168.1.5,5357,6,1970-01-01 00:00:20.100286,9573,8,12,952.0,13081.0,733.0,0.0,119.00000000000003,259.65966736700346,1460.0,0.0,1090.0833333333335,657.5589096780376,1465893.659249974,2089.2092343048157,503.8421052631578,1171.6388931349252,5056.0,15.0,9401.0,1342.9999999999998,1896.266683073173,5464.0,185.0,9185.0,835.0,1534.680748559778,5056.0,15.0,2,1,0,0,0,0,172,252,835.6836937219263,1253.5255405828893,0.0,1460.0,701.6500000000001,716.519237997873,513399.81842105265,2,2,0,3,19,0,0,0,1.5,701.65,119.0,1090.0833333333333,0,0,0,13081,9,10739737,0,47,0,654,8192,256,2,20,0,0,0,0,0,0,0,0,9573,1
192.168.1.4-216.58.211.46-49276-443-6,192.168.1.4,49276,216.58.211.46,443,6,1970-01-01 00:09:36.136417,6550310,12,11,970.0,5389.0,517.0,0.0,80.83333333333334,152.89439809782755,1460.0,0.0,489.909090909091,609.0422734992136,970.79374869281,3.511284198763112,297741.36363636365,1183268.1556958111,5577376.0,46.0,6550310.0,595482.7272727273,1727753.4258553267,5791425.0,405.0,6533949.0,653394.9,1735140.5135061957,5577422.0,141.0,6,5,0,0,0,0,252,224,1.8319743645720585,1.6793098341910537,0.0,1460.0,276.47826086956525,473.23220031504593,223948.71541501975,2,2,0,11,22,0,0,0,0.9166666666666666,276.4782608695652,80.83333333333333,489.90909090909093,0,0,0,0,0,0,0,42,0,234,8192,31797,6,20,953985.0,0.0,953985.0,953985.0,5577376.0,0.0,5577376.0,5577376.0,6550310,1
192.168.1.4-239.255.255.250-64205-1900-17,192.168.1.4,64205,239.255.255.250,1900,17,1970-01-01 00:11:46.275399,701966,4,0,696.0,0.0,174.0,174.0,174.0,0.0,0,0,0,0,991.5010128695692,5.698281683158443,233988.66666666666,25912.79707660548,263819.0,217052.0,701966.0,233988.66666666666,25912.79707660548,263819.0,217052.0,0,0,0,0,0,0,0,0,0,0,0,32,0,5.698281683158443,0.0,174.0,174.0,174.0,0.0,0.0,0,0,0,0,0,0,0,0,0.0,174.0,174.0,0.0,696,4,991,0,0,0,1,174,0,0,0,0,3,8,0,0,0,0,0,0,0,0,0,1
192.168.1.5-224.0.0.252-54341-5355-17,192.168.1.5,54341,224.0.0.252,5355,17,1970-01-01 00:19:29.367840,104755,2,0,42.0,0.0,21.0,21.0,21.0,0.0,0,0,0,0,400.9355162044771,19.092167438308433,104755.0,0.0,104755.0,104755.0,104755.0,104755.0,0.0,104755.0,104755.0,0,0,0,0,0,0,0,0,0,0,0,16,0,19.092167438308433,0.0,21.0,21.0,21.0,0.0,0.0,0,0,0,0,0,0,0,0,0.0,21.0,21.0,0.0,0,0,0,0,0,0,1,21,0,0,0,0,1,8,0,0,0,0,0,0,0,0,0,1
192.168.1.4-8.8.8.8-60876-53-17,192.168.1.4,60876,8.8.8.8,53,17,1970-01-01 00:09:36.085185,37166,1,1,37.0,53.0,37.0,37.0,37.0,0.0,53.0,53.0,53.0,0.0,2421.568099876231,53.81262444169403,37166.0,0.0,37166.0,37166.0,0,0,0,0,0,0,0,0,0,0,0,0,0,0,0,0,8,8,26.906312220847013,26.906312220847013,37.0,53.0,45.0,11.313708498984761,128.0,0,0,0,0,0,0,0,0,1.0,45.0,37.0,53.0,0,0,0,0,0,0,0,18,0,26,0,0,0,8,0,0,0,0,0,0,0,0,0,1
192.168.1.4-224.0.0.252-53495-5355-17,192.168.1.4,53495,224.0.0.252,5355,17,1970-01-01 00:30:18.447216,104840,2,0,42.0,0.0,21.0,21.0,21.0,0.0,0,0,0,0,400.61045402518124,19.07668828691339,104840.0,0.0,104840.0,104840.0,104840.0,104840.0,0.0,104840.0,104840.0,0,0,0,0,0,0,0,0,0,0,0,16,0,19.07668828691339,0.0,21.0,21.0,21.0,0.0,0.0,0,0,0,0,0,0,0,0,0.0,21.0,21.0,0.0,0,0,0,0,0,0,1,21,0,0,0,0,1,8,0,0,0,0,0,0,0,0,0,1
192.168.1.4-8.8.8.8-61457-53-17,192.168.1.4,61457,8.8.8.8,53,17,1970-01-01 00:16:15.769238,38134,1,1,47.0,96.0,47.0,47.0,47.0,0.0,96.0,96.0,96.0,0.0,3749.9344417055645,52.446635548329574,38134.0,0.0,38134.0,38134.0,0,0,0,0,0,0,0,0,0,0,0,0,0,0,0,0,8,8,26.223317774164787,26.223317774164787,47.0,96.0,71.5,34.64823227814083,1200.5,0,0,0,0,0,0,0,0,1.0,71.5,47.0,96.0,0,0,0,0,0,0,0,23,0,48,0,0,0,8,0,0,0,0,0,0,0,0,0,1
192.168.1.4-8.8.8.8-58807-53-17,192.168.1.4,58807,8.8.8.8,53,17,1970-01-01 00:11:15.933807,16380,1,1,43.0,98.0,43.0,43.0,43.0,0.0,98.0,98.0,98.0,0.0,8608.058608058609,122.1001221001221,16380.0,0.0,16380.0,16380.0,0,0,0,0,0,0,0,0,0,0,0,0,0,0,0,0,8,8,61.05006105006105,61.05006105006105,43.0,98.0,70.5,38.890872965260115,1512.5,0,0,0,0,0,0,0,0,1.0,70.5,43.0,98.0,0,0,0,0,0,0,0,21,0,49,0,0,0,8,0,0,0,0,0,0,0,0,0,1
192.168.1.5-192.168.1.4-5355-62391-17,192.168.1.5,5355,192.168.1.4,62391,17,1970-01-01 00:01:11.788123,0,1,0,40.0,0.0,40.0,40.0,40.0,0.0,0,0,0,0,Infinity,Infinity,NaN,NaN,NaN,NaN,0,0,0,0,0,0,0,0,0,0,0,0,0,0,0,0,8,0,0.0,0.0,40.0,40.0,40.0,0.0,0.0,0,0,0,0,0,0,0,0,0.0,40.0,40.0,0.0,0,0,0,0,0,0,1,40,0,0,0,0,0,8,0,0,0,0,0,0,0,0,0,1
192.168.1.5-224.0.0.252-53979-5355-17,192.168.1.5,53979,224.0.0.252,5355,17,1970-01-01 00:09:48.061040,106659,2,0,48.0,0.0,24.0,24.0,24.0,0.0,0,0,0,0,450.0323460748741,18.751347753119756,106659.0,0.0,106659.0,106659.0,106659.0,106659.0,0.0,106659.0,106659.0,0,0,0,0,0,0,0,0,0,0,0,16,0,18.751347753119756,0.0,24.0,24.0,24.0,0.0,0.0,0,0,0,0,0,0,0,0,0.0,24.0,24.0,0.0,0,0,0,0,0,0,1,24,0,0,0,0,1,8,0,0,0,0,0,0,0,0,0,1
192.168.1.4-224.0.0.252-64838-5355-17,192.168.1.4,64838,224.0.0.252,5355,17,1970-01-01 00:09:42.661450,144556,2,0,44.0,0.0,22.0,22.0,22.0,0.0,0,0,0,0,304.3803093610781,13.835468607321731,144556.0,0.0,144556.0,144556.0,144556.0,144556.0,0.0,144556.0,144556.0,0,0,0,0,0,0,0,0,0,0,0,16,0,13.835468607321731,0.0,22.0,22.0,22.0,0.0,0.0,0,0,0,0,0,0,0,0,0.0,22.0,22.0,0.0,0,0,0,0,0,0,1,22,0,0,0,0,1,8,0,0,0,0,0,0,0,0,0,1
192.168.1.5-192.168.1.4-5355-50011-17,192.168.1.5,5355,192.168.1.4,50011,17,1970-01-01 00:00:19.957676,0,1,0,40.0,0.0,40.0,40.0,40.0,0.0,0,0,0,0,Infinity,Infinity,NaN,NaN,NaN,NaN,0,0,0,0,0,0,0,0,0,0,0,0,0,0,0,0,8,0,0.0,0.0,40.0,40.0,40.0,0.0,0.0,0,0,0,0,0,0,0,0,0.0,40.0,40.0,0.0,0,0,0,0,0,0,1,40,0,0,0,0,0,8,0,0,0,0,0,0,0,0,0,1
192.168.1.4-130.206.193.110-49317-80-6,192.168.1.4,49317,130.206.193.110,80,6,1970-01-01 00:16:55.490046,30263290,39,69,759.0,94092.0,405.0,0.0,19.461538461538463,85.00304829018476,1460.0,0.0,1363.6521739130437,319.34988308450494,3134.193275086747,3.568680074109589,282834.4859813084,2867898.980827044,2.9669892E7,14.0,3.0263199E7,796399.9736842104,4810763.681182727,2.9670117E7,87.0,3.0247472E7,444815.76470588235,3622026.1267815083,2.9872705E7,14.0,2,56,0,0,0,0,792,1384,1.2886900267617962,2.2799900473477934,0.0,1460.0,878.2500000000001,698.6645890153053,488132.20794392546,2,2,0,58,107,0,0,0,1.7692307692307692,878.25,19.46153846153846,1363.6521739130435,0,0,0,93496,65,369873,0,7,0,871,8192,32008,2,20,592634.0,0.0,592634.0,592634.0,2.9669892E7,0.0,2.9669892E7,2.9669892E7,30263290,1
134.221.96.0-0.0.1.146-0-0-0,134.221.96.0,0,0.0.1.146,0,0,1970-01-01 00:30:31.974176,71873134,45,0,0.0,0.0,0.0,0.0,0.0,0.0,0,0,0,0,0.0,0.6261032112499784,1633480.3181818181,961046.026485598,3688036.0,36577.0,7.1873134E7,1633480.3181818181,961046.026485598,3688036.0,36577.0,0,0,0,0,0,0,0,0,0,0,0,0,0,0.6261032112499784,0.0,0.0,0.0,0.0,0.0,0.0,0,0,0,0,0,0,0,0,0.0,0.0,0.0,0.0,0,0,0,0,0,0,1,0,0,0,0,0,0,0,0,0,0,0,0,0,0,0,0,1
134.221.96.0-0.0.0.172-0-0-0,134.221.96.0,0,0.0.0.172,0,0,1970-01-01 00:00:18.814710,3952,2,0,0.0,0.0,0.0,0.0,0.0,0.0,0,0,0,0,0.0,506.07287449392715,3952.0,0.0,3952.0,3952.0,3952.0,3952.0,0.0,3952.0,3952.0,0,0,0,0,0,0,0,0,0,0,0,0,0,506.07287449392715,0.0,0.0,0.0,0.0,0.0,0.0,0,0,0,0,0,0,0,0,0.0,0.0,0.0,0.0,0,0,0,0,0,0,1,0,0,0,0,0,0,0,0,0,0,0,0,0,0,0,0,1
192.168.1.4-192.168.1.5-3702-56119-17,192.168.1.4,3702,192.168.1.5,56119,17,1970-01-01 00:09:40.950667,93386,2,0,2472.0,0.0,1236.0,1236.0,1236.0,0.0,0,0,0,0,26470.777204291866,21.416486411239372,93386.0,0.0,93386.0,93386.0,93386.0,93386.0,0.0,93386.0,93386.0,0,0,0,0,0,0,0,0,0,0,0,16,0,21.416486411239372,0.0,1236.0,1236.0,1236.0,0.0,0.0,0,0,0,0,0,0,0,0,0.0,1236.0,1236.0,0.0,0,0,0,0,0,0,1,1236,0,0,0,0,1,8,0,0,0,0,0,0,0,0,0,1
192.168.1.4-192.168.1.5-5355-64511-17,192.168.1.4,5355,192.168.1.5,64511,17,1970-01-01 00:01:11.776500,0,1,0,40.0,0.0,40.0,40.0,40.0,0.0,0,0,0,0,Infinity,Infinity,NaN,NaN,NaN,NaN,0,0,0,0,0,0,0,0,0,0,0,0,0,0,0,0,8,0,0.0,0.0,40.0,40.0,40.0,0.0,0.0,0,0,0,0,0,0,0,0,0.0,40.0,40.0,0.0,0,0,0,0,0,0,1,40,0,0,0,0,0,8,0,0,0,0,0,0,0,0,0,1
192.168.1.4-192.168.1.5-49245-445-6,192.168.1.4,49245,192.168.1.5,445,6,1970-01-01 00:08:33.753369,159,1,1,0.0,1.0,0.0,0.0,0.0,0.0,1.0,1.0,1.0,0.0,6289.30817610063,12578.61635220126,159.0,0.0,159.0,159.0,0,0,0,0,0,0,0,0,0,0,0,0,0,0,0,0,32,20,6289.30817610063,6289.30817610063,0.0,1.0,0.5,0.7071067811865476,0.5,0,0,0,0,2,0,0,0,1.0,0.5,0.0,1.0,0,0,0,0,0,0,0,0,0,0,0,63768,0,0,0,0,0,0,0,0,0,0,494186048,1
192.168.1.4-192.168.1.5-49263-139-6,192.168.1.4,49263,192.168.1.5,139,6,1970-01-01 00:00:52.420020,11030251,12,10,983.0,908.0,238.0,0.0,81.91666666666666,77.10023975122884,223.0,0.0,90.8,79.0917891510308,171.43762186372732,1.9945149026980438,525250.0476190476,2354118.342887576,1.0797302E7,100.0,1.1030251E7,1002750.0909090909,3249163.127969338,1.0797302E7,304.0,1.1029938E7,1225548.6666666667,3672849.2146942266,1.1019813E7,265.0,8,8,0,0,0,0,252,212,1.0879172196534785,0.9065976830445653,0.0,238.0,85.95454545454545,76.25738201438804,5815.188311688313,2,2,0,16,21,0,0,0,0.8333333333333334,85.95454545454545,81.91666666666667,90.8,0,0,0,0,0,0,0,44,0,41,8192,253,8,20,230278.0,0.0,230278.0,230278.0,1.0797302E7,0.0,1.0797302E7,1.0797302E7,11030251,1
192.168.1.4-192.168.1.5-137-137-17,192.168.1.5,137,192.168.1.4,137,17,1970-01-01 00:24:52.125846,0,1,0,62.0,0.0,62.0,62.0,62.0,0.0,0,0,0,0,Infinity,Infinity,NaN,NaN,NaN,NaN,0,0,0,0,0,0,0,0,0,0,0,0,0,0,0,0,8,0,0.0,0.0,62.0,62.0,62.0,0.0,0.0,0,0,0,0,0,0,0,0,0.0,62.0,62.0,0.0,0,0,0,0,0,0,1,62,0,0,0,0,0,8,0,0,0,0,0,0,0,0,0,1
192.168.1.4-172.217.168.161-49281-443-6,192.168.1.4,49281,172.217.168.161,443,6,1970-01-01 00:09:38.242837,4441353,20,28,1097.0,29921.0,517.0,0.0,54.85,135.8583918334784,1460.0,0.0,1068.6071428571427,588.1552666812291,6983.907831690028,10.807517438942591,94496.87234042553,593553.8380959006,4072170.0,27.0,4441353.0,233755.42105263157,943426.4046559408,4125361.0,516.0,4425447.0,163905.44444444444,782035.7367186142,4072214.0,27.0,6,16,0,0,0,0,412,564,4.50313226622608,6.304385172716512,0.0,1460.0,646.2083333333335,679.1826426350556,461289.0620567376,2,2,0,22,47,0,0,0,1.4,646.2083333333334,54.85,1068.607142857143,0,0,0,14663,11,145461,0,22,0,623,8192,31670,6,20,0,0,0,0,0,0,0,0,4441353,1
134.221.96.0-0.0.0.244-0-0-0,134.221.96.0,0,0.0.0.244,0,0,1970-01-01 00:28:21.921431,0,1,0,0.0,0.0,0.0,0.0,0.0,0.0,0,0,0,0,NaN,Infinity,NaN,NaN,NaN,NaN,0,0,0,0,0,0,0,0,0,0,0,0,0,0,0,0,0,0,0.0,0.0,0.0,0.0,0.0,0.0,0.0,0,0,0,0,0,0,0,0,0.0,0.0,0.0,0.0,0,0,0,0,0,0,1,0,0,0,0,0,0,0,0,0,0,0,0,0,0,0,0,1
192.168.1.5-239.255.255.250-60154-1900-17,192.168.1.5,60154,239.255.255.250,1900,17,1970-01-01 00:08:19.554316,5997467,6,0,744.0,0.0,125.0,123.0,124.0,1.0954451150103317,0,0,0,0,124.05237077586254,1.0004223449666334,1199493.4,1641020.9958668414,2998424.0,702.0,5997467.0,1199493.4,1641020.9958668414,2998424.0,702.0,0,0,0,0,0,0,0,0,0,0,0,48,0,1.0004223449666334,0.0,123.0,125.0,124.0,1.0954451150103317,1.199999999999999,0,0,0,0,0,0,0,0,0.0,124.0,124.0,0.0,0,0,0,0,0,0,1,124,0,0,0,0,5,8,0,0,0,0,0,0,0,0,0,1
192.168.1.5-192.168.1.4-5355-57617-17,192.168.1.5,5355,192.168.1.4,57617,17,1970-01-01 00:00:19.783290,0,1,0,40.0,0.0,40.0,40.0,40.0,0.0,0,0,0,0,Infinity,Infinity,NaN,NaN,NaN,NaN,0,0,0,0,0,0,0,0,0,0,0,0,0,0,0,0,8,0,0.0,0.0,40.0,40.0,40.0,0.0,0.0,0,0,0,0,0,0,0,0,0.0,40.0,40.0,0.0,0,0,0,0,0,0,1,40,0,0,0,0,0,8,0,0,0,0,0,0,0,0,0,1
192.168.1.4-224.0.0.252-62981-5355-17,192.168.1.4,62981,224.0.0.252,5355,17,1970-01-01 00:20:15.196639,105725,2,0,42.0,0.0,21.0,21.0,21.0,0.0,0,0,0,0,397.2570347599905,18.917001655237645,105725.0,0.0,105725.0,105725.0,105725.0,105725.0,0.0,105725.0,105725.0,0,0,0,0,0,0,0,0,0,0,0,16,0,18.917001655237645,0.0,21.0,21.0,21.0,0.0,0.0,0,0,0,0,0,0,0,0,0.0,21.0,21.0,0.0,0,0,0,0,0,0,1,21,0,0,0,0,1,8,0,0,0,0,0,0,0,0,0,1
192.168.1.4-172.217.16.227-49326-443-6,192.168.1.4,49326,172.217.16.227,443,6,1970-01-01 00:17:47.786602,5780638,11,10,1997.0,1850.0,964.0,0.0,181.54545454545453,312.01165479397196,1043.0,0.0,185.0,356.6149495215003,665.4974762301324,3.632817000476418,289031.9,1208242.3820931355,5417315.0,52.0,5780638.0,578063.7999999999,1785538.9385970838,5659714.0,457.0,5763996.0,640444.0,1793047.109208651,5417476.0,1100.0,7,3,0,0,0,0,232,204,1.9029041431066953,1.729912857369723,0.0,1043.0,183.19047619047618,325.4338057190155,105907.16190476192,2,2,0,10,20,0,0,0,0.9090909090909091,183.1904761904762,181.54545454545453,185.0,1344,4,730434,0,0,0,0,95,0,88,8192,32697,7,20,346696.0,0.0,346696.0,346696.0,5417315.0,0.0,5417315.0,5417315.0,5780638,1
192.168.1.5-192.168.1.4-138-138-17,192.168.1.5,138,192.168.1.4,138,17,1970-01-01 00:00:17.353828,0,1,0,178.0,0.0,178.0,178.0,178.0,0.0,0,0,0,0,Infinity,Infinity,NaN,NaN,NaN,NaN,0,0,0,0,0,0,0,0,0,0,0,0,0,0,0,0,8,0,0.0,0.0,178.0,178.0,178.0,0.0,0.0,0,0,0,0,0,0,0,0,0.0,178.0,178.0,0.0,0,0,0,0,0,0,1,178,0,0,0,0,0,8,0,0,0,0,0,0,0,0,0,1
192.168.1.4-224.0.0.252-52495-5355-17,192.168.1.4,52495,224.0.0.252,5355,17,1970-01-01 00:30:18.144917,112817,2,0,42.0,0.0,21.0,21.0,21.0,0.0,0,0,0,0,372.2843188526552,17.727824707269296,112817.0,0.0,112817.0,112817.0,112817.0,112817.0,0.0,112817.0,112817.0,0,0,0,0,0,0,0,0,0,0,0,16,0,17.727824707269296,0.0,21.0,21.0,21.0,0.0,0.0,0,0,0,0,0,0,0,0,0.0,21.0,21.0,0.0,0,0,0,0,0,0,1,21,0,0,0,0,1,8,0,0,0,0,0,0,0,0,0,1
134.221.96.0-0.0.4.200-0-0-0,134.221.96.0,0,0.0.4.200,0,0,1970-01-01 00:00:18.807306,6789,4,0,0.0,0.0,0.0,0.0,0.0,0.0,0,0,0,0,0.0,589.1883929886582,2263.0,3064.2697335580624,5800.0,411.0,6789.0,2263.0,3064.2697335580624,5800.0,411.0,0,0,0,0,0,0,0,0,0,0,0,0,0,589.1883929886582,0.0,0.0,0.0,0.0,0.0,0.0,0,0,0,0,0,0,0,0,0.0,0.0,0.0,0.0,0,0,0,0,0,0,1,0,0,0,0,0,0,0,0,0,0,0,0,0,0,0,0,1
192.168.1.5-224.0.0.252-49912-5355-17,192.168.1.5,49912,224.0.0.252,5355,17,1970-01-01 00:09:37.811334,100727,2,0,48.0,0.0,24.0,24.0,24.0,0.0,0,0,0,0,476.53558628768855,19.855649428653688,100727.0,0.0,100727.0,100727.0,100727.0,100727.0,0.0,100727.0,100727.0,0,0,0,0,0,0,0,0,0,0,0,16,0,19.855649428653688,0.0,24.0,24.0,24.0,0.0,0.0,0,0,0,0,0,0,0,0,0.0,24.0,24.0,0.0,0,0,0,0,0,0,1,24,0,0,0,0,1,8,0,0,0,0,0,0,0,0,0,1
192.168.1.4-8.8.8.8-49812-53-17,192.168.1.4,49812,8.8.8.8,53,17,1970-01-01 00:09:36.088207,37618,1,1,37.0,53.0,37.0,37.0,37.0,0.0,53.0,53.0,53.0,0.0,2392.4716890850127,53.1660375352225,37618.0,0.0,37618.0,37618.0,0,0,0,0,0,0,0,0,0,0,0,0,0,0,0,0,8,8,26.58301876761125,26.58301876761125,37.0,53.0,45.0,11.313708498984761,128.0,0,0,0,0,0,0,0,0,1.0,45.0,37.0,53.0,0,0,0,0,0,0,0,18,0,26,0,0,0,8,0,0,0,0,0,0,0,0,0,1
192.168.1.4-239.255.255.250-49808-1900-17,192.168.1.4,49808,239.255.255.250,1900,17,1970-01-01 00:23:30.141283,2988446,4,0,696.0,0.0,174.0,174.0,174.0,0.0,0,0,0,0,232.89696384006936,1.3384882979314332,996148.6666666666,6495.383617103253,1000097.0,988652.0,2988446.0,996148.6666666666,6495.383617103253,1000097.0,988652.0,0,0,0,0,0,0,0,0,0,0,0,32,0,1.3384882979314332,0.0,174.0,174.0,174.0,0.0,0.0,0,0,0,0,0,0,0,0,0.0,174.0,174.0,0.0,0,0,0,0,0,0,1,174,0,0,0,0,3,8,0,0,0,0,0,0,0,0,0,1
192.168.1.3-192.168.1.4-67-68-17,192.168.1.4,68,192.168.1.3,67,17,1970-01-01 00:30:14.874452,1008377,1,1,300.0,548.0,300.0,300.0,300.0,0.0,548.0,548.0,548.0,0.0,840.9553173069198,1.9833851823276412,1008377.0,0.0,1008377.0,1008377.0,0,0,0,0,0,0,0,0,0,0,0,0,0,0,0,0,8,8,0.9916925911638206,0.9916925911638206,300.0,548.0,424.0,175.36248173426378,30752.0,0,0,0,0,0,0,0,0,1.0,424.0,300.0,548.0,0,0,0,0,0,0,0,150,0,274,0,0,0,8,0,0,0,0,0,0,0,0,0,1
192.168.1.4-190.115.19.190-49304-80-6,192.168.1.4,49304,190.115.19.190,80,6,1970-01-01 00:11:23.287690,9052703,3,0,0.0,0.0,0.0,0.0,0.0,0.0,0,0,0,0,0.0,0.33139273430267185,4526351.5,2163355.7203808394,6056075.0,2996628.0,9052703.0,4526351.5,2163355.7203808394,6056075.0,2996628.0,0,0,0,0,0,0,0,0,0,0,0,92,0,0.33139273430267185,0.0,0.0,0.0,0.0,0.0,0.0,0,3,0,0,0,0,0,0,0.0,0.0,0.0,0.0,0,0,0,0,0,0,1,0,0,0,8192,0,0,28,2996628.0,0.0,2996628.0,2996628.0,6056075.0,0.0,6056075.0,6056075.0,9052703,1
192.168.1.4-239.255.255.250-65306-1900-17,192.168.1.4,65306,239.255.255.250,1900,17,1970-01-01 00:27:30.143926,2985707,4,0,696.0,0.0,174.0,174.0,174.0,0.0,0,0,0,0,233.1106166814091,1.3397161878241903,995235.6666666666,8004.554724238777,1001722.0,986290.0,2985707.0,995235.6666666666,8004.554724238777,1001722.0,986290.0,0,0,0,0,0,0,0,0,0,0,0,32,0,1.3397161878241903,0.0,174.0,174.0,174.0,0.0,0.0,0,0,0,0,0,0,0,0,0.0,174.0,174.0,0.0,0,0,0,0,0,0,1,174,0,0,0,0,3,8,0,0,0,0,0,0,0,0,0,1
192.168.1.4-172.217.17.3-49279-443-6,192.168.1.4,49279,172.217.17.3,443,6,1970-01-01 00:09:36.138719,281640,7,6,581.0,4347.0,517.0,0.0,83.00000000000001,192.85659611915446,1460.0,0.0,724.5,652.6934196083181,17497.51455759125,46.15821616247692,23470.0,43980.1695126751,153632.0,57.0,281640.0,46940.0,54845.01680918696,153689.0,434.0,265744.0,53148.8,74280.43564559917,169748.0,124.0,2,3,0,0,1,0,152,124,24.854424087487573,21.30379207498935,0.0,1460.0,379.0769230769231,553.9809656083954,306894.91025641025,1,2,1,5,12,0,0,0,0.8571428571428571,379.0769230769231,83.0,724.5,0,0,0,0,0,0,0,44,0,334,8192,32186,2,20,0,0,0,0,0,0,0,0,281640,1
134.221.96.0-0.0.4.102-0-0-0,134.221.96.0,0,0.0.4.102,0,0,1970-01-01 00:28:21.982702,0,1,0,0.0,0.0,0.0,0.0,0.0,0.0,0,0,0,0,NaN,Infinity,NaN,NaN,NaN,NaN,0,0,0,0,0,0,0,0,0,0,0,0,0,0,0,0,0,0,0.0,0.0,0.0,0.0,0.0,0.0,0.0,0,0,0,0,0,0,0,0,0.0,0.0,0.0,0.0,0,0,0,0,0,0,1,0,0,0,0,0,0,0,0,0,0,0,0,0,0,0,0,1
134.221.96.0-0.0.0.96-0-0-0,134.221.96.0,0,0.0.0.96,0,0,1970-01-01 00:00:18.804966,0,1,0,0.0,0.0,0.0,0.0,0.0,0.0,0,0,0,0,NaN,Infinity,NaN,NaN,NaN,NaN,0,0,0,0,0,0,0,0,0,0,0,0,0,0,0,0,0,0,0.0,0.0,0.0,0.0,0.0,0.0,0.0,0,0,0,0,0,0,0,0,0.0,0.0,0.0,0.0,0,0,0,0,0,0,1,0,0,0,0,0,0,0,0,0,0,0,0,0,0,0,0,1
192.168.1.5-224.0.0.252-56118-5355-17,192.168.1.5,56118,224.0.0.252,5355,17,1970-01-01 00:09:40.373014,99772,2,0,48.0,0.0,24.0,24.0,24.0,0.0,0,0,0,0,481.0969009341298,20.04570420558874,99772.0,0.0,99772.0,99772.0,99772.0,99772.0,0.0,99772.0,99772.0,0,0,0,0,0,0,0,0,0,0,0,16,0,20.04570420558874,0.0,24.0,24.0,24.0,0.0,0.0,0,0,0,0,0,0,0,0,0.0,24.0,24.0,0.0,0,0,0,0,0,0,1,24,0,0,0,0,1,8,0,0,0,0,0,0,0,0,0,1
192.168.1.4-190.115.19.190-49335-80-6,192.168.1.4,49335,190.115.19.190,80,6,1970-01-01 00:28:02.485674,9051441,3,0,0.0,0.0,0.0,0.0,0.0,0.0,0,0,0,0,0.0,0.3314389388385783,4525720.5,2159182.376158276,6052493.0,2998948.0,9051441.0,4525720.5,2159182.376158276,6052493.0,2998948.0,0,0,0,0,0,0,0,0,0,0,0,92,0,0.3314389388385783,0.0,0.0,0.0,0.0,0.0,0.0,0,3,0,0,0,0,0,0,0.0,0.0,0.0,0.0,0,0,0,0,0,0,1,0,0,0,8192,0,0,28,2998948.0,0.0,2998948.0,2998948.0,6052493.0,0.0,6052493.0,6052493.0,9051441,1
192.168.1.4-224.0.0.252-50011-5355-17,192.168.1.4,50011,224.0.0.252,5355,17,1970-01-01 00:00:19.956746,0,1,0,21.0,0.0,21.0,21.0,21.0,0.0,0,0,0,0,Infinity,Infinity,NaN,NaN,NaN,NaN,0,0,0,0,0,0,0,0,0,0,0,0,0,0,0,0,8,0,0.0,0.0,21.0,21.0,21.0,0.0,0.0,0,0,0,0,0,0,0,0,0.0,21.0,21.0,0.0,0,0,0,0,0,0,1,21,0,0,0,0,0,8,0,0,0,0,0,0,0,0,0,1
192.168.1.4-224.0.0.252-58459-5355-17,192.168.1.4,58459,224.0.0.252,5355,17,1970-01-01 00:00:14.067395,111597,2,0,42.0,0.0,21.0,21.0,21.0,0.0,0,0,0,0,376.354203069975,17.921628717617857,111597.0,0.0,111597.0,111597.0,111597.0,111597.0,0.0,111597.0,111597.0,0,0,0,0,0,0,0,0,0,0,0,16,0,17.921628717617857,0.0,21.0,21.0,21.0,0.0,0.0,0,0,0,0,0,0,0,0,0.0,21.0,21.0,0.0,0,0,0,0,0,0,1,21,0,0,0,0,1,8,0,0,0,0,0,0,0,0,0,1
192.168.1.4-192.168.1.5-49334-139-6,192.168.1.4,49334,192.168.1.5,139,6,1970-01-01 00:24:52.138967,14390306,13,11,967.0,1047.0,214.0,0.0,74.38461538461539,68.85799210638571,334.0,0.0,95.18181818181819,103.53339382230081,139.95532826056652,1.667789413234159,625665.4782608696,2940478.026791251,1.4113115E7,92.0,1.4390306E7,1199192.1666666665,4067265.6788246874,1.4113115E7,278.0,1.4390006E7,1439000.5999999999,4524864.306453772,1.4316881E7,252.0,9,9,0,0,0,0,272,232,0.9033859321685028,0.7644034810656563,0.0,334.0,83.91666666666664,85.12544026147614,7246.340579710144,2,2,0,18,23,0,0,0,0.8461538461538461,83.91666666666667,74.38461538461539,95.18181818181819,0,0,0,0,0,0,0,40,0,43,8192,253,9,20,271891.0,0.0,271891.0,271891.0,1.4113115E7,0.0,1.4113115E7,1.4113115E7,14390306,1
192.168.1.5-239.255.255.250-61584-1900-17,192.168.1.5,61584,239.255.255.250,1900,17,1970-01-01 00:28:21.903012,83366551,12,0,1542.0,0.0,133.0,123.0,128.5,4.757768766592553,0,0,0,0,18.496627022509305,0.14394262274326305,7578777.363636363,1.8221015922398437E7,6.2360733E7,717.0,8.3366551E7,7578777.363636363,1.8221015922398437E7,6.2360733E7,717.0,0,0,0,0,0,0,0,0,0,0,0,96,0,0.14394262274326305,0.0,123.0,133.0,128.5,4.757768766592553,22.63636363636363,0,0,0,0,0,0,0,0,0.0,128.5,128.5,0.0,0,0,0,0,0,0,1,128,0,0,0,0,11,8,5993365.0,0.0,5993365.0,5993365.0,6.2360733E7,0.0,6.2360733E7,6.2360733E7,0,1
192.168.1.4-224.0.0.252-55046-5355-17,192.168.1.4,55046,224.0.0.252,5355,17,1970-01-01 00:17:28.300285,95205,2,0,44.0,0.0,22.0,22.0,22.0,0.0,0,0,0,0,462.16060080878106,21.007300036762775,95205.0,0.0,95205.0,95205.0,95205.0,95205.0,0.0,95205.0,95205.0,0,0,0,0,0,0,0,0,0,0,0,16,0,21.007300036762775,0.0,22.0,22.0,22.0,0.0,0.0,0,0,0,0,0,0,0,0,0.0,22.0,22.0,0.0,0,0,0,0,0,0,1,22,0,0,0,0,1,8,0,0,0,0,0,0,0,0,0,1
192.168.1.4-172.217.16.237-49277-443-6,192.168.1.4,49277,172.217.16.237,443,6,1970-01-01 00:09:36.137157,6546721,13,13,1072.0,5135.0,517.0,0.0,82.46153846153845,154.29874453184175,1460.0,0.0,395.0,618.7021361958704,948.1082208940934,3.971453801070796,261868.83999999997,1212667.451794826,6079810.0,44.0,6546721.0,545560.0833333334,1768879.144003521,6160501.0,183.0,6530506.0,544208.8333333333,1744290.4245622125,6079854.0,134.0,7,6,0,0,0,0,272,264,1.985726900535398,1.985726900535398,0.0,1460.0,238.73076923076928,469.643571887644,220565.0846153846,2,2,0,13,25,0,0,0,1.0,238.73076923076923,82.46153846153847,395.0,452,4,105780,0,0,0,0,41,0,197,8192,31695,7,20,451041.0,0.0,451041.0,451041.0,6079810.0,0.0,6079810.0,6079810.0,6546721,1
192.168.1.4-224.0.0.251-5353-5353-17,192.168.1.4,5353,224.0.0.251,5353,17,1970-01-01 00:09:56.269699,7840452,3,0,120.0,0.0,40.0,40.0,40.0,0.0,0,0,0,0,15.305240055037643,0.3826310013759411,3920226.0,4514374.752061464,7112371.0,728081.0,7840452.0,3920226.0,4514374.752061464,7112371.0,728081.0,0,0,0,0,0,0,0,0,0,0,0,24,0,0.3826310013759411,0.0,40.0,40.0,40.0,0.0,0.0,0,0,0,0,0,0,0,0,0.0,40.0,40.0,0.0,0,0,0,0,0,0,1,40,0,0,0,0,2,8,728081.0,0.0,728081.0,728081.0,7112371.0,0.0,7112371.0,7112371.0,0,1
192.168.1.4-8.8.8.8-63881-53-17,192.168.1.4,63881,8.8.8.8,53,17,1970-01-01 00:15:30.181849,37153,1,1,39.0,55.0,39.0,39.0,39.0,0.0,55.0,55.0,55.0,0.0,2530.0783247651602,53.831453718407666,37153.0,0.0,37153.0,37153.0,0,0,0,0,0,0,0,0,0,0,0,0,0,0,0,0,8,8,26.915726859203833,26.915726859203833,39.0,55.0,47.0,11.313708498984761,128.0,0,0,0,0,0,0,0,0,1.0,47.0,39.0,55.0,0,0,0,0,0,0,0,19,0,27,0,0,0,8,0,0,0,0,0,0,0,0,0,1
192.168.1.4-172.217.16.227-49320-443-6,192.168.1.4,49320,172.217.16.227,443,6,1970-01-01 00:17:18.482699,15074546,19,17,4235.0,3309.0,1032.0,0.0,222.89473684210526,368.3485509280038,705.0,0.0,194.64705882352945,265.3643582832081,500.4462489284918,2.3881316226704272,430701.31428571435,1715947.9918368699,9263412.0,44.0,1.5074546E7,837474.7777777778,2410570.730977248,9488648.0,147.0,1.505813E7,941133.1250000002,2482585.9481434776,9263712.0,598.0,13,7,0,0,0,0,392,344,1.2604028008538366,1.1277288218165906,0.0,1032.0,209.55555555555554,319.6472559775358,102174.36825396828,2,2,0,20,35,0,0,0,0.8947368421052632,209.55555555555554,222.89473684210526,194.64705882352942,1360,4,1283018,0,0,0,0,117,0,91,8192,32728,13,20,5377060.0,0.0,5377060.0,5377060.0,9263412.0,0.0,9263412.0,9263412.0,15074546,1
192.168.1.4-224.0.0.252-59451-5355-17,192.168.1.4,59451,224.0.0.252,5355,17,1970-01-01 00:24:52.136712,0,1,0,21.0,0.0,21.0,21.0,21.0,0.0,0,0,0,0,Infinity,Infinity,NaN,NaN,NaN,NaN,0,0,0,0,0,0,0,0,0,0,0,0,0,0,0,0,8,0,0.0,0.0,21.0,21.0,21.0,0.0,0.0,0,0,0,0,0,0,0,0,0.0,21.0,21.0,0.0,0,0,0,0,0,0,1,21,0,0,0,0,0,8,0,0,0,0,0,0,0,0,0,1
192.168.1.4-190.115.19.190-49323-80-6,192.168.1.4,49323,190.115.19.190,80,6,1970-01-01 00:17:41.710382,8998869,3,0,0.0,0.0,0.0,0.0,0.0,0.0,0,0,0,0,0.0,0.3333752274869209,4499434.5,2129577.229443558,6005273.0,2993596.0,8998869.0,4499434.5,2129577.229443558,6005273.0,2993596.0,0,0,0,0,0,0,0,0,0,0,0,92,0,0.3333752274869209,0.0,0.0,0.0,0.0,0.0,0.0,0,3,0,0,0,0,0,0,0.0,0.0,0.0,0.0,0,0,0,0,0,0,1,0,0,0,8192,0,0,28,2993596.0,0.0,2993596.0,2993596.0,6005273.0,0.0,6005273.0,6005273.0,8998869,1
192.168.1.4-190.115.19.190-49292-80-6,192.168.1.4,49292,190.115.19.190,80,6,1970-01-01 00:10:20.805674,9516780,3,0,0.0,0.0,0.0,0.0,0.0,0.0,0,0,0,0,0.0,0.31523267323611553,4758390.0,2286172.3900983497,6374958.0,3141822.0,9516780.0,4758390.0,2286172.3900983497,6374958.0,3141822.0,0,0,0,0,0,0,0,0,0,0,0,92,0,0.31523267323611553,0.0,0.0,0.0,0.0,0.0,0.0,0,3,0,0,0,0,0,0,0.0,0.0,0.0,0.0,0,0,0,0,0,0,1,0,0,0,8192,0,0,28,3141822.0,0.0,3141822.0,3141822.0,6374958.0,0.0,6374958.0,6374958.0,9516780,1
192.168.1.4-192.168.1.5-49264-139-6,192.168.1.4,49264,192.168.1.5,139,6,1970-01-01 00:00:52.432400,11022239,13,11,973.0,1033.0,214.0,0.0,74.84615384615384,69.27102106201669,334.0,0.0,93.9090909090909,103.58132509816095,181.99569071220466,2.17741604042518,479227.7826086957,2232050.9899450196,1.0715586E7,78.0,1.1022239E7,918519.9166666665,3086103.476637032,1.0715586E7,202.0,1.1021957E7,1102195.7,3464955.6790594673,1.0963544E7,237.0,9,9,0,0,0,0,272,232,1.1794336885636394,0.9979823518615409,0.0,334.0,83.58333333333333,85.22038777636266,7262.514492753622,2,2,0,18,23,0,0,0,0.8461538461538461,83.58333333333333,74.84615384615384,93.9090909090909,0,0,0,0,0,0,0,40,0,43,8192,253,9,20,304665.0,0.0,304665.0,304665.0,1.0715586E7,0.0,1.0715586E7,1.0715586E7,11022239,1
192.168.1.4-224.0.0.252-57460-5355-17,192.168.1.4,57460,224.0.0.252,5355,17,1970-01-01 00:16:31.359811,98711,2,0,44.0,0.0,22.0,22.0,22.0,0.0,0,0,0,0,445.74566157773705,20.261166435351683,98711.0,0.0,98711.0,98711.0,98711.0,98711.0,0.0,98711.0,98711.0,0,0,0,0,0,0,0,0,0,0,0,16,0,20.261166435351683,0.0,22.0,22.0,22.0,0.0,0.0,0,0,0,0,0,0,0,0,0.0,22.0,22.0,0.0,0,0,0,0,0,0,1,22,0,0,0,0,1,8,0,0,0,0,0,0,0,0,0,1
192.168.1.5-224.0.0.252-64667-5355-17,192.168.1.5,64667,224.0.0.252,5355,17,1970-01-01 00:29:30.016663,97014,2,0,42.0,0.0,21.0,21.0,21.0,0.0,0,0,0,0,432.92720638258396,20.615581256313522,97014.0,0.0,97014.0,97014.0,97014.0,97014.0,0.0,97014.0,97014.0,0,0,0,0,0,0,0,0,0,0,0,16,0,20.615581256313522,0.0,21.0,21.0,21.0,0.0,0.0,0,0,0,0,0,0,0,0,0.0,21.0,21.0,0.0,0,0,0,0,0,0,1,21,0,0,0,0,1,8,0,0,0,0,0,0,0,0,0,1
192.168.1.4-224.0.0.252-54909-5355-17,192.168.1.4,54909,224.0.0.252,5355,17,1970-01-01 00:11:26.965415,297670,2,0,44.0,0.0,22.0,22.0,22.0,0.0,0,0,0,0,147.8146941243659,6.718849732925723,297670.0,0.0,297670.0,297670.0,297670.0,297670.0,0.0,297670.0,297670.0,0,0,0,0,0,0,0,0,0,0,0,16,0,6.718849732925723,0.0,22.0,22.0,22.0,0.0,0.0,0,0,0,0,0,0,0,0,0.0,22.0,22.0,0.0,0,0,0,0,0,0,1,22,0,0,0,0,1,8,0,0,0,0,0,0,0,0,0,1
192.168.1.4-130.206.193.109-49321-80-6,192.168.1.4,49321,130.206.193.109,80,6,1970-01-01 00:17:21.171517,54546976,23,27,3078.0,27925.0,436.0,0.0,133.82608695652178,188.49587701637913,1460.0,0.0,1034.259259259259,555.3311273183423,568.3724795303043,0.9166410984909594,1113203.591836735,4634684.241486508,2.9929113E7,24.0,5.4546884E7,2479403.8181818184,6749093.579214009,2.9929362E7,238.0,5.4530965E7,2097344.8076923075,6323178.859147908,3.0125449E7,24.0,8,16,0,0,0,0,472,544,0.4216549053058413,0.4949861931851181,0.0,1460.0,620.0600000000001,620.5621352237577,385097.36367346934,2,2,0,24,49,0,0,0,1.173913043478261,620.06,133.82608695652175,1034.2592592592594,0,0,0,6386,5,7643626,0,61,0,558,8192,32767,8,20,1973295.6666666665,2828417.758904496,5239152.0,316205.0,1.6208770333333332E7,1.1882167208414014E7,2.9929113E7,9341861.0,54546976,1
192.168.1.4-192.168.1.5-5355-55227-17,192.168.1.4,5355,192.168.1.5,55227,17,1970-01-01 00:00:52.416641,0,1,0,40.0,0.0,40.0,40.0,40.0,0.0,0,0,0,0,Infinity,Infinity,NaN,NaN,NaN,NaN,0,0,0,0,0,0,0,0,0,0,0,0,0,0,0,0,8,0,0.0,0.0,40.0,40.0,40.0,0.0,0.0,0,0,0,0,0,0,0,0,0.0,40.0,40.0,0.0,0,0,0,0,0,0,1,40,0,0,0,0,0,8,0,0,0,0,0,0,0,0,0,1
192.168.1.4-224.0.0.252-59999-5355-17,192.168.1.4,59999,224.0.0.252,5355,17,1970-01-01 00:20:14.889958,100518,2,0,42.0,0.0,21.0,21.0,21.0,0.0,0,0,0,0,417.8356115322629,19.89693388248871,100518.0,0.0,100518.0,100518.0,100518.0,100518.0,0.0,100518.0,100518.0,0,0,0,0,0,0,0,0,0,0,0,16,0,19.89693388248871,0.0,21.0,21.0,21.0,0.0,0.0,0,0,0,0,0,0,0,0,0.0,21.0,21.0,0.0,0,0,0,0,0,0,1,21,0,0,0,0,1,8,0,0,0,0,0,0,0,0,0,1
192.168.1.5-192.168.1.4-3702-51167-17,192.168.1.5,3702,192.168.1.4,51167,17,1970-01-01 00:00:17.378871,656223,4,0,4904.0,0.0,1226.0,1226.0,1226.0,0.0,0,0,0,0,7473.069368187339,6.095488881066345,218741.0,231590.47587498065,484811.0,62485.0,656223.0,218741.0,231590.47587498065,484811.0,62485.0,0,0,0,0,0,0,0,0,0,0,0,32,0,6.095488881066345,0.0,1226.0,1226.0,1226.0,0.0,0.0,0,0,0,0,0,0,0,0,0.0,1226.0,1226.0,0.0,4904,4,7473,0,0,0,1,1226,0,0,0,0,3,8,0,0,0,0,0,0,0,0,0,1
192.168.1.4-224.0.0.252-59561-5355-17,192.168.1.4,59561,224.0.0.252,5355,17,1970-01-01 00:00:52.430221,0,1,0,21.0,0.0,21.0,21.0,21.0,0.0,0,0,0,0,Infinity,Infinity,NaN,NaN,NaN,NaN,0,0,0,0,0,0,0,0,0,0,0,0,0,0,0,0,8,0,0.0,0.0,21.0,21.0,21.0,0.0,0.0,0,0,0,0,0,0,0,0,0.0,21.0,21.0,0.0,0,0,0,0,0,0,1,21,0,0,0,0,0,8,0,0,0,0,0,0,0,0,0,1
192.168.1.4-224.0.0.252-55910-5355-17,192.168.1.4,55910,224.0.0.252,5355,17,1970-01-01 00:17:56.237036,84242,2,0,44.0,0.0,22.0,22.0,22.0,0.0,0,0,0,0,522.3047885852662,23.74112675387574,84242.0,0.0,84242.0,84242.0,84242.0,84242.0,0.0,84242.0,84242.0,0,0,0,0,0,0,0,0,0,0,0,16,0,23.74112675387574,0.0,22.0,22.0,22.0,0.0,0.0,0,0,0,0,0,0,0,0,0.0,22.0,22.0,0.0,0,0,0,0,0,0,1,22,0,0,0,0,1,8,0,0,0,0,0,0,0,0,0,1
192.168.1.4-172.217.16.227-49318-443-6,192.168.1.4,49318,172.217.16.227,443,6,1970-01-01 00:16:57.653007,5855456,11,9,2028.0,1905.0,995.0,0.0,184.36363636363637,319.82785142237776,1129.0,0.0,211.66666666666669,392.8192968783484,671.6812490777831,3.415617844280616,308181.8947368421,1296804.507949868,5662635.0,43.0,5855456.0,585545.6,1790558.2127428679,5680771.0,139.0,5838982.0,729872.7499999999,1993399.7196182741,5662795.0,595.0,7,3,0,0,0,0,232,184,1.878589814354339,1.5370280299262773,0.0,1129.0,196.65000000000006,344.9671647227343,119002.34473684209,2,2,0,10,19,0,0,0,0.8181818181818182,196.65,184.36363636363637,211.66666666666666,1375,4,1288659,0,0,0,0,101,0,95,8192,32697,7,20,176600.0,0.0,176600.0,176600.0,5662635.0,0.0,5662635.0,5662635.0,5855456,1
192.168.1.4-224.0.0.252-63380-5355-17,192.168.1.4,63380,224.0.0.252,5355,17,1970-01-01 00:24:52.119523,0,1,0,21.0,0.0,21.0,21.0,21.0,0.0,0,0,0,0,Infinity,Infinity,NaN,NaN,NaN,NaN,0,0,0,0,0,0,0,0,0,0,0,0,0,0,0,0,8,0,0.0,0.0,21.0,21.0,21.0,0.0,0.0,0,0,0,0,0,0,0,0,0.0,21.0,21.0,0.0,0,0,0,0,0,0,1,21,0,0,0,0,0,8,0,0,0,0,0,0,0,0,0,1
192.168.1.4-224.0.0.252-55466-5355-17,192.168.1.4,55466,224.0.0.252,5355,17,1970-01-01 00:00:19.593891,0,1,0,21.0,0.0,21.0,21.0,21.0,0.0,0,0,0,0,Infinity,Infinity,NaN,NaN,NaN,NaN,0,0,0,0,0,0,0,0,0,0,0,0,0,0,0,0,8,0,0.0,0.0,21.0,21.0,21.0,0.0,0.0,0,0,0,0,0,0,0,0,0.0,21.0,21.0,0.0,0,0,0,0,0,0,1,21,0,0,0,0,0,8,0,0,0,0,0,0,0,0,0,1
192.168.1.4-192.168.1.5-49268-139-6,192.168.1.4,49268,192.168.1.5,139,6,1970-01-01 00:01:11.790270,15662980,13,11,973.0,1033.0,214.0,0.0,74.84615384615384,69.27102106201669,334.0,0.0,93.9090909090909,103.58132509816095,128.0726911481723,1.53227546737594,680999.1304347825,3219123.3828502456,1.5446868E7,82.0,1.566298E7,1305248.3333333335,4453840.819128185,1.5446868E7,240.0,1.5662715E7,1566271.5,4948766.701837343,1.5650708E7,234.0,9,9,0,0,0,0,272,232,0.8299825448286342,0.7022929225473058,0.0,334.0,83.58333333333333,85.22038777636266,7262.514492753622,2,2,0,18,23,0,0,0,0.8461538461538461,83.58333333333333,74.84615384615384,93.9090909090909,0,0,0,0,0,0,0,40,0,43,8192,253,9,20,214305.0,0.0,214305.0,214305.0,1.5446868E7,0.0,1.5446868E7,1.5446868E7,15662980,1
134.221.96.0-0.0.0.104-0-0-0,134.221.96.0,0,0.0.0.104,0,0,1970-01-01 00:30:50.508524,51875660,12,0,0.0,0.0,0.0,0.0,0.0,0.0,0,0,0,0,0.0,0.2313223581155401,4715969.09090909,3278199.783669307,8142072.0,1856966.0,5.187566E7,4715969.09090909,3278199.783669307,8142072.0,1856966.0,0,0,0,0,0,0,0,0,0,0,0,0,0,0.2313223581155401,0.0,0.0,0.0,0.0,0.0,0.0,0,0,0,0,0,0,0,0,0.0,0.0,0.0,0.0,0,0,0,0,0,0,1,0,0,0,0,0,0,0,1860486.8,2366.815941301731,1863021.0,1856966.0,8139934.2,2063.685344232497,8142072.0,8137120.0,0,1
192.168.1.4-192.168.1.5-49333-139-6,192.168.1.4,49333,192.168.1.5,139,6,1970-01-01 00:24:52.126143,14398366,12,10,983.0,908.0,238.0,0.0,81.91666666666666,77.10023975122884,223.0,0.0,90.8,79.0917891510308,131.3343472446804,1.5279511577910994,685636.4761904762,3090969.1500974675,1.4174214E7,131.0,1.4398366E7,1308942.3636363635,4267403.375094421,1.4174214E7,344.0,1.4398015E7,1599779.4444444443,4795639.402576707,1.4388151E7,462.0,8,8,0,0,0,0,252,212,0.8334279042496906,0.6945232535414089,0.0,238.0,85.95454545454545,76.25738201438804,5815.188311688313,2,2,0,16,21,0,0,0,0.8333333333333334,85.95454545454545,81.91666666666667,90.8,0,0,0,0,0,0,0,44,0,41,8192,253,8,20,222015.0,0.0,222015.0,222015.0,1.4174214E7,0.0,1.4174214E7,1.4174214E7,14398366,1
192.168.1.4-192.168.1.5-49282-5357-6,192.168.1.4,49282,192.168.1.5,5357,6,1970-01-01 00:09:40.955965,45026,8,12,952.0,13081.0,733.0,0.0,119.00000000000003,259.65966736700346,1460.0,0.0,1090.0833333333335,657.5589096780376,311664.37169635325,444.18780260294056,2369.7894736842104,8766.494723148708,38455.0,14.0,44764.0,6394.857142857143,14186.73667466167,38455.0,303.0,44756.0,4068.727272727273,11565.230461092498,38819.0,14.0,2,1,0,0,0,0,172,252,177.67512104117623,266.51268156176434,0.0,1460.0,701.6500000000001,716.519237997873,513399.81842105265,2,2,0,3,19,0,0,0,1.5,701.65,119.0,1090.0833333333333,0,0,0,13081,9,10810743,0,47,0,654,8192,256,2,20,0,0,0,0,0,0,0,0,45026,1
192.168.1.4-190.115.19.190-49307-80-6,192.168.1.4,49307,190.115.19.190,80,6,1970-01-01 00:12:20.645293,9001103,3,0,0.0,0.0,0.0,0.0,0.0,0.0,0,0,0,0,0.0,0.3332924864874893,4500551.5,2114249.982854558,5995552.0,3005551.0,9001103.0,4500551.5,2114249.982854558,5995552.0,3005551.0,0,0,0,0,0,0,0,0,0,0,0,92,0,0.3332924864874893,0.0,0.0,0.0,0.0,0.0,0.0,0,3,0,0,0,0,0,0,0.0,0.0,0.0,0.0,0,0,0,0,0,0,1,0,0,0,8192,0,0,28,3005551.0,0.0,3005551.0,3005551.0,5995552.0,0.0,5995552.0,5995552.0,9001103,1
192.168.1.4-224.0.0.252-64936-5355-17,192.168.1.4,64936,224.0.0.252,5355,17,1970-01-01 00:16:52.837733,104676,2,0,44.0,0.0,22.0,22.0,22.0,0.0,0,0,0,0,420.3446826397646,19.106576483625663,104676.0,0.0,104676.0,104676.0,104676.0,104676.0,0.0,104676.0,104676.0,0,0,0,0,0,0,0,0,0,0,0,16,0,19.106576483625663,0.0,22.0,22.0,22.0,0.0,0.0,0,0,0,0,0,0,0,0,0.0,22.0,22.0,0.0,0,0,0,0,0,0,1,22,0,0,0,0,1,8,0,0,0,0,0,0,0,0,0,1
192.168.1.4-224.0.0.22-0-0-0,192.168.1.4,0,224.0.0.22,0,0,1970-01-01 00:30:18.124052,710311,6,0,0.0,0.0,0.0,0.0,0.0,0.0,0,0,0,0,0.0,8.447004199568921,142062.2,161477.12508030355,388896.0,948.0,710311.0,142062.2,161477.12508030355,388896.0,948.0,0,0,0,0,0,0,0,0,0,0,0,0,0,8.447004199568921,0.0,0.0,0.0,0.0,0.0,0.0,0,0,0,0,0,0,0,0,0.0,0.0,0.0,0.0,0,0,0,0,0,0,1,0,0,0,0,0,0,0,0,0,0,0,0,0,0,0,0,1
192.168.1.4-190.115.19.190-49308-80-6,192.168.1.4,49308,190.115.19.190,80,6,1970-01-01 00:12:20.646131,9000407,3,0,0.0,0.0,0.0,0.0,0.0,0.0,0,0,0,0,0.0,0.3333182599409116,4500203.5,2114726.572825078,5995541.0,3004866.0,9000407.0,4500203.5,2114726.572825078,5995541.0,3004866.0,0,0,0,0,0,0,0,0,0,0,0,92,0,0.3333182599409116,0.0,0.0,0.0,0.0,0.0,0.0,0,3,0,0,0,0,0,0,0.0,0.0,0.0,0.0,0,0,0,0,0,0,1,0,0,0,8192,0,0,28,3004866.0,0.0,3004866.0,3004866.0,5995541.0,0.0,5995541.0,5995541.0,9000407,1
192.168.1.4-130.206.193.110-49327-80-6,192.168.1.4,49327,130.206.193.110,80,6,1970-01-01 00:17:58.812715,31340288,940,3619,1383.0,5201546.0,486.0,0.0,1.4712765957446792,26.07538478449173,1460.0,0.0,1437.2882011605448,136.5429934359032,166014.0774711451,145.46771235797195,6875.885914874945,444804.7398718262,3.0026869E7,0.0,3.1340195E7,33376.13951011715,979967.0238453572,3.0027116E7,0.0,3.1324535E7,8657.969872857931,499322.14666181616,3.0027827E7,0.0,3,1119,0,0,0,0,18812,72384,29.99334275422102,115.47436960375093,0.0,1460.0,1141.2434744461523,593.663772149102,352436.6743623009,2,2,0,1122,4558,0,0,0,3.85,1141.2434744461505,1.471276595744681,1437.2882011605416,0,0,0,2600471,1807,9821548,0,0,0,1140,8192,31384,3,20,1312289.0,0.0,1312289.0,1312289.0,3.0026869E7,0.0,3.0026869E7,3.0026869E7,31340288,1
192.168.1.4-190.115.19.190-49309-80-6,192.168.1.4,49309,190.115.19.190,80,6,1970-01-01 00:12:21.759476,9024033,3,0,0.0,0.0,0.0,0.0,0.0,0.0,0,0,0,0,0.0,0.33244559278539876,4512016.5,2118874.4612035183,6010287.0,3013746.0,9024033.0,4512016.5,2118874.4612035183,6010287.0,3013746.0,0,0,0,0,0,0,0,0,0,0,0,92,0,0.33244559278539876,0.0,0.0,0.0,0.0,0.0,0.0,0,3,0,0,0,0,0,0,0.0,0.0,0.0,0.0,0,0,0,0,0,0,1,0,0,0,8192,0,0,28,3013746.0,0.0,3013746.0,3013746.0,6010287.0,0.0,6010287.0,6010287.0,9024033,1
192.168.1.4-224.0.0.252-58670-5355-17,192.168.1.4,58670,224.0.0.252,5355,17,1970-01-01 00:00:14.953789,97638,2,0,42.0,0.0,21.0,21.0,21.0,0.0,0,0,0,0,430.1603883733792,20.483828017779963,97638.0,0.0,97638.0,97638.0,97638.0,97638.0,0.0,97638.0,97638.0,0,0,0,0,0,0,0,0,0,0,0,16,0,20.483828017779963,0.0,21.0,21.0,21.0,0.0,0.0,0,0,0,0,0,0,0,0,0.0,21.0,21.0,0.0,0,0,0,0,0,0,1,21,0,0,0,0,1,8,0,0,0,0,0,0,0,0,0,1
192.168.1.4-8.8.8.8-56094-53-17,192.168.1.4,56094,8.8.8.8,53,17,1970-01-01 00:11:58.678914,36331,1,1,45.0,61.0,45.0,45.0,45.0,0.0,61.0,61.0,61.0,0.0,2917.618562659987,55.04940684264127,36331.0,0.0,36331.0,36331.0,0,0,0,0,0,0,0,0,0,0,0,0,0,0,0,0,8,8,27.524703421320634,27.524703421320634,45.0,61.0,53.0,11.313708498984761,128.0,0,0,0,0,0,0,0,0,1.0,53.0,45.0,61.0,0,0,0,0,0,0,0,22,0,30,0,0,0,8,0,0,0,0,0,0,0,0,0,1
192.168.1.4-172.217.16.227-49322-443-6,192.168.1.4,49322,172.217.16.227,443,6,1970-01-01 00:17:38.003918,5609411,11,9,2060.0,2058.0,1027.0,0.0,187.27272727272728,327.98021004599985,1251.0,0.0,228.66666666666666,432.0552626690248,734.1234222273961,3.565436727670695,295232.15789473685,1253898.407007356,5473017.0,0.0,5609411.0,560941.1000000001,1737323.4000941059,5505362.0,0.0,5592454.0,699056.75,1929070.617113903,5473183.0,382.0,7,3,0,0,0,0,232,184,1.9609902002188824,1.6044465274518127,0.0,1251.0,205.90000000000003,368.32235595295714,135661.35789473687,2,2,0,10,19,0,0,0,0.8181818181818182,205.9,187.27272727272728,228.66666666666666,1407,4,1534351,0,0,0,0,103,0,102,8192,32697,7,20,119739.0,0.0,119739.0,119739.0,5473017.0,0.0,5473017.0,5473017.0,5609411,1
192.168.1.4-8.8.8.8-61805-53-17,192.168.1.4,61805,8.8.8.8,53,17,1970-01-01 00:11:13.580447,37787,1,1,33.0,49.0,33.0,33.0,33.0,0.0,49.0,49.0,49.0,0.0,2170.058485722603,52.92825574933178,37787.0,0.0,37787.0,37787.0,0,0,0,0,0,0,0,0,0,0,0,0,0,0,0,0,8,8,26.46412787466589,26.46412787466589,33.0,49.0,41.0,11.313708498984761,128.0,0,0,0,0,0,0,0,0,1.0,41.0,33.0,49.0,0,0,0,0,0,0,0,16,0,24,0,0,0,8,0,0,0,0,0,0,0,0,0,1
192.168.1.4-239.255.255.250-65305-1900-17,192.168.1.4,65305,239.255.255.250,1900,17,1970-01-01 00:25:30.141716,2987962,4,0,696.0,0.0,174.0,174.0,174.0,0.0,0,0,0,0,232.93468926311647,1.3387051107075658,995987.3333333334,6393.76081295925,999964.0,988612.0,2987962.0,995987.3333333334,6393.76081295925,999964.0,988612.0,0,0,0,0,0,0,0,0,0,0,0,32,0,1.3387051107075658,0.0,174.0,174.0,174.0,0.0,0.0,0,0,0,0,0,0,0,0,0.0,174.0,174.0,0.0,696,4,232,0,0,0,1,174,0,0,0,0,3,8,0,0,0,0,0,0,0,0,0,1
134.221.96.0-0.0.1.162-0-0-0,134.221.96.0,0,0.0.1.162,0,0,1970-01-01 00:00:15.801101,8921090,5,0,0.0,0.0,0.0,0.0,0.0,0.0,0,0,0,0,0.0,0.5604696287112898,2230272.5,1311494.9987525686,3592683.0,438213.0,8921090.0,2230272.5,1311494.9987525686,3592683.0,438213.0,0,0,0,0,0,0,0,0,0,0,0,0,0,0.5604696287112898,0.0,0.0,0.0,0.0,0.0,0.0,0,0,0,0,0,0,0,0,0.0,0.0,0.0,0.0,0,0,0,0,0,0,1,0,0,0,0,0,0,0,0,0,0,0,0,0,0,0,0,1
134.221.96.0-0.0.0.84-0-0-0,134.221.96.0,0,0.0.0.84,0,0,1970-01-01 00:00:18.802855,6835,3,0,0.0,0.0,0.0,0.0,0.0,0.0,0,0,0,0,0.0,438.91733723482076,3417.5,1854.7410870523142,4729.0,2106.0,6835.0,3417.5,1854.7410870523142,4729.0,2106.0,0,0,0,0,0,0,0,0,0,0,0,0,0,438.91733723482076,0.0,0.0,0.0,0.0,0.0,0.0,0,0,0,0,0,0,0,0,0.0,0.0,0.0,0.0,0,0,0,0,0,0,1,0,0,0,0,0,0,0,0,0,0,0,0,0,0,0,0,1
192.168.1.4-239.255.255.250-58970-3702-17,192.168.1.4,58970,239.255.255.250,3702,17,1970-01-01 00:00:15.135063,4636820,4,0,3964.0,0.0,991.0,991.0,991.0,0.0,0,0,0,0,854.8962435462234,0.8626601852131417,1545606.6666666665,2476857.1779336277,4405486.0,90386.0,4636820.0,1545606.6666666665,2476857.1779336277,4405486.0,90386.0,0,0,0,0,0,0,0,0,0,0,0,32,0,0.8626601852131417,0.0,991.0,991.0,991.0,0.0,0.0,0,0,0,0,0,0,0,0,0.0,991.0,991.0,0.0,0,0,0,0,0,0,1,991,0,0,0,0,3,8,0,0,0,0,0,0,0,0,0,1
192.168.1.5-224.0.0.252-58351-5355-17,192.168.1.5,58351,224.0.0.252,5355,17,1970-01-01 00:09:42.933698,101678,2,0,48.0,0.0,24.0,24.0,24.0,0.0,0,0,0,0,472.0785223942249,19.669938433092703,101678.0,0.0,101678.0,101678.0,101678.0,101678.0,0.0,101678.0,101678.0,0,0,0,0,0,0,0,0,0,0,0,16,0,19.669938433092703,0.0,24.0,24.0,24.0,0.0,0.0,0,0,0,0,0,0,0,0,0.0,24.0,24.0,0.0,0,0,0,0,0,0,1,24,0,0,0,0,1,8,0,0,0,0,0,0,0,0,0,1
192.168.1.4-190.115.19.190-49336-80-6,192.168.1.4,49336,190.115.19.190,80,6,1970-01-01 00:28:02.486279,9051007,3,0,0.0,0.0,0.0,0.0,0.0,0.0,0,0,0,0,0.0,0.3314548314900209,4525503.5,2159492.088928436,6052495.0,2998512.0,9051007.0,4525503.5,2159492.088928436,6052495.0,2998512.0,0,0,0,0,0,0,0,0,0,0,0,92,0,0.3314548314900209,0.0,0.0,0.0,0.0,0.0,0.0,0,3,0,0,0,0,0,0,0.0,0.0,0.0,0.0,0,0,0,0,0,0,1,0,0,0,8192,0,0,28,2998512.0,0.0,2998512.0,2998512.0,6052495.0,0.0,6052495.0,6052495.0,9051007,1
192.168.1.4-192.168.1.5-1900-60154-17,192.168.1.4,1900,192.168.1.5,60154,17,1970-01-01 00:08:19.927733,7342621,3,0,1338.0,0.0,446.0,446.0,446.0,0.0,0,0,0,0,182.2237590636913,0.4085734508154513,3671310.5,2035722.9463766674,5110784.0,2231837.0,7342621.0,3671310.5,2035722.9463766674,5110784.0,2231837.0,0,0,0,0,0,0,0,0,0,0,0,24,0,0.4085734508154513,0.0,446.0,446.0,446.0,0.0,0.0,0,0,0,0,0,0,0,0,0.0,446.0,446.0,0.0,0,0,0,0,0,0,1,446,0,0,0,0,2,8,0,0,0,0,5110784.0,0.0,5110784.0,5110784.0,0,1
192.168.1.4-192.168.1.5-3702-57951-17,192.168.1.4,3702,192.168.1.5,57951,17,1970-01-01 00:09:30.626681,536410,2,0,2472.0,0.0,1236.0,1236.0,1236.0,0.0,0,0,0,0,4608.415204787382,3.728491266009209,536410.0,0.0,536410.0,536410.0,536410.0,536410.0,0.0,536410.0,536410.0,0,0,0,0,0,0,0,0,0,0,0,16,0,3.728491266009209,0.0,1236.0,1236.0,1236.0,0.0,0.0,0,0,0,0,0,0,0,0,0.0,1236.0,1236.0,0.0,0,0,0,0,0,0,1,1236,0,0,0,0,1,8,0,0,0,0,0,0,0,0,0,1
192.168.1.5-192.168.1.255-137-137-17,192.168.1.5,137,192.168.1.255,137,17,1970-01-01 00:09:29.917580,21273660,39,0,2382.0,0.0,68.0,50.0,61.07692307692309,8.871553045622596,0,0,0,0,111.96944954464817,1.8332529522423504,559833.157894737,525444.6229691742,2923533.0,162.0,2.127366E7,559833.157894737,525444.6229691742,2923533.0,162.0,0,0,0,0,0,0,0,0,0,0,0,312,0,1.8332529522423504,0.0,50.0,68.0,61.07692307692309,8.871553045622596,78.70445344129557,0,0,0,0,0,0,0,0,0.0,61.07692307692308,61.07692307692308,0.0,966,15,181,0,0,0,1,61,0,0,0,0,38,8,0,0,0,0,0,0,0,0,0,1
192.168.1.4-224.0.0.252-58868-5355-17,192.168.1.4,58868,224.0.0.252,5355,17,1970-01-01 00:17:43.300215,51760,2,0,44.0,0.0,22.0,22.0,22.0,0.0,0,0,0,0,850.0772797527048,38.639876352395675,51760.0,0.0,51760.0,51760.0,51760.0,51760.0,0.0,51760.0,51760.0,0,0,0,0,0,0,0,0,0,0,0,16,0,38.639876352395675,0.0,22.0,22.0,22.0,0.0,0.0,0,0,0,0,0,0,0,0,0.0,22.0,22.0,0.0,0,0,0,0,0,0,1,22,0,0,0,0,1,8,0,0,0,0,0,0,0,0,0,1
192.168.1.4-8.8.8.8-52936-53-17,192.168.1.4,52936,8.8.8.8,53,17,1970-01-01 00:10:15.983869,37541,1,1,36.0,52.0,36.0,36.0,36.0,0.0,52.0,52.0,52.0,0.0,2344.103779867345,53.27508590607603,37541.0,0.0,37541.0,37541.0,0,0,0,0,0,0,0,0,0,0,0,0,0,0,0,0,8,8,26.637542953038015,26.637542953038015,36.0,52.0,44.0,11.313708498984761,128.0,0,0,0,0,0,0,0,0,1.0,44.0,36.0,52.0,0,0,0,0,0,0,0,18,0,26,0,0,0,8,0,0,0,0,0,0,0,0,0,1
192.168.1.4-172.217.17.3-49300-443-6,192.168.1.4,49300,172.217.17.3,443,6,1970-01-01 00:11:13.619435,4162245,11,10,1020.0,3277.0,577.0,0.0,92.72727272727272,173.79590956584158,1460.0,0.0,327.7,520.8783287230649,1032.3755569410257,5.045354129802546,208112.25,872948.7574002374,3914422.0,88.0,4162245.0,416224.5,1279771.4862253296,4058444.0,1169.0,4146329.0,460703.22222222225,1295995.4375479855,3914569.0,279.0,6,5,0,0,0,0,232,204,2.642804544182286,2.40254958562026,0.0,1460.0,204.6190476190476,389.4281032733097,151654.2476190476,2,2,0,11,20,0,0,0,0.9090909090909091,204.61904761904762,92.72727272727273,327.7,0,0,0,0,0,0,0,48,0,156,8192,31747,6,20,0,0,0,0,0,0,0,0,4162245,1
192.168.1.4-8.8.8.8-64188-53-17,192.168.1.4,64188,8.8.8.8,53,17,1970-01-01 00:09:36.088884,39394,1,1,33.0,49.0,33.0,33.0,33.0,0.0,49.0,49.0,49.0,0.0,2081.5352591765245,50.76915266284206,39394.0,0.0,39394.0,39394.0,0,0,0,0,0,0,0,0,0,0,0,0,0,0,0,0,8,8,25.38457633142103,25.38457633142103,33.0,49.0,41.0,11.313708498984761,128.0,0,0,0,0,0,0,0,0,1.0,41.0,33.0,49.0,0,0,0,0,0,0,0,16,0,24,0,0,0,8,0,0,0,0,0,0,0,0,0,1
192.168.1.4-172.217.16.238-49286-443-6,192.168.1.4,49286,172.217.16.238,443,6,1970-01-01 00:09:53.301828,14315172,12,12,2151.0,3751.0,1350.0,0.0,179.25,403.22205139014,1460.0,0.0,312.5833333333333,556.9924853962383,412.28984185450236,1.6765429014754416,622398.7826086956,2832193.4919918673,1.3611436E7,56.0,1.4315172E7,1301379.2727272727,4114616.045040463,1.3704825E7,493.0,1.4293138E7,1299376.1818181819,4084370.49943748,1.3611492E7,293.0,6,6,0,0,0,0,252,244,0.8382714507377208,0.8382714507377208,0.0,1460.0,245.91666666666663,480.388512756504,230773.1231884058,2,2,0,12,23,0,0,0,1.0,245.91666666666666,179.25,312.5833333333333,0,0,0,2975,4,9716,0,89,0,156,8192,32697,6,20,687612.0,0.0,687612.0,687612.0,1.3611436E7,0.0,1.3611436E7,1.3611436E7,14315172,1
192.168.1.4-130.206.193.108-49314-80-6,192.168.1.4,49314,130.206.193.108,80,6,1970-01-01 00:16:15.808873,49806462,3403,11169,6492.0,1.5961253E7,499.0,0.0,1.9077284748751089,29.790385798940353,1460.0,0.0,1429.0673292147865,152.43198532848893,320595.84959076194,292.57247784434077,3418.1910644430704,258029.65181519566,3.0208409E7,0.0,4.9806374E7,14640.3215755438,533919.2337247281,3.0208661E7,0.0,4.9790704E7,4458.336676217763,295756.6192486248,3.0210526E7,0.0,14,4091,0,0,0,0,68072,223384,68.32446761627035,224.2480102280704,0.0,1460.0,1095.7826653856587,618.5571212677421,382612.9122710362,2,2,0,4105,14571,0,0,0,3.2821040258595358,1095.7826653856712,1.9077284748751102,1429.067329214791,0,0,0,1330004,930,7813144,0,0,0,1095,8192,31537,14,20,6308760.0,6867118.4171814015,1.1164546E7,1452974.0,1.8594072E7,1.6425152903371645E7,3.0208409E7,6979735.0,49806462,1
192.168.1.4-224.0.0.252-57072-5355-17,192.168.1.4,57072,224.0.0.252,5355,17,1970-01-01 00:00:14.052187,93290,2,0,48.0,0.0,24.0,24.0,24.0,0.0,0,0,0,0,514.5246007074713,21.438525029477972,93290.0,0.0,93290.0,93290.0,93290.0,93290.0,0.0,93290.0,93290.0,0,0,0,0,0,0,0,0,0,0,0,16,0,21.438525029477972,0.0,24.0,24.0,24.0,0.0,0.0,0,0,0,0,0,0,0,0,0.0,24.0,24.0,0.0,0,0,0,0,0,0,1,24,0,0,0,0,1,8,0,0,0,0,0,0,0,0,0,1
192.168.1.4-224.0.0.252-64104-5355-17,192.168.1.4,64104,224.0.0.252,5355,17,1970-01-01 00:00:52.651873,0,1,0,21.0,0.0,21.0,21.0,21.0,0.0,0,0,0,0,Infinity,Infinity,NaN,NaN,NaN,NaN,0,0,0,0,0,0,0,0,0,0,0,0,0,0,0,0,8,0,0.0,0.0,21.0,21.0,21.0,0.0,0.0,0,0,0,0,0,0,0,0,0.0,21.0,21.0,0.0,0,0,0,0,0,0,1,21,0,0,0,0,0,8,0,0,0,0,0,0,0,0,0,1
192.168.1.4-239.255.255.250-57319-1900-17,192.168.1.4,57319,239.255.255.250,1900,17,1970-01-01 00:15:30.172052,2989418,4,0,696.0,0.0,174.0,174.0,174.0,0.0,0,0,0,0,232.8212381139071,1.3380530926086616,996472.6666666666,16790.898735128307,1010784.0,977989.0,2989418.0,996472.6666666666,16790.898735128307,1010784.0,977989.0,0,0,0,0,0,0,0,0,0,0,0,32,0,1.3380530926086616,0.0,174.0,174.0,174.0,0.0,0.0,0,0,0,0,0,0,0,0,0.0,174.0,174.0,0.0,0,0,0,0,0,0,1,174,0,0,0,0,3,8,0,0,0,0,0,0,0,0,0,1
134.221.96.0-0.0.0.60-0-0-0,134.221.96.0,0,0.0.0.60,0,0,1970-01-01 00:24:52.122171,15392,2,0,0.0,0.0,0.0,0.0,0.0,0.0,0,0,0,0,0.0,129.93762993762994,15392.0,0.0,15392.0,15392.0,15392.0,15392.0,0.0,15392.0,15392.0,0,0,0,0,0,0,0,0,0,0,0,0,0,129.93762993762994,0.0,0.0,0.0,0.0,0.0,0.0,0,0,0,0,0,0,0,0,0.0,0.0,0.0,0.0,0,0,0,0,0,0,1,0,0,0,0,0,0,0,0,0,0,0,0,0,0,0,0,1
192.168.1.4-216.58.211.42-49291-443-6,192.168.1.4,49291,216.58.211.42,443,6,1970-01-01 00:10:16.022703,11908549,12,11,1247.0,5648.0,517.0,0.0,103.91666666666667,160.13259184093965,1460.0,0.0,513.4545454545454,632.6603138551308,578.9958121682163,1.9313855953399528,541297.6818181819,2421811.058432007,1.1382446E7,51.0,1.1908549E7,1082595.3636363635,3480468.288576963,1.1575805E7,171.0,1.1891406E7,1189140.6,3582580.562512422,1.1382616E7,135.0,7,4,0,0,0,0,252,224,1.0076794410469319,0.9237061542930208,0.0,1460.0,299.78260869565213,488.37541041905075,238510.5415019763,2,2,0,11,22,0,0,0,0.9166666666666666,299.7826086956522,103.91666666666667,513.4545454545455,660,4,566523,0,0,0,0,54,0,245,8192,31520,7,20,509125.0,0.0,509125.0,509125.0,1.1382446E7,0.0,1.1382446E7,1.1382446E7,11908549,1
192.168.1.4-192.168.1.5-49266-139-6,192.168.1.4,49266,192.168.1.5,139,6,1970-01-01 00:08:52.720198,34756088,21925,25269,2.0540923E7,2.2306244E7,1460.0,0.0,936.8722006841459,598.4248102375592,1460.0,0.0,882.751355415721,671.2964826201616,1232796.021232309,1357.86282967174,736.4670184137474,42434.09622826822,5791132.0,0.0,3.4755858E7,1585.2881773399015,62306.40538310177,5791132.0,0.0,3.4755943E7,1375.4924410321346,60197.74098002099,6005839.0,0.0,8608,8619,0,0,0,0,438500,505380,630.8247349356465,727.0380947360935,0.0,1460.0,907.8943721659492,639.0412935397202,408373.77484891884,2,0,0,17227,47194,0,0,0,1.1525199543899658,907.8943721659533,936.8722006841505,882.7513554157268,49675,34,84334025,29352,20,59598357,0,435,0,472,0,251,20572,0,1.1601716E7,1.6103374063097771E7,2.2988521E7,214911.0,5764346.0,37881.124481725725,5791132.0,5737560.0,514820678,1
192.168.1.4-8.8.8.8-61797-53-17,192.168.1.4,61797,8.8.8.8,53,17,1970-01-01 00:11:00.416330,37843,1,1,33.0,49.0,33.0,33.0,33.0,0.0,49.0,49.0,49.0,0.0,2166.8472372697724,52.84993261633591,37843.0,0.0,37843.0,37843.0,0,0,0,0,0,0,0,0,0,0,0,0,0,0,0,0,8,8,26.424966308167956,26.424966308167956,33.0,49.0,41.0,11.313708498984761,128.0,0,0,0,0,0,0,0,0,1.0,41.0,33.0,49.0,0,0,0,0,0,0,0,16,0,24,0,0,0,8,0,0,0,0,0,0,0,0,0,1
192.168.1.4-224.0.0.252-56462-5355-17,192.168.1.4,56462,224.0.0.252,5355,17,1970-01-01 00:00:17.153320,104960,2,0,42.0,0.0,21.0,21.0,21.0,0.0,0,0,0,0,400.1524390243903,19.054878048780488,104960.0,0.0,104960.0,104960.0,104960.0,104960.0,0.0,104960.0,104960.0,0,0,0,0,0,0,0,0,0,0,0,16,0,19.054878048780488,0.0,21.0,21.0,21.0,0.0,0.0,0,0,0,0,0,0,0,0,0.0,21.0,21.0,0.0,0,0,0,0,0,0,1,21,0,0,0,0,1,8,0,0,0,0,0,0,0,0,0,1
134.221.96.0-0.0.2.111-0-0-0,134.221.96.0,0,0.0.2.111,0,0,1970-01-01 00:00:18.808115,6163,2,0,0.0,0.0,0.0,0.0,0.0,0.0,0,0,0,0,0.0,324.517280545189,6163.0,0.0,6163.0,6163.0,6163.0,6163.0,0.0,6163.0,6163.0,0,0,0,0,0,0,0,0,0,0,0,0,0,324.517280545189,0.0,0.0,0.0,0.0,0.0,0.0,0,0,0,0,0,0,0,0,0.0,0.0,0.0,0.0,0,0,0,0,0,0,1,0,0,0,0,0,0,0,0,0,0,0,0,0,0,0,0,1
192.168.1.4-255.255.255.255-68-67-17,192.168.1.4,68,255.255.255.255,67,17,1970-01-01 00:17:33.196284,0,1,0,300.0,0.0,300.0,300.0,300.0,0.0,0,0,0,0,Infinity,Infinity,NaN,NaN,NaN,NaN,0,0,0,0,0,0,0,0,0,0,0,0,0,0,0,0,8,0,0.0,0.0,300.0,300.0,300.0,0.0,0.0,0,0,0,0,0,0,0,0,0.0,300.0,300.0,0.0,0,0,0,0,0,0,1,300,0,0,0,0,0,8,0,0,0,0,0,0,0,0,0,1
192.168.1.5-224.0.0.252-57526-5355-17,192.168.1.5,57526,224.0.0.252,5355,17,1970-01-01 00:09:45.493755,105983,2,0,48.0,0.0,24.0,24.0,24.0,0.0,0,0,0,0,452.9028240378174,18.870951001575726,105983.0,0.0,105983.0,105983.0,105983.0,105983.0,0.0,105983.0,105983.0,0,0,0,0,0,0,0,0,0,0,0,16,0,18.870951001575726,0.0,24.0,24.0,24.0,0.0,0.0,0,0,0,0,0,0,0,0,0.0,24.0,24.0,0.0,0,0,0,0,0,0,1,24,0,0,0,0,1,8,0,0,0,0,0,0,0,0,0,1
192.168.1.4-224.0.0.252-64511-5355-17,192.168.1.4,64511,224.0.0.252,5355,17,1970-01-01 00:01:11.775579,0,1,0,21.0,0.0,21.0,21.0,21.0,0.0,0,0,0,0,Infinity,Infinity,NaN,NaN,NaN,NaN,0,0,0,0,0,0,0,0,0,0,0,0,0,0,0,0,8,0,0.0,0.0,21.0,21.0,21.0,0.0,0.0,0,0,0,0,0,0,0,0,0.0,21.0,21.0,0.0,0,0,0,0,0,0,1,21,0,0,0,0,0,8,0,0,0,0,0,0,0,0,0,1
192.168.1.4-192.168.1.5-49252-5357-6,192.168.1.4,49252,192.168.1.5,5357,6,1970-01-01 00:00:15.641151,16961,8,12,952.0,13081.0,733.0,0.0,119.00000000000003,259.65966736700346,1460.0,0.0,1090.0833333333335,657.5589096780376,827368.6693001592,1179.1757561464535,892.6842105263158,2661.2992034516524,11466.0,12.0,16718.0,2388.285714285714,4180.6774456733565,11466.0,255.0,16684.0,1516.7272727272727,3536.1111716378227,11777.0,12.0,2,1,0,0,0,0,172,252,471.67030245858143,707.5054536878722,0.0,1460.0,701.6500000000001,716.519237997873,513399.81842105265,2,2,0,3,19,0,0,0,1.5,701.65,119.0,1090.0833333333333,0,0,0,13081,9,17099346,0,47,0,654,8192,256,2,20,0,0,0,0,0,0,0,0,16961,1
192.168.1.4-192.168.1.5-1900-61584-17,192.168.1.4,1900,192.168.1.5,61584,17,1970-01-01 00:28:22.554393,7747847,3,0,1338.0,0.0,446.0,446.0,446.0,0.0,0,0,0,0,172.6931365578076,0.3872043420578646,3873923.5,727452.364601628,4388310.0,3359537.0,7747847.0,3873923.5,727452.364601628,4388310.0,3359537.0,0,0,0,0,0,0,0,0,0,0,0,24,0,0.3872043420578646,0.0,446.0,446.0,446.0,0.0,0.0,0,0,0,0,0,0,0,0,0.0,446.0,446.0,0.0,0,0,0,0,0,0,1,446,0,0,0,0,2,8,0,0,0,0,0,0,0,0,0,1
192.168.1.4-192.168.1.5-49257-5357-6,192.168.1.4,49257,192.168.1.5,5357,6,1970-01-01 00:00:19.131503,8088,8,12,952.0,13081.0,733.0,0.0,119.00000000000003,259.65966736700346,1460.0,0.0,1090.0833333333335,657.5589096780376,1735039.5647873394,2472.7992087042535,425.6842105263157,945.9823848860083,4016.0,16.0,7893.0,1127.5714285714287,1508.0437501548,4340.0,161.0,7731.0,702.8181818181819,1246.5497036365473,4016.0,16.0,2,1,0,0,0,0,172,252,989.1196834817014,1483.679525222552,0.0,1460.0,701.6500000000001,716.519237997873,513399.81842105265,2,2,0,3,19,0,0,0,1.5,701.65,119.0,1090.0833333333333,0,0,0,13081,9,12100832,0,47,0,654,8192,256,2,20,0,0,0,0,0,0,0,0,8088,1
192.168.1.4-190.115.19.190-49296-80-6,192.168.1.4,49296,190.115.19.190,80,6,1970-01-01 00:10:49.671740,9466610,3,0,0.0,0.0,0.0,0.0,0.0,0.0,0,0,0,0,0.0,0.31690330540710987,4733305.0,1808186.5907925542,6011886.0,3454724.0,9466610.0,4733305.0,1808186.5907925542,6011886.0,3454724.0,0,0,0,0,0,0,0,0,0,0,0,92,0,0.31690330540710987,0.0,0.0,0.0,0.0,0.0,0.0,0,3,0,0,0,0,0,0,0.0,0.0,0.0,0.0,0,0,0,0,0,0,1,0,0,0,8192,0,0,28,3454724.0,0.0,3454724.0,3454724.0,6011886.0,0.0,6011886.0,6011886.0,9466610,1
192.168.1.4-130.206.193.108-49319-80-6,192.168.1.4,49319,130.206.193.108,80,6,1970-01-01 00:17:16.219510,30263901,9,10,751.0,6629.0,401.0,0.0,83.44444444444444,166.0700989876798,1460.0,0.0,662.9000000000001,701.9465712494712,243.85488176160766,0.627810671201971,1681327.8333333333,7046509.871838827,2.9915532E7,38.0,3.0263806E7,3782975.75,1.0559488983152652E7,2.9915769E7,236.0,3.0247837E7,3360870.777777778,1.0036861872544298E7,3.0125709E7,38.0,2,4,0,0,0,0,192,204,0.297384002148302,0.3304266690536689,0.0,1460.0,388.42105263157885,589.0519045031858,346982.14619883033,2,2,0,6,18,0,0,0,1.1111111111111112,388.42105263157896,83.44444444444444,662.9,0,0,0,6034,5,9198170,0,39,0,348,8192,32016,2,20,347528.0,0.0,347528.0,347528.0,2.9915532E7,0.0,2.9915532E7,2.9915532E7,30263901,1
192.168.1.4-224.0.0.252-56437-5355-17,192.168.1.4,56437,224.0.0.252,5355,17,1970-01-01 00:10:46.435276,73268,2,0,42.0,0.0,21.0,21.0,21.0,0.0,0,0,0,0,573.2379756510345,27.297046459573075,73268.0,0.0,73268.0,73268.0,73268.0,73268.0,0.0,73268.0,73268.0,0,0,0,0,0,0,0,0,0,0,0,16,0,27.297046459573075,0.0,21.0,21.0,21.0,0.0,0.0,0,0,0,0,0,0,0,0,0.0,21.0,21.0,0.0,0,0,0,0,0,0,1,21,0,0,0,0,1,8,0,0,0,0,0,0,0,0,0,1
134.221.96.0-0.0.5.180-0-0-0,134.221.96.0,0,0.0.5.180,0,0,1970-01-01 00:28:21.921891,60745,6,0,0.0,0.0,0.0,0.0,0.0,0.0,0,0,0,0,0.0,98.77356161000905,12149.0,26617.59802273676,59763.0,65.0,60745.0,12149.0,26617.59802273676,59763.0,65.0,0,0,0,0,0,0,0,0,0,0,0,0,0,98.77356161000905,0.0,0.0,0.0,0.0,0.0,0.0,0,0,0,0,0,0,0,0,0.0,0.0,0.0,0.0,0,0,0,0,0,0,1,0,0,0,0,0,0,0,0,0,0,0,0,0,0,0,0,1
192.168.1.4-224.0.0.252-62391-5355-17,192.168.1.4,62391,224.0.0.252,5355,17,1970-01-01 00:01:11.787842,0,1,0,21.0,0.0,21.0,21.0,21.0,0.0,0,0,0,0,Infinity,Infinity,NaN,NaN,NaN,NaN,0,0,0,0,0,0,0,0,0,0,0,0,0,0,0,0,8,0,0.0,0.0,21.0,21.0,21.0,0.0,0.0,0,0,0,0,0,0,0,0,0.0,21.0,21.0,0.0,0,0,0,0,0,0,1,21,0,0,0,0,0,8,0,0,0,0,0,0,0,0,0,1
192.168.1.4-190.115.19.190-49337-80-6,192.168.1.4,49337,190.115.19.190,80,6,1970-01-01 00:28:03.676441,10278650,3,0,0.0,0.0,0.0,0.0,0.0,0.0,0,0,0,0,0.0,0.29186712262797154,5139325.0,3022079.630482625,7276258.0,3002392.0,1.027865E7,5139325.0,3022079.630482625,7276258.0,3002392.0,0,0,0,0,0,0,0,0,0,0,0,92,0,0.29186712262797154,0.0,0.0,0.0,0.0,0.0,0.0,0,3,0,0,0,0,0,0,0.0,0.0,0.0,0.0,0,0,0,0,0,0,1,0,0,0,8192,0,0,28,3002392.0,0.0,3002392.0,3002392.0,7276258.0,0.0,7276258.0,7276258.0,10278650,1
192.168.1.4-224.0.0.252-58217-5355-17,192.168.1.4,58217,224.0.0.252,5355,17,1970-01-01 00:09:31.718455,473826,2,0,44.0,0.0,22.0,22.0,22.0,0.0,0,0,0,0,92.8610924685433,4.22095874857015,473826.0,0.0,473826.0,473826.0,473826.0,473826.0,0.0,473826.0,473826.0,0,0,0,0,0,0,0,0,0,0,0,16,0,4.22095874857015,0.0,22.0,22.0,22.0,0.0,0.0,0,0,0,0,0,0,0,0,0.0,22.0,22.0,0.0,0,0,0,0,0,0,1,22,0,0,0,0,1,8,0,0,0,0,0,0,0,0,0,1
192.168.1.4-224.0.0.252-55276-5355-17,192.168.1.4,55276,224.0.0.252,5355,17,1970-01-01 00:17:13.628470,95376,2,0,44.0,0.0,22.0,22.0,22.0,0.0,0,0,0,0,461.3319912766314,20.96963596711961,95376.0,0.0,95376.0,95376.0,95376.0,95376.0,0.0,95376.0,95376.0,0,0,0,0,0,0,0,0,0,0,0,16,0,20.96963596711961,0.0,22.0,22.0,22.0,0.0,0.0,0,0,0,0,0,0,0,0,0.0,22.0,22.0,0.0,0,0,0,0,0,0,1,22,0,0,0,0,1,8,0,0,0,0,0,0,0,0,0,1
192.168.1.5-224.0.0.252-61070-5355-17,192.168.1.5,61070,224.0.0.252,5355,17,1970-01-01 00:19:29.680535,104680,2,0,42.0,0.0,21.0,21.0,21.0,0.0,0,0,0,0,401.2227741688957,19.105846388995033,104680.0,0.0,104680.0,104680.0,104680.0,104680.0,0.0,104680.0,104680.0,0,0,0,0,0,0,0,0,0,0,0,16,0,19.105846388995033,0.0,21.0,21.0,21.0,0.0,0.0,0,0,0,0,0,0,0,0,0.0,21.0,21.0,0.0,0,0,0,0,0,0,1,21,0,0,0,0,1,8,0,0,0,0,0,0,0,0,0,1
192.168.1.5-192.168.1.4-5355-55466-17,192.168.1.5,5355,192.168.1.4,55466,17,1970-01-01 00:00:19.595611,0,1,0,40.0,0.0,40.0,40.0,40.0,0.0,0,0,0,0,Infinity,Infinity,NaN,NaN,NaN,NaN,0,0,0,0,0,0,0,0,0,0,0,0,0,0,0,0,8,0,0.0,0.0,40.0,40.0,40.0,0.0,0.0,0,0,0,0,0,0,0,0,0.0,40.0,40.0,0.0,0,0,0,0,0,0,1,40,0,0,0,0,0,8,0,0,0,0,0,0,0,0,0,1
192.168.1.5-239.255.255.250-50108-3702-17,192.168.1.5,50108,239.255.255.250,3702,17,1970-01-01 00:09:34.837858,135460,2,0,1248.0,0.0,624.0,624.0,624.0,0.0,0,0,0,0,9213.051823416507,14.764506127270042,135460.0,0.0,135460.0,135460.0,135460.0,135460.0,0.0,135460.0,135460.0,0,0,0,0,0,0,0,0,0,0,0,16,0,14.764506127270042,0.0,624.0,624.0,624.0,0.0,0.0,0,0,0,0,0,0,0,0,0.0,624.0,624.0,0.0,0,0,0,0,0,0,1,624,0,0,0,0,1,8,0,0,0,0,0,0,0,0,0,1
192.168.1.4-192.168.1.5-5355-55466-17,192.168.1.4,5355,192.168.1.5,55466,17,1970-01-01 00:00:19.595735,0,1,0,40.0,0.0,40.0,40.0,40.0,0.0,0,0,0,0,Infinity,Infinity,NaN,NaN,NaN,NaN,0,0,0,0,0,0,0,0,0,0,0,0,0,0,0,0,8,0,0.0,0.0,40.0,40.0,40.0,0.0,0.0,0,0,0,0,0,0,0,0,0.0,40.0,40.0,0.0,0,0,0,0,0,0,1,40,0,0,0,0,0,8,0,0,0,0,0,0,0,0,0,1
192.168.1.4-192.168.1.5-49267-139-6,192.168.1.4,49267,192.168.1.5,139,6,1970-01-01 00:01:11.779438,15668539,11,9,824.0,734.0,238.0,0.0,74.90909090909092,76.75083653674993,223.0,0.0,81.55555555555557,77.94887925927979,99.43492497928492,1.2764431961397293,824659.9473684211,3543299.470170932,1.5455373E7,99.0,1.5668539E7,1566853.9000000001,4880351.406476279,1.5455373E7,292.0,1.5668166E7,1958520.7500000005,5536606.240399147,1.5660922E7,298.0,7,7,0,0,0,0,232,192,0.7020437578768511,0.5743994382628782,0.0,238.0,77.89999999999999,75.30073040814412,5670.2,2,2,0,14,19,0,0,0,0.8181818181818182,77.9,74.9090909090909,81.55555555555556,0,0,0,0,0,0,0,41,0,36,8192,253,7,20,211742.0,0.0,211742.0,211742.0,1.5455373E7,0.0,1.5455373E7,1.5455373E7,15668539,1
192.168.1.4-239.255.255.250-64759-1900-17,192.168.1.4,64759,239.255.255.250,1900,17,1970-01-01 00:31:30.138127,2991461,4,0,696.0,0.0,174.0,174.0,174.0,0.0,0,0,0,0,232.66223427281852,1.3371392774299915,997153.6666666666,4829.573928757415,1000493.0,991616.0,2991461.0,997153.6666666666,4829.573928757415,1000493.0,991616.0,0,0,0,0,0,0,0,0,0,0,0,32,0,1.3371392774299915,0.0,174.0,174.0,174.0,0.0,0.0,0,0,0,0,0,0,0,0,0.0,174.0,174.0,0.0,0,0,0,0,0,0,1,174,0,0,0,0,3,8,0,0,0,0,0,0,0,0,0,1
8.6.0.1-8.0.6.4-0-0-0,8.6.0.1,0,8.0.6.4,0,0,1970-01-01 00:30:14.873701,3262375,4,0,0.0,0.0,0.0,0.0,0.0,0.0,0,0,0,0,0.0,1.2261006168818729,1087458.3333333335,1883190.1384006164,3261979.0,191.0,3262375.0,1087458.3333333335,1883190.1384006164,3261979.0,191.0,0,0,0,0,0,0,0,0,0,0,0,0,0,1.2261006168818729,0.0,0.0,0.0,0.0,0.0,0.0,0,0,0,0,0,0,0,0,0.0,0.0,0.0,0.0,0,0,0,0,0,0,1,0,0,0,0,0,0,0,0,0,0,0,0,0,0,0,0,1
134.221.96.0-0.0.1.214-0-0-0,134.221.96.0,0,0.0.1.214,0,0,1970-01-01 00:28:23.933546,4539669,3,0,0.0,0.0,0.0,0.0,0.0,0.0,0,0,0,0,0.0,0.6608411318093896,2269834.5,1407595.7500079703,3265155.0,1274514.0,4539669.0,2269834.5,1407595.7500079703,3265155.0,1274514.0,0,0,0,0,0,0,0,0,0,0,0,0,0,0.6608411318093896,0.0,0.0,0.0,0.0,0.0,0.0,0,0,0,0,0,0,0,0,0.0,0.0,0.0,0.0,0,0,0,0,0,0,1,0,0,0,0,0,0,0,0,0,0,0,0,0,0,0,0,1
