Flow ID,Src IP,Src Port,Dst IP,Dst Port,Protocol,Timestamp,Flow Duration,Total Fwd Packet,Total Bwd packets,Total Length of Fwd Packet,Total Length of Bwd Packet,Fwd Packet Length Max,Fwd Packet Length Min,Fwd Packet Length Mean,Fwd Packet Length Std,Bwd Packet Length Max,Bwd Packet Length Min,Bwd Packet Length Mean,Bwd Packet Length Std,Flow Bytes/s,Flow Packets/s,Flow IAT Mean,Flow IAT Std,Flow IAT Max,Flow IAT Min,Fwd IAT Total,Fwd IAT Mean,Fwd IAT Std,Fwd IAT Max,Fwd IAT Min,Bwd IAT Total,Bwd IAT Mean,Bwd IAT Std,Bwd IAT Max,Bwd IAT Min,Fwd PSH Flags,Bwd PSH Flags,Fwd URG Flags,Bwd URG Flags,Fwd Header Length,Bwd Header Length,Fwd Packets/s,Bwd Packets/s,Packet Length Min,Packet Length Max,Packet Length Mean,Packet Length Std,Packet Length Variance,FIN Flag Count,SYN Flag Count,RST Flag Count,PSH Flag Count,ACK Flag Count,URG Flag Count,CWR Flag Count,ECE Flag Count,Down/Up Ratio,Average Packet Size,Fwd Segment Size Avg,Bwd Segment Size Avg,Fwd Bytes/Bulk Avg,Fwd Packet/Bulk Avg,Fwd Bulk Rate Avg,Bwd Bytes/Bulk Avg,Bwd Packet/Bulk Avg,Bwd Bulk Rate Avg,Subflow Fwd Packets,Subflow Fwd Bytes,Subflow Bwd Packets,Subflow Bwd Bytes,FWD Init Win Bytes,Bwd Init Win Bytes,Fwd Act Data Pkts,Fwd Seg Size Min,Active Mean,Active Std,Active Max,Active Min,Idle Mean,Idle Std,Idle Max,Idle Min,Label
192.168.1.4-192.168.1.5-49264-445-6,192.168.1.4,49264,192.168.1.5,445,6,01/01/1970 08:01:35 AM,10115112,24,21,2847.0,2822.0,497.0,0.0,118.625,109.40662586246181,784.0,0.0,134.38095238095238,159.41721243030068,560.4485644845059,4.448789098924461,229888.90909090906,1453690.7322561704,9650263.0,10.0,1.0115112E7,439787.47826086957,2008457.4360687826,9650263.0,299.0,1.0113282E7,505664.1,2200539.5032900427,9853601.0,10.0,0,0,0,0,492,432,2.3726875194263792,2.0761015794980815,0.0,784.0,123.23913043478258,133.49060471019567,17819.741545893714,0,2,1,38,44,0,0,0,0.0,125.97777777777777,118.625,134.38095238095238,0,0,0,2834,19,22310,24,2847,21,2822,8192,252,19,20,463054.0,0.0,463054.0,463054.0,9650263.0,0.0,9650263.0,9650263.0,1
192.168.1.4-192.168.1.5-49245-445-6,192.168.1.4,49245,192.168.1.5,445,6,01/01/1970 08:00:19 AM,119942166,3747,3102,4421735.0,3679470.0,1460.0,0.0,1180.0733920469713,550.3545143955237,1460.0,0.0,1186.16054158607,539.8476304107244,67542.5938197581,57.10252055978379,17514.919100467203,742739.6745256606,4.5470699E7,0.0,1.19942166E8,32018.73091297386,1004246.7129073057,4.5470699E7,0.0,1.19941811E8,38678.429861335004,1109874.1782297937,4.568692E7,0.0,0,0,0,0,74948,62048,31.24005614505911,25.862464414724677,0.0,1460.0,1182.6576642335742,545.7369290868171,297828.7957691097,0,2,0,930,6848,0,0,0,0.0,1182.830340195649,1180.0733920469709,1186.1605415860736,0,0,0,1620212,1246,483170,749,884347,620,735894,8192,63538,3373,20,261525.33333333334,63707.38777671969,334370.0,216222.0,3.2670196E7,1.6814056300098646E7,4.5470699E7,1.3627839E7,1
192.168.1.4-192.168.1.5-49265-445-6,192.168.1.4,49265,192.168.1.5,445,6,01/01/1970 08:02:14 AM,44879187,14,7,752.0,730.0,238.0,0.0,53.71428571428572,75.9832254477957,223.0,0.0,104.28571428571429,73.40007785126272,33.0219885667715,0.46792291491376614,2243959.35,9314487.483479002,4.1809847E7,138.0,4.4879187E7,3452245.153846153,1.152611427543304E7,4.1809847E7,466.0,4.4119972E7,7353328.666666666,1.6997555717576403E7,4.2045514E7,103700.0,0,0,0,0,292,152,0.3119486099425108,0.1559743049712554,0.0,238.0,67.36363636363637,76.86385332555184,5908.051948051948,0,2,1,12,20,0,0,0,0.0,70.57142857142857,53.714285714285715,104.28571428571429,0,0,0,741,6,825,14,752,7,730,8192,254,6,20,1527335.0,0.0,1527335.0,1527335.0,4.1809847E7,0.0,4.1809847E7,4.1809847E7,1
192.168.1.4-192.168.1.5-49245-445-6,192.168.1.4,49245,192.168.1.5,445,6,01/01/1970 08:02:19 AM,117657789,28948,24543,3.4979111E7,2.9557896E7,1460.0,0.0,1208.342925245256,531.0849679623175,1460.0,0.0,1204.331010878869,533.0540885024283,548514.5314093911,454.63203460333597,2199.622153673589,47352.06331023321,6693333.0,0.0,1.17456671E8,4057.6457318547614,66458.22062468666,6899017.0,0.0,1.17657105E8,4794.112338032768,71879.24750222231,6693333.0,0.0,1,0,0,0,578960,490860,246.03555995770074,208.59647464563525,0.0,1460.0,1206.4813243101646,532.004986170344,283029.3053101079,0,0,0,6020,53491,0,0,0,0.0,1206.5038791572415,1208.3429252452675,1204.3310108788658,0,0,0,4609778,3473,775884,2067,2498507,1753,2111278,64240,63852,26017,20,9.9294906E7,0.0,9.9294906E7,9.9294906E7,6693333.0,0.0,6693333.0,6693333.0,1
192.168.1.5-192.168.1.4-49255-445-6,192.168.1.5,49255,192.168.1.4,445,6,01/01/1970 08:04:00 AM,21189599,19,13,1455.0,1212.0,238.0,0.0,76.57894736842104,75.752019253962,223.0,0.0,93.23076923076921,64.1939169575979,125.86363715519109,1.5101748740030427,683535.4516129032,2795743.6074458477,1.5595016E7,130.0,2.1189599E7,1177199.9444444443,3631905.855678733,1.5595016E7,344.0,2.1189145E7,1765762.0833333333,4468166.535794244,1.5798807E7,449.0,0,0,0,0,392,272,0.8966663314393065,0.6135085425637361,0.0,238.0,80.8181818181818,71.067069793899,5050.528409090912,0,2,1,22,31,0,0,0,0.0,83.34375,76.57894736842105,93.23076923076923,0,0,0,818,6,1266,6,485,4,404,8192,251,11,20,5593608.0,0.0,5593608.0,5593608.0,1.5595016E7,0.0,1.5595016E7,1.5595016E7,1
192.168.1.4-192.168.1.5-49267-445-6,192.168.1.4,49267,192.168.1.5,445,6,01/01/1970 08:02:43 AM,119345819,22216,18256,2.5207783E7,2.0170433E7,1460.0,0.0,1134.6679420237597,577.1861143875793,1460.0,0.0,1104.8659618755494,591.6484839101789,380224.59756214835,339.1153568605533,2948.9219193990834,105672.91155010217,1.855649E7,0.0,1.19345819E8,5372.307855052892,145976.98499719249,1.8961911E7,0.0,1.19137812E8,6526.311257189829,158557.25859296432,1.855649E7,0.0,0,0,0,0,444332,368112,186.14812136820646,152.96723549234682,0.0,1460.0,1121.1972426061782,583.9545947920262,341002.9687787196,0,2,0,6803,40471,0,0,0,0.0,1121.224945641431,1134.6679420237667,1104.8659618755478,0,0,0,2836107,2268,723618,1481,1680518,1217,1344695,8192,4540,19766,20,8.1966666E7,0.0,8.1966666E7,8.1966666E7,1.855649E7,0.0,1.855649E7,1.855649E7,1
192.168.1.5-192.168.1.4-49256-445-6,192.168.1.5,49256,192.168.1.4,445,6,01/01/1970 08:04:35 AM,15775804,14,10,1183.0,1058.0,238.0,0.0,84.49999999999999,77.33916313127621,223.0,0.0,105.8,65.53336724312449,142.05298189556615,1.521317075186786,685904.5217391305,3185988.936645844,1.5298449E7,110.0,1.5775804E7,1213523.3846153845,4232692.519943,1.5298449E7,365.0,1.5775246E7,1752805.111111111,5160902.078640309,1.5513604E7,440.0,0,0,0,0,288,208,0.8874349605256251,0.6338821146611608,0.0,238.0,89.64,72.86567550408536,5309.406666666665,0,2,1,18,23,0,0,0,0.0,93.375,84.5,105.8,0,0,0,1120,9,8618,14,1183,10,1058,8192,63216,9,20,476359.0,0.0,476359.0,476359.0,1.5298449E7,0.0,1.5298449E7,1.5298449E7,1
192.168.1.4-192.168.1.5-49245-445-6,192.168.1.4,49245,192.168.1.5,445,6,01/01/1970 08:04:20 AM,119982958,62426,51763,7.7887715E7,6.0377744E7,1460.0,0.0,1247.6806939416144,492.1650722210354,1460.0,0.0,1166.4266754245416,565.1553800659216,1152375.8149053135,951.710158704372,1050.7492731285158,38514.11073732094,5365127.0,0.0,1.19982958E8,1922.033768522215,53680.053631407005,5368175.0,0.0,1.19947713E8,2317.2928596267684,58218.89442091823,5365127.0,0.0,1,0,0,0,1248520,1035260,520.2905565972128,431.4196021071593,0.0,1460.0,1210.8379630440438,528.0641731181098,278851.77093091304,0,0,0,13045,114189,0,0,0,0.0,1210.8485668496965,1247.680693941627,1166.4266754245311,0,0,0,6284793,4745,2050076,3285,4099353,2724,3177776,63852,63736,57742,20,7.4038282E7,0.0,7.4038282E7,7.4038282E7,5365127.0,0.0,5365127.0,5365127.0,1
192.168.1.4-192.168.1.5-49267-445-6,192.168.1.4,49267,192.168.1.5,445,6,01/01/1970 08:04:44 AM,106619231,45161,39512,4.6778732E7,3.677194E7,1460.0,0.0,1035.8214388521021,609.2267161177338,1460.0,0.0,930.6524600121516,655.3496798617565,783636.0402937065,794.1625465297157,1259.202936035531,45292.9414640592,6495303.0,0.0,1.06619231E8,2360.921855624464,63189.28564472094,6495602.0,0.0,1.06617107E8,2698.4158082559507,67351.44326376669,6708935.0,0.0,1,0,0,0,903220,790984,423.57274176925927,370.5898047604564,0.0,1460.0,986.7344875640778,633.3463217092433,401127.56322262826,0,0,0,22902,84673,0,0,0,0.0,986.7461410366941,1035.821438852107,930.6524600121483,0,0,0,4914740,4443,1394399,2822,2923670,2469,2298246,4540,6085,40683,20,1.62987555E7,2.1540091122364372E7,3.15299E7,1067611.0,6065699.0,607551.8032497311,6495303.0,5636095.0,1
192.168.1.4-192.168.1.5-49245-445-6,192.168.1.4,49245,192.168.1.5,445,6,01/01/1970 08:06:20 AM,119987813,56304,45089,7.0658466E7,5.222772E7,1460.0,0.0,1254.9457587382594,484.53572573731344,1460.0,0.0,1158.3250903768155,570.7804642582315,1024155.5615319032,845.0274862497911,1183.4051305822916,107437.617874689,3.3420706E7,0.0,1.19986838E8,2131.0913805658824,144691.88517275942,3.3421586E7,0.0,1.19987408E8,2661.1827537260474,162217.37255384412,3.3627632E7,0.0,1,0,0,0,1126080,901780,469.2476560098649,375.7798302399261,0.0,1460.0,1211.9677298459367,526.8412447058356,277561.6971231941,0,0,0,11749,101393,0,0,0,0.0,1211.9796830155929,1254.9457587382778,1158.3250903768103,0,0,0,5120257,3873,2292502,3128,3925470,2504,2901540,63340,64240,52281,20,9862522.0,0.0,9862522.0,9862522.0,3.3420706E7,0.0,3.3420706E7,3.3420706E7,1
192.168.1.5-192.168.1.4-49257-445-6,192.168.1.5,49257,192.168.1.4,445,6,01/01/1970 08:07:33 AM,17833908,84,81,14479.0,23371.0,497.0,0.0,172.3690476190476,121.31009550474847,1460.0,0.0,288.5308641975309,374.4115077832061,2122.361514929874,9.252038308148723,108743.34146341462,1115470.2381687567,1.4174579E7,0.0,1.7833908E7,214866.36144578314,1565363.1952188585,1.4174579E7,0.0,1.7620994E7,220262.42500000002,1631705.7464839374,1.4476273E7,0.0,0,0,0,0,1692,1632,4.71012859323935,4.541909714909374,0.0,1460.0,228.01204819277103,281.17597181602946,79059.92712668859,0,2,0,148,164,0,0,0,0.0,229.3939393939394,172.36904761904762,288.5308641975309,0,0,0,18853,76,34576,42,7239,40,11685,8192,256,74,20,3443620.0,0.0,3443620.0,3443620.0,1.4174579E7,0.0,1.4174579E7,1.4174579E7,1
192.168.1.5-192.168.1.4-49257-445-6,192.168.1.5,49257,192.168.1.4,445,6,01/01/1970 08:09:51 AM,372,2,0,1.0,0.0,1.0,0.0,0.5,0.7071067811865476,0,0,0,0,2688.172043010753,5376.344086021506,372.0,0.0,372.0,372.0,372.0,372.0,0.0,372.0,372.0,0,0,0,0,0,0,0,0,0,40,0,5376.344086021506,0.0,0.0,1.0,0.6666666666666667,0.5773502691896257,0.3333333333333333,0,0,1,0,1,0,0,0,0.0,1.0,0.5,0.0,0,0,0,0,0,0,0,0,0,0,256,0,0,20,0,0,0,0,0,0,0,0,1
192.168.1.4-192.168.1.5-49245-445-6,192.168.1.4,49245,192.168.1.5,445,6,01/01/1970 08:08:20 AM,97016394,14162,12727,1.7059215E7,1.4438233E7,1460.0,0.0,1204.5766840841704,525.2232578664504,1460.0,0.0,1134.4569026479146,583.7275153735986,324661.0876920451,277.15934278076753,3608.1669889913665,404096.81976905523,6.6019214E7,0.0,9.7016394E7,6850.956429630684,556973.8619474998,6.6019214E7,0.0,3.0798257E7,2420.1050605060454,52530.67170296502,3855434.0,0.0,1,0,0,0,283240,254540,145.97532866455538,131.18401411621215,0.0,1460.0,1171.3474153960474,554.8100381696822,307814.1784538442,0,0,1,3884,26889,0,0,0,0.0,1171.3909777232325,1204.5766840841688,1134.456902647914,0,0,0,4499635,3511,1719064,2360,2843202,2121,2406372,64240,64044,13033,20,3.099718E7,0.0,3.099718E7,3.099718E7,6.6019214E7,0.0,6.6019214E7,6.6019214E7,1
192.168.1.4-192.168.1.5-49267-445-6,192.168.1.4,49267,192.168.1.5,445,6,01/01/1970 08:07:03 AM,111435839,52771,45526,5.6133251E7,4.3518697E7,1460.0,0.0,1063.7139906388054,596.7811837217101,1460.0,0.0,955.9086456091075,650.3802369796028,894254.0289933116,882.0950322813112,1133.6762330105078,30127.22763145589,5430181.0,0.0,1.11435839E8,2111.7270987303414,43037.45761487975,5430734.0,0.0,1.11434942E8,2447.774673256444,45777.0632658149,5431641.0,0.0,1,0,0,0,1055420,910520,473.5550113280881,408.5400209532231,0.0,1460.0,1013.7746241022184,624.498592903257,389998.4925381479,0,0,0,25754,98297,0,0,0,0.0,1013.784937485376,1063.713990638798,955.9086456091025,0,0,0,4332689,3863,1383338,2777,2954381,2396,2290457,6085,252,48021,20,1.8974753E7,0.0,1.8974753E7,1.8974753E7,5430181.0,0.0,5430181.0,5430181.0,1
192.168.1.4-192.168.1.5-49272-445-6,192.168.1.4,49272,192.168.1.5,445,6,01/01/1970 08:09:57 AM,92776894,39454,31989,4.5703943E7,3.263673E7,1460.0,0.0,1158.4108835605953,550.4206502349551,1460.0,0.0,1020.2485229297565,634.6735960595493,844398.5309531919,770.0516466955662,1298.6323731138168,128097.33174989706,3.3744761E7,0.0,9.2776894E7,2351.5802093630496,172671.3258571859,3.3745506E7,0.0,9.2776517E7,2900.353788920837,191471.08937663355,3.3745084E7,0.0,0,0,0,0,789092,645976,425.2567454995853,344.79490119598097,0.0,1460.0,1096.5325709646754,593.6306126013492,352397.30421745306,0,2,0,14519,71442,0,0,0,0.0,1096.5479193202973,1158.4108835606023,1020.2485229297571,0,0,0,7834067,6511,1753261,5636,6529134,4569,4662390,8192,1782,36538,20,4.2582324E7,0.0,4.2582324E7,4.2582324E7,3.3744761E7,0.0,3.3744761E7,3.3744761E7,1
192.168.1.4-192.168.1.5-49273-445-6,192.168.1.4,49273,192.168.1.5,445,6,01/01/1970 08:09:57 AM,92166205,40444,36038,4.9009117E7,4.1411117E7,1460.0,0.0,1211.7771981010844,520.0407705837191,1460.0,0.0,1149.0958710250218,573.9208889988664,981056.277623669,829.8269414477899,1205.0862959427918,94289.6755632664,2.2123188E7,0.0,9.2166205E7,2278.9161288727346,129923.98488585373,2.2124222E7,0.0,9.1964509E7,2551.9468601714857,138619.62419767113,2.2338798E7,0.0,0,0,0,0,810528,725428,438.81594126610725,391.0110001816826,0.0,1460.0,1182.2265601506417,546.9967154253234,299205.4066860922,0,2,0,10644,76481,0,0,0,0.0,1182.242017729662,1211.777198101078,1149.095871025029,0,0,0,8220001,6368,2179022,4493,5445457,4004,4601235,8192,15947,37206,20,2.0828815E7,2.9150488368123922E7,4.1441323E7,216307.0,1.7331596E7,6776334.391758423,2.2123188E7,1.2540004E7,1
192.168.1.4-192.168.1.5-49273-445-6,192.168.1.4,49273,192.168.1.5,445,6,01/01/1970 08:12:03 AM,119964435,29224,24905,3.5718313E7,2.830069E7,1460.0,0.0,1222.225328497124,510.74842178373615,1460.0,0.0,1136.3457137121027,582.5134843249326,533649.8521415952,451.20872698646065,2216.3101352349936,202644.8444086676,3.4767936E7,0.0,1.19964435E8,4105.137562878563,275842.7959026475,3.476892E7,0.0,1.19762224E8,4808.955348538372,301444.3274197861,3.4968125E7,0.0,1,0,0,0,584516,499720,243.60553192285698,207.60319506360366,0.0,1460.0,1182.6911694069836,546.6321540334186,298806.71182321507,0,0,0,7641,54129,0,0,0,0.0,1182.7130188992962,1222.2253284971257,1136.345713712106,0,0,0,9145509,7100,2677928,4870,5953052,4150,4716781,15947,64619,27015,20,7911659.75,1.392795132883599E7,2.8778163E7,216498.0,2.20292155E7,9393150.786617573,3.4767936E7,1.2609848E7,1
192.168.1.4-192.168.1.5-49272-445-6,192.168.1.4,49272,192.168.1.5,445,6,01/01/1970 08:12:03 AM,97280547,25634,22240,3.0283534E7,2.4561571E7,1460.0,0.0,1181.3815245377177,542.235362637767,1460.0,0.0,1104.3871852517975,601.0489349103964,563782.8598969535,492.1230551880018,2032.054540137429,201325.94651589904,3.499267E7,0.0,9.7280547E7,3795.129208442235,275186.26942988066,3.4993862E7,0.0,9.7080322E7,4365.318674400835,296177.47161965474,3.4992748E7,0.0,1,0,0,0,512680,444800,263.5059196367389,228.6171355512629,0.0,1460.0,1145.5911227154013,571.6126956275834,326741.0738026324,0,0,0,7743,47874,0,0,0,0.0,1145.6150520115302,1181.3815245377234,1104.3871852517987,0,0,0,10968977,8729,2204778,5126,6056706,4448,4912314,1782,1110,23283,20,8943886.666666668,1.388919446661603E7,2.4959252E7,200828.0,2.3254222E7,1.2509165404889489E7,3.499267E7,1.0095564E7,1
192.168.1.4-192.168.1.5-49272-445-6,192.168.1.4,49272,192.168.1.5,445,6,01/01/1970 08:14:15 AM,101919337,22840,20051,2.7264377E7,2.2407873E7,1460.0,0.0,1193.7117775831864,536.307382195974,1460.0,0.0,1117.5439130218006,594.1683222927549,487368.26064714295,420.83280035465697,2376.296036372115,233559.97309934255,3.3893964E7,0.0,1.01919337E8,4462.513113533901,320095.15414247883,3.3894705E7,0.0,1.01710717E8,5072.853715710727,343930.7345730728,3.4088034E7,0.0,1,0,0,0,456800,401704,224.09878902567823,196.7340113289787,0.0,1460.0,1158.0788958313763,565.385759114074,319661.05660899763,0,0,0,6398,42891,0,0,0,0.0,1158.10589634189,1193.7117775831873,1117.5439130217944,0,0,0,12417952,9755,2497776,4568,5452875,4010,4481574,1110,14470,20776,20,8221403.0,8508346.052464545,1.7903331E7,1935740.0,2.5680974333333332E7,1.3274555164359985E7,3.3893964E7,1.0366272E7,1
192.168.1.4-192.168.1.5-49273-445-6,192.168.1.4,49273,192.168.1.5,445,6,01/01/1970 08:14:15 AM,91343338,28704,23316,3.5882993E7,2.7220481E7,1460.0,0.0,1250.1042711817204,488.77559610801023,1460.0,0.0,1167.459298335912,563.3294331013888,690838.2743796816,569.4996607196465,1755.961052692288,214727.48205953292,3.475137E7,0.0,9.1343338E7,3182.362052747117,289147.61153514247,3.4752435E7,0.0,9.112972E7,3908.6304953892522,322614.45402477187,3.4954905E7,0.0,1,0,0,0,574080,466320,314.242950044151,255.25671067549555,0.0,1460.0,1213.0398108456138,525.1307612655809,275762.31642736844,0,0,0,6273,52020,0,0,0,0.0,1213.0631295655517,1250.1042711817167,1167.4592983359066,0,0,0,15775868,11977,3273614,9568,11960997,7772,9073493,64619,3501,26610,20,8669219.0,1.0742477942657458E7,1.6265298E7,1073140.0,3.4588228E7,230717.62899267147,3.475137E7,3.4425086E7,1
192.168.1.4-192.168.1.5-49273-445-6,192.168.1.4,49273,192.168.1.5,445,6,01/01/1970 08:16:21 AM,103202175,33049,26822,4.1235222E7,3.0810971E7,1460.0,0.0,1247.6995370510435,490.088804156862,1460.0,0.0,1148.7201178137357,575.9435768270367,698107.312176318,580.1331221943724,1723.7710873559263,192715.3472159403,3.4902173E7,0.0,1.03202175E8,3122.796387073364,259520.38287839937,3.4903032E7,0.0,1.02992771E8,3840.0048842325205,288833.3282646842,3.4902267E7,0.0,1,0,0,0,660980,537784,320.2354989126925,259.8976232816799,0.0,1460.0,1203.3381714323862,532.5636998240461,283624.0943702767,0,0,0,7483,59871,0,0,0,0.0,1203.3582702811043,1247.6995370510454,1148.720117813735,0,0,0,12007662,9161,2619175,5508,6872537,4470,5135161,3501,2458,30678,20,9470518.5,1.2502484398700304E7,1.831111E7,629927.0,3.3123727E7,2515102.4531481816,3.4902173E7,3.1345281E7,1
192.168.1.4-192.168.1.5-49272-445-6,192.168.1.4,49272,192.168.1.5,445,6,01/01/1970 08:16:21 AM,103189252,29783,26238,3.6060676E7,3.0396713E7,1460.0,0.0,1210.7805123728292,524.8430261281871,1460.0,0.0,1158.4996188733815,568.6795934354818,644034.0220704381,542.8956883997957,1842.0073545162563,206839.6109111425,3.4678843E7,0.0,1.03189252E8,3464.8194211268365,284660.1589474743,3.4897543E7,0.0,1.02978747E8,3924.943667339989,303300.3269264419,3.4678843E7,0.0,1,0,0,0,595660,524760,288.6250207531304,254.27066764666537,0.0,1460.0,1186.27430295239,546.4465034328445,298603.7811139817,0,0,0,7492,56021,0,0,0,0.0,1186.295478481284,1210.7805123728301,1158.4996188733896,0,0,0,11076231,8545,2369173,7445,9015169,6559,7599178,14470,14723,27099,20,8072272.5,1.0203188106743133E7,1.5287016E7,857529.0,3.45220535E7,221733.83733769637,3.4678843E7,3.4365264E7,1
192.168.1.4-192.168.1.5-49273-445-6,192.168.1.4,49273,192.168.1.5,445,6,01/01/1970 08:18:36 AM,116391624,13016,10143,1.6214206E7,1.1356144E7,1460.0,0.0,1245.7134296250779,491.67411061414833,1460.0,0.0,1119.604061914616,594.6724765443248,236875.72225987673,198.97479908004377,5025.97910009498,370066.58235624246,3.4949099E7,0.0,1.16391624E8,8942.88313484441,493659.29373627144,3.4952284E7,0.0,1.16176009E8,11454.940741471122,561690.6713041222,3.4949159E7,0.0,1,0,0,0,260320,203820,111.82935294381664,87.14544613622712,0.0,1460.0,1190.4326424870412,542.8555953209994,294692.1973713167,0,0,0,3024,23159,0,0,0,0.0,1190.4840450796667,1245.7134296250767,1119.6040619146208,0,0,0,5514026,4235,2697724,2603,3242841,2028,2271228,2458,3130,12084,20,2506827.0,1923579.3435811272,4905140.0,200882.0,2.60204865E7,1.2399177266806228E7,3.4949099E7,8533562.0,1
192.168.1.4-192.168.1.5-49272-445-6,192.168.1.4,49272,192.168.1.5,445,6,01/01/1970 08:18:36 AM,116140235,11086,10649,1.3015522E7,1.2252225E7,1460.0,0.0,1174.0503337542873,550.8712790412194,1460.0,0.0,1150.5516949948349,571.9906649516917,217562.38912380364,187.14444653913435,5343.71192601456,337801.4972941223,3.4579515E7,0.0,1.16140235E8,10477.242670275118,472993.67172135133,3.4580941E7,0.0,1.1594404E8,10888.809166040615,486212.6458077829,3.4778095E7,0.0,1,0,0,0,221720,212980,95.45356955752672,91.69087698160762,0.0,1460.0,1162.4869801251418,561.4639244874277,315241.7385008239,0,0,0,3299,21735,0,0,0,0.0,1162.5404646882907,1174.0503337542848,1150.551694994835,0,0,0,6316826,4972,2242007,2217,2603104,2129,2450445,14723,12405,10009,20,2050801.8,1978646.9308426909,4937355.0,212402.0,2.07704574E7,8969267.895676117,3.4579515E7,1.2424554E7,1
192.168.1.4-192.168.1.5-49272-445-6,192.168.1.4,49272,192.168.1.5,445,6,01/01/1970 08:21:06 AM,91796153,15616,13365,1.8125127E7,1.4127617E7,1460.0,0.0,1160.6766777663872,558.0853737923857,1460.0,0.0,1057.0607557051992,624.6947367454827,351351.8044704989,315.7103980163526,3167.569116632141,261179.50229046494,3.4734096E7,0.0,9.1796153E7,5878.716170349036,355869.3174407674,3.4734556E7,0.0,9.1588117E7,6853.34607901824,387430.0001873911,3.4939362E7,0.0,1,0,0,0,312320,270360,170.11606139965363,145.59433661669894,0.0,1460.0,1112.856738665385,592.0075496669504,350472.9388626667,0,0,0,5022,28981,0,0,0,0.0,1112.8951381939892,1160.6766777663934,1057.0607557052,0,0,0,5375420,4346,1819653,3123,3625025,2673,2825523,12405,46031,14082,20,7136948.0,1.0448686796019727E7,1.9155231E7,208181.0,2.3096926333333332E7,1.3600030136457505E7,3.4734096E7,8146363.0,1
192.168.1.4-192.168.1.5-49273-445-6,192.168.1.4,49273,192.168.1.5,445,6,01/01/1970 08:20:57 AM,100529318,25309,19394,3.187172E7,2.2413425E7,1460.0,0.0,1259.3038049705651,480.359182126738,1460.0,0.0,1155.688615035588,571.784383529487,539993.1689579352,444.67624857457,2248.877410406675,211074.14390751068,3.4438114E7,0.0,1.00529318E8,3972.2347874189986,280586.7275762485,3.4438585E7,0.0,1.00322857E8,5173.147888413349,323088.21045033284,3.4644185E7,0.0,1,0,0,0,506180,387880,251.75740275090695,192.9188458236631,0.0,1460.0,1214.3261676807524,524.5282807456133,275129.91730194894,0,0,0,5266,44703,0,0,0,0.0,1214.3533319911414,1259.3038049705638,1155.688615035578,0,0,0,9047450,6853,3028849,4218,5311953,3232,3735570,65114,2050,23508,20,5478253.0,9375907.657852545,1.9482552E7,200608.0,1.9380547E7,1.2682426334983328E7,3.4438114E7,8534536.0,1
192.168.1.4-192.168.1.5-49272-445-6,192.168.1.4,49272,192.168.1.5,445,6,01/01/1970 08:23:12 AM,119945825,31459,28096,3.6180816E7,3.0412188E7,1460.0,0.0,1150.0942814457007,564.5545115416586,1460.0,0.0,1082.4383542141152,610.4330438780144,555192.3462113,496.51582287253433,2014.068324545794,126116.81791283848,2.4392345E7,0.0,1.19945825E8,3812.887818678858,173999.02754951673,2.4392345E7,0.0,1.19944444E8,4269.24520377289,185267.90160144732,2.4590909E7,0.0,1,0,0,0,629720,561920,262.2767403534054,234.23908251912894,0.0,1460.0,1118.1589428437098,587.6228776615355,345300.646351224,0,0,0,10623,59555,0,0,0,0.0,1118.1777180757283,1150.0942814456912,1082.438354214123,0,0,0,4756627,3862,1324448,2859,3289165,2554,2764744,46031,10420,28333,20,2.2102855666666664E7,2.8659004191239975E7,5.4538181E7,201816.0,1.6152771E7,7458770.10509045,2.4392345E7,9861506.0,1
192.168.1.4-192.168.1.5-49273-445-6,192.168.1.4,49273,192.168.1.5,445,6,01/01/1970 08:23:12 AM,119956940,45803,36615,5.65429E7,4.2161166E7,1460.0,0.0,1234.48027421784,502.2336603602747,1460.0,0.0,1151.4725112658678,572.5259966857819,822829.1418570697,687.0632078477494,1455.4878241139536,127943.761227668,3.4357642E7,0.0,1.19955676E8,2619.0051962796615,171941.9187320368,3.4359079E7,0.0,1.19952147E8,3276.1279018954533,193634.36075069822,3.4556677E7,0.0,1,0,0,0,918208,732300,381.8286795245027,305.23452832324665,0.0,1460.0,1197.5895849258152,536.2003895835534,287510.85778955446,0,0,0,10851,82418,0,0,0,0.0,1197.6041156058143,1234.480274217846,1151.4725112658746,0,0,0,6580271,5056,1915752,3816,4711908,3051,3513430,2050,12191,42293,20,3.49145215E7,3.2885927725059126E7,5.8168384E7,1.1660659E7,2.24655155E7,1.6818006581756487E7,3.4357642E7,1.0573389E7,1
192.168.1.4-192.168.1.5-49272-445-6,192.168.1.4,49272,192.168.1.5,445,6,01/01/1970 08:25:12 AM,107445494,27330,22541,3.3149657E7,2.5113477E7,1460.0,0.0,1212.9402488108356,520.8300171310352,1460.0,0.0,1114.124351182297,596.2331284063424,542257.5841105073,464.1516190525403,2154.5116101864746,159948.91299505235,3.4782399E7,0.0,1.07445494E8,3931.556002780915,216671.2779580215,3.4782673E7,0.0,1.07236471E8,4757.607409050559,239729.56069422554,3.4989616E7,0.0,0,0,0,0,546600,451744,254.36152771562482,209.79009133691545,0.0,1460.0,1168.2826836701863,558.339044124673,311742.4881940535,0,0,0,7259,49871,0,0,0,0.0,1168.306109763189,1212.9402488108306,1114.12435118229,0,0,0,3427243,2680,1305827,2102,2549973,1733,1931805,10420,6083,25062,20,7.0633185E7,0.0,7.0633185E7,7.0633185E7,3.4782399E7,0.0,3.4782399E7,3.4782399E7,1
192.168.1.4-192.168.1.5-49273-445-6,192.168.1.4,49273,192.168.1.5,445,6,01/01/1970 08:25:12 AM,107232533,35422,28852,4.434667E7,3.30994E7,1460.0,0.0,1251.9527412342734,486.4022743505665,1460.0,0.0,1147.2133647580754,577.7445595969399,722225.5022176899,599.388993263826,1668.3915952266113,141842.79383041125,3.4779773E7,0.0,1.07232533E8,3027.3717004037026,191372.6919193124,3.4781131E7,0.0,1.07185914E8,3715.1542060933825,213074.2912737458,3.4975548E7,0.0,1,0,0,0,708440,579536,330.3288564488167,269.0601368150093,0.0,1460.0,1204.918661999208,531.925666449225,282944.9146274522,0,0,0,7785,64274,0,0,0,0.0,1204.937408594455,1251.952741234261,1147.2133647580756,0,0,0,4555651,3462,1888447,2530,3167619,2060,2364242,12191,11182,32882,20,7.0632093E7,0.0,7.0632093E7,7.0632093E7,3.4779773E7,0.0,3.4779773E7,3.4779773E7,1
192.168.1.4-192.168.1.5-49272-445-6,192.168.1.4,49272,192.168.1.5,445,6,01/01/1970 08:27:35 AM,112562285,30153,25798,3.6134311E7,2.8972777E7,1460.0,0.0,1198.365369946613,532.4353209959113,1460.0,0.0,1123.062911853626,589.8892805382652,578409.4379391818,497.06702382596444,2011.8370866845319,165065.7638908629,3.4750646E7,0.0,1.12562285E8,3733.1614818254184,225154.21660482435,3.4751834E7,0.0,1.12362064E8,4355.625227739654,244495.82803848427,3.4962944E7,0.0,1,0,0,0,603072,515972,267.8783573023593,229.18866652360512,0.0,1460.0,1163.625214469532,560.9259980720932,314637.97531317396,0,0,0,8356,55951,0,0,0,0.0,1163.646011688799,1198.3653699466056,1123.0629118536322,0,0,0,6510686,5110,1708832,3015,3613431,2579,2897277,6083,15655,27518,20,1.8907409333333332E7,8681218.862199958,2.685057E7,9640245.0,1.8546620666666668E7,1.4742152881533496E7,3.4750646E7,5927613.0,1
192.168.1.4-192.168.1.5-49273-445-6,192.168.1.4,49273,192.168.1.5,445,6,01/01/1970 08:27:35 AM,97624594,29040,23292,3.5741856E7,2.6210974E7,1460.0,0.0,1230.7801652892558,505.5208883845518,1460.0,0.0,1125.320882706514,590.4321380515979,634602.6903835319,536.0534457126654,1865.5212780187758,131763.331807629,2.7811364E7,0.0,9.7624594E7,3361.844209511344,177638.19889566698,2.7812059E7,0.0,9.7393719E7,4181.603151431873,199404.38447130722,2.8023217E7,0.0,1,0,0,0,580800,465852,297.4660258254185,238.58741988724685,0.0,1460.0,1183.8209160567865,547.4752205970574,299729.1171677966,0,0,0,7028,52332,0,0,0,0.0,1183.843537414966,1230.7801652892563,1125.3208827065087,0,0,0,6195261,4777,1627027,2904,3574185,2329,2621097,11182,2026,26762,20,1.0018267333333332E7,1.0012558833487539E7,2.0229284E7,216730.0,1.3497600333333334E7,1.2402984418574277E7,2.7811364E7,5927016.0,1
192.168.1.4-192.168.1.5-49273-445-6,192.168.1.4,49273,192.168.1.5,445,6,01/01/1970 08:29:47 AM,106067360,42125,35126,5.1106341E7,3.9892707E7,1460.0,0.0,1213.2069080118727,520.3046734820972,1460.0,0.0,1135.7030974207164,582.2662578292612,857936.390610646,728.320191998745,1373.040258899689,127580.54716515922,3.4807229E7,0.0,1.0606736E8,2517.979299211856,173259.4185217593,3.4808031E7,0.0,1.05853292E8,3013.6168540925037,189340.6158855758,3.4807408E7,0.0,1,0,0,0,842512,702520,397.153280707656,331.166911291089,0.0,1460.0,1177.9516129032183,550.7068792340958,303278.066835757,0,0,0,10844,77251,0,0,0,0.0,1177.9668612704043,1213.2069080118695,1135.703097420714,0,0,0,6499932,5045,1828372,3829,4646031,3193,3626609,2026,1604,38630,20,3.6246095E7,0.0,3.6246095E7,3.6246095E7,3.4807229E7,0.0,3.4807229E7,3.4807229E7,1
192.168.1.4-192.168.1.5-49272-445-6,192.168.1.4,49272,192.168.1.5,445,6,01/01/1970 08:29:47 AM,105733099,39534,33960,4.7060755E7,3.7361243E7,1460.0,0.0,1190.386882177376,537.769486049458,1460.0,0.0,1100.1543875147338,603.1247702974667,798444.3736014963,695.0898128882045,1438.6825820146178,117126.49506426242,3.0830591E7,0.0,1.05733099E8,2674.55287987251,160141.9302400901,3.0831039E7,0.0,1.05510336E8,3106.991843104925,173829.55603469847,3.1044572E7,0.0,1,0,0,0,790680,681048,373.9037290489329,321.1860838392716,0.0,1460.0,1148.6777059663818,570.6846007453909,325680.9135279262,0,0,0,11536,73494,0,0,0,0.0,1148.6933355103818,1190.3868821773663,1100.154387514723,0,0,0,6493982,5145,1680072,3594,4278250,3087,3396476,15655,19310,36052,20,4.0233632E7,0.0,4.0233632E7,4.0233632E7,3.0830591E7,0.0,3.0830591E7,3.0830591E7,1
192.168.1.4-192.168.1.5-49273-445-6,192.168.1.4,49273,192.168.1.5,445,6,01/01/1970 08:31:57 AM,91231459,16379,12809,2.0522077E7,1.496034E7,1460.0,0.0,1252.9505464314027,488.2648117921263,1460.0,0.0,1167.9553438988205,563.6182336552046,388927.43127126794,319.93350013179116,3125.7566382293626,294021.20290589484,3.4809216E7,0.0,9.1231459E7,5570.3662840395555,392509.0323105937,3.4810316E7,0.0,9.1027368E7,7107.0712054965925,446595.23783901695,3.5004361E7,0.0,1,0,0,0,327580,256180,179.53236942094722,140.40113071084394,0.0,1460.0,1215.6123539689636,524.3947968203001,274989.9029322039,0,0,0,3321,29188,0,0,0,0.0,1215.6540016445115,1252.950546431406,1167.9553438988212,0,0,0,11827399,8921,3310785,5459,6840692,4269,4986780,61867,5031,15107,20,2157683.6666666665,2819552.2233328708,5389633.0,201485.0,2.6571372666666668E7,1.4216140969149726E7,3.4809216E7,1.0156024E7,1
192.168.1.4-192.168.1.5-49272-445-6,192.168.1.4,49272,192.168.1.5,445,6,01/01/1970 08:32:07 AM,119970842,17847,14851,2.1709368E7,1.6939133E7,1460.0,0.0,1216.415532022191,519.3937197010737,1460.0,0.0,1140.605548447912,579.6591371135678,322149.1185333183,272.54955833351573,3669.1697097592946,311467.7315528511,3.4792068E7,0.0,1.19970842E8,6722.56203070714,421597.36016011494,3.4792909E7,0.0,1.19774289E8,8065.60868686871,465248.75087556476,3.4994278E7,0.0,1,0,0,0,356940,297020,148.761146479242,123.78841185427372,0.0,1460.0,1181.9496314872,548.9051451776014,301296.8584024437,0,0,0,4514,32698,0,0,0,0.0,1181.9857789467246,1216.4155320221887,1140.605548447916,0,0,0,9662089,7484,2585320,4461,5427342,3712,4234783,19310,25925,16345,20,2867556.5,2698668.714016907,5360802.0,200059.0,2.600470425E7,1.2462382430720069E7,3.4792068E7,8284772.0,1
192.168.1.4-192.168.1.5-49272-445-6,192.168.1.4,49272,192.168.1.5,445,6,01/01/1970 08:34:07 AM,97163265,13914,11497,1.6500649E7,1.250945E7,1460.0,0.0,1185.9026160701471,539.8727432998929,1460.0,0.0,1088.0621031573526,607.3808534915277,298570.6480736316,261.52888131126514,3823.8199527745123,304571.67873640166,3.4311873E7,0.0,9.7163265E7,6983.631495723404,411768.4087053398,3.4312609E7,0.0,9.6950621E7,8433.422146833684,455579.64991345454,3.4525887E7,0.0,0,0,0,0,278280,229940,143.20226888217476,118.32661242909036,0.0,1460.0,1141.648000944439,573.4572816530749,328853.2538809341,0,0,0,4255,25411,0,0,0,0.0,1141.692928259415,1185.902616070145,1088.0621031573453,0,0,0,4144299,3317,1332744,2319,2750108,1916,2084908,25925,27312,12708,20,2648682.0,2495203.0541120297,4413057.0,884307.0,3.4237168E7,105648.82417708206,3.4311873E7,3.4162463E7,1
192.168.1.4-192.168.1.5-49273-445-6,192.168.1.4,49273,192.168.1.5,445,6,01/01/1970 08:34:03 AM,104736179,28379,22257,3.5880063E7,2.5514519E7,1460.0,0.0,1264.3173825716199,474.08611160077413,1460.0,0.0,1146.3593026912945,578.5272920325755,586183.1373474108,483.4623573579097,2068.4542115137397,212722.78282440334,3.4253089E7,0.0,1.04736179E8,3690.7526605116773,284253.5465622809,3.4253393E7,0.0,1.04532637E8,4696.829484184054,322923.27329399844,3.4465061E7,0.0,1,0,0,0,567580,447732,270.95699185283434,212.50536550507536,0.0,1460.0,1212.446471947397,525.8539563099424,276522.3833668188,0,0,0,6014,50636,0,0,0,0.0,1212.4704163046054,1264.3173825716199,1146.3593026912881,0,0,0,6821620,5170,2336733,3547,4485007,2782,3189314,5031,32795,26528,20,5490869.0,6423495.179014148,1.0032966E7,948772.0,3.3675393E7,816985.5181286875,3.4253089E7,3.3097697E7,1
192.168.1.4-192.168.1.5-49272-445-6,192.168.1.4,49272,192.168.1.5,445,6,01/01/1970 08:36:19 AM,106783384,19536,17817,2.1992481E7,1.8694861E7,1460.0,0.0,1125.7412469287433,578.4563112002517,1460.0,0.0,1049.2709771566463,625.7012128246678,381026.9020880627,349.80161332965434,2858.8397943885243,206231.67379284237,2.8156653E7,0.0,1.06783384E8,5466.259738930107,285372.85336134926,2.8157189E7,0.0,1.06584803E8,5982.532723394694,301327.0813332561,2.835342E7,0.0,1,0,0,0,390720,356340,182.94981174224634,166.85180158740803,0.0,1460.0,1089.238421588044,602.6732124963063,363215.0010606179,0,0,0,7247,37353,0,0,0,0.0,1089.267582255776,1125.741246928747,1049.270977156648,0,0,0,4068690,3371,1442820,2442,2749060,2227,2336857,27312,7182,17537,20,9526509.5,1.0810357522769155E7,2.0017609E7,200201.0,1.69879545E7,1.1802853676088918E7,2.8156653E7,5690477.0,1
192.168.1.4-192.168.1.5-49273-445-6,192.168.1.4,49273,192.168.1.5,445,6,01/01/1970 08:36:19 AM,107904881,27719,22452,3.3800827E7,2.4975896E7,1460.0,0.0,1219.4100436523638,513.4853614014868,1460.0,0.0,1112.4129698913284,596.2280916961688,544708.6587306462,464.95579750465595,2150.784951166045,216590.30874269182,3.4352889E7,0.0,1.07904881E8,3892.9533516126708,291429.83305491967,3.4354367E7,0.0,1.07695934E8,4796.932608792476,325929.2111461179,3.4553008E7,0.0,1,0,0,0,554380,449040,256.8836529276187,208.07214457703725,0.0,1460.0,1171.505879773574,554.6172160945429,307600.2563884608,0,0,0,7326,50171,0,0,0,0.0,1171.5292300332862,1219.4100436523684,1112.4129698913237,0,0,0,5877672,4592,2056114,3959,4828689,3207,3567985,32795,5261,25609,20,1.88743105E7,1745243.4806652337,2.0108384E7,1.7640237E7,3.4153062E7,282598.0535283285,3.4352889E7,3.3953235E7,1
192.168.1.4-192.168.1.5-49272-445-6,192.168.1.4,49272,192.168.1.5,445,6,01/01/1970 08:38:41 AM,115638972,35633,32618,4.1242979E7,3.5469917E7,1460.0,0.0,1157.4377402969178,560.5400296957398,1460.0,0.0,1087.433840210938,609.1978006015403,663382.7218733837,590.2075988707337,1694.3439120879173,184948.6308880067,3.470707E7,0.0,1.15638972E8,3245.368545128013,256045.19641601012,3.4707542E7,0.0,1.15433637E8,3539.0635864733117,268486.57840530056,3.4934206E7,0.0,1,0,0,0,712672,653236,308.1400619853314,282.06753688540226,0.0,1460.0,1123.9665650823363,585.3506363768014,342635.36750672635,0,0,0,11743,68251,0,0,0,0.0,1123.9830332156305,1157.4377402969158,1087.4338402109265,0,0,0,10958985,8842,1839630,7126,8248595,6523,7093983,7182,5261,32205,20,1.8180334E7,1.8999641012431E7,3.1615109E7,4745559.0,3.4068202E7,903495.7901661745,3.470707E7,3.3429334E7,1
192.168.1.4-192.168.1.5-49273-445-6,192.168.1.4,49273,192.168.1.5,445,6,01/01/1970 08:38:41 AM,118325610,47404,39037,5.8161836E7,4.4441781E7,1460.0,0.0,1226.9394143954137,508.48245846311437,1460.0,0.0,1138.452775571894,580.9346252728085,867129.4151790133,730.5350042142187,1368.8756362794988,165215.7209353974,3.4973337E7,0.0,1.1832561E8,2496.16290108223,223216.66880389393,3.4974645E7,0.0,1.18118805E8,3025.8941746080664,245922.03027978755,3.4973563E7,0.0,1,0,0,0,948092,781328,400.6233308241555,329.91167339006324,0.0,1460.0,1186.9656764073277,544.1933249148252,296146.3748818525,0,0,0,11924,86441,0,0,0,0.0,1186.9794079198527,1226.9394143954096,1138.4527755718934,0,0,0,17100566,13234,2425768,7900,9693639,6506,7406963,5261,24500,43784,20,1.8046955E7,1.9188717123079594E7,3.1615427E7,4478483.0,3.4201155E7,1092030.2570203813,3.4973337E7,3.3428973E7,1
192.168.1.4-192.168.1.5-49272-445-6,192.168.1.4,49272,192.168.1.5,445,6,01/01/1970 08:41:11 AM,111722712,27486,23954,3.1924163E7,2.5458772E7,1460.0,0.0,1161.4699483373336,558.1295251814684,1460.0,0.0,1062.819236870666,621.7196335072748,513619.2451182173,460.425629481676,2171.9456443554473,213816.9477890012,3.4327402E7,0.0,1.11722712E8,4064.8612697835165,292577.86332307983,3.4328508E7,0.0,1.11721587E8,4664.200183693033,315627.65602039034,3.4526097E7,0.0,1,0,0,0,549720,479080,246.01980660834656,214.40582287332947,0.0,1460.0,1115.5110709356497,590.6567302065358,348875.3729382765,0,0,1,8969,51440,0,0,0,0.0,1115.5327566096423,1161.4699483373354,1062.8192368706689,0,0,0,14345678,11611,1937014,6871,7981040,5988,6364693,5261,2764,24888,20,1.1046345666666666E7,1.0032846724227393E7,2.2172322E7,2687378.0,2.6193822E7,1.195072240013816E7,3.4327402E7,1.247284E7,1
192.168.1.4-192.168.1.5-49273-445-6,192.168.1.4,49273,192.168.1.5,445,6,01/01/1970 08:41:11 AM,97815302,33259,29556,4.0509722E7,3.4025358E7,1460.0,0.0,1218.0078174328814,516.7749315752559,1460.0,0.0,1151.2166057653262,573.2923029321502,761998.1585294292,642.1796867733435,1557.2213519279185,196982.68947780173,3.4992789E7,0.0,9.7815302E7,2941.105959468397,270790.84652328736,3.4993189E7,0.0,9.7595651E7,3302.1705633564766,288054.41427799495,3.4995685E7,0.0,1,0,0,0,665180,591120,340.018374630178,302.1613121431655,0.0,1460.0,1186.5631367804317,545.1293760283746,297166.0366090851,0,0,0,8494,62815,0,0,0,0.0,1186.5820265860066,1218.0078174328753,1151.216605765327,0,0,0,24845026,19189,2698405,16629,20254861,14778,17012679,24500,2814,30602,20,1.3392233E7,8166606.732734105,1.9166896E7,7617570.0,3.48896365E7,145879.66449269067,3.4992789E7,3.4786484E7,1
192.168.1.4-192.168.1.5-49273-445-6,192.168.1.4,49273,192.168.1.5,445,6,01/01/1970 08:43:21 AM,108524026,18919,11554,2.3909139E7,1.3912529E7,1460.0,0.0,1263.7633595856018,484.61505991201346,1460.0,0.0,1204.1309503202317,529.2622357845518,348509.62864204834,280.79496424137454,3561.4343003413146,169493.35185161492,2.8315771E7,0.0,1.08524026E8,5736.548578073746,215116.1134002021,2.8315771E7,0.0,1.08295204E8,9373.773392192481,278591.3577821071,2.8526542E7,0.0,1,0,0,0,378392,231080,174.3300603315251,106.46490390984941,0.0,1460.0,1241.1246308328518,502.85217770831815,252860.312625998,0,0,0,2948,30473,0,0,0,0.0,1241.1653594985726,1263.7633595856018,1204.1309503202353,0,0,0,9455362,6962,544175,6306,7969713,3851,4637509,65072,36327,17343,20,8052158.0,9507261.390873926,1.4774807E7,1329509.0,1.79856895E7,1.4608941357719405E7,2.8315771E7,7655608.0,1
192.168.1.4-192.168.1.5-49273-445-6,192.168.1.4,49273,192.168.1.5,445,6,01/01/1970 08:45:42 AM,119764409,21556,11887,2.8578812E7,1.4467063E7,1460.0,0.0,1325.7938393022798,412.9788041031336,1460.0,0.0,1217.0491293009163,530.360043884459,359421.26178738126,279.2398867012319,3581.2573709706376,341926.6731963068,6.2031073E7,0.0,1.19764409E8,5556.224031547207,425892.9571523422,6.2031073E7,0.0,1.19546112E8,10057.724381625452,576538.5957333308,6.227956E7,0.0,1,0,0,0,431120,237740,179.9866937096479,99.253192991584,0.0,1460.0,1287.1051608659268,461.13940286931506,212649.54887866846,0,0,0,2166,33443,0,0,0,0.0,1287.1436474000539,1325.7938393022823,1217.049129300917,0,0,0,3587110,2570,1171839,2155,2857881,1188,1446706,36327,65533,20130,20,1.08289285E7,1.4930710298498344E7,2.1386535E7,271322.0,3.3901194E7,3.9781656389714114E7,6.2031073E7,5771315.0,1
192.168.1.4-192.168.1.5-49273-445-6,192.168.1.4,49273,192.168.1.5,445,6,01/01/1970 08:47:42 AM,62837622,1045,1702,104402.0,1862598.0,486.0,0.0,99.90622009569371,115.33932451371915,1460.0,0.0,1094.3584018801412,536.6761111785504,31302.903219348435,43.71584908162183,22883.32920611806,152738.5245406549,6606982.0,0.0,6.2837622E7,60189.2931034483,243326.87386290258,6607704.0,0.0,6.2588068E7,36794.86654908874,206311.4483035535,6905210.0,0.0,1,0,0,0,20900,34040,16.630164648815004,27.08568443280683,0.0,1460.0,715.9053857350794,645.4120497909812,416556.71401539596,0,0,0,1263,2747,0,0,0,1.0,716.1659992719331,99.90622009569378,1094.358401880141,0,0,0,655482,757,38482,522,52201,851,931299,16086,65182,625,20,5.2406394E7,0.0,5.2406394E7,5.2406394E7,6606982.0,0.0,6606982.0,6606982.0,1
192.168.1.4-192.168.1.5-49298-445-6,192.168.1.4,49298,192.168.1.5,445,6,01/01/1970 08:49:47 AM,99532221,4726,6198,724191.0,4984399.0,630.0,0.0,153.23550571307592,143.96282947814228,1460.0,0.0,804.1947402387866,599.7100318561849,57354.19086046517,109.75340337276307,9112.16890964023,143951.61281285025,1.1533703E7,0.0,9.9532221E7,21065.02031746031,218349.42517723533,1.1533703E7,0.0,9.953172E7,16061.274810392117,198432.26193699698,1.1743991E7,0.0,0,0,0,0,94532,123972,47.48211134563148,62.271292027131594,0.0,1460.0,522.5254004576652,563.0518517760871,317027.38778848073,0,2,1,6983,10923,0,0,0,1.0,522.5732332478946,153.2355057130766,804.1947402387867,0,0,0,634287,1044,86014,675,103455,885,712057,8192,251,3474,20,4.09951205E7,5.7628534450795405E7,8.1744648E7,245593.0,8769018.5,3909854.315582679,1.1533703E7,6004334.0,1
192.168.1.4-192.168.1.5-49273-445-6,192.168.1.4,49273,192.168.1.5,445,6,01/01/1970 08:49:47 AM,88279377,1277,2046,137698.0,2096202.0,526.0,0.0,107.82928739232574,126.26210108258773,1460.0,0.0,1024.536656891496,578.6782599030885,25304.89085803132,37.64186056727609,26574.16526189044,250633.8740772669,1.3614547E7,0.0,8.8279377E7,69184.46473354228,400865.5774228655,1.3614547E7,0.0,8.8079203E7,43070.51491442546,333901.20591138443,1.4030559E7,0.0,1,0,0,0,25540,40920,14.465439646226775,23.17642092104932,0.0,1460.0,672.139590854392,641.1574315331493,411082.852010185,0,0,0,1558,3323,0,0,0,1.0,672.3418597652724,107.82928739232577,1024.5366568914956,0,0,0,223334,269,34922,319,34424,511,524050,16329,64645,769,20,7.4245386E7,0.0,7.4245386E7,7.4245386E7,1.3614547E7,0.0,1.3614547E7,1.3614547E7,1
192.168.1.4-192.168.1.5-49300-445-6,192.168.1.4,49300,192.168.1.5,445,6,01/01/1970 08:52:05 AM,99780576,4840,6143,721627.0,4888931.0,622.0,0.0,149.09648760330612,142.42720153536538,1460.0,0.0,795.853980139998,599.0767636481237,56228.95983282357,110.07152333937219,9085.829175013658,113858.29433623156,5803124.0,0.0,9.9780576E7,20620.08183508996,170889.03067391197,5803124.0,0.0,9.9780088E7,16245.53695864535,160131.6119839346,6003281.0,0.0,0,0,0,0,96812,122872,48.50643475940648,61.5650885799657,0.0,1460.0,510.7936999271647,559.2550872543496,312766.2526198702,0,2,1,7003,10982,0,0,0,1.0,510.84020759355366,149.09648760330577,795.8539801399968,0,0,0,801487,1335,77939,691,103089,877,698418,8192,253,3484,20,2.7479118E7,4.720985997949156E7,8.1992363E7,200840.0,5780568.333333333,26278.072233962168,5803124.0,5751713.0,1
192.168.1.4-192.168.1.5-49273-445-6,192.168.1.4,49273,192.168.1.5,445,6,01/01/1970 08:52:05 AM,82374998,1224,2068,133876.0,2218928.0,526.0,0.0,109.37581699346403,123.85477715926051,1460.0,0.0,1072.98259187621,553.7646621984923,28562.112984816096,39.96358215389577,25030.385293223942,153108.64503894167,5728466.0,0.0,8.2374998E7,67354.86345053131,245558.7251448277,5728466.0,0.0,8.2163134E7,39749.94388001929,208375.18400154434,5931200.0,0.0,1,0,0,0,24480,41360,14.858877447256507,25.104704706639264,0.0,1460.0,714.5751594290928,644.339914540643,415173.9254702431,0,0,0,1530,3292,0,0,0,1.0,714.7922235722965,109.37581699346406,1072.982591876209,0,0,0,213821,249,40096,204,22312,344,369821,16425,64122,753,20,7.6428933E7,0.0,7.6428933E7,7.6428933E7,5728466.0,0.0,5728466.0,5728466.0,1
192.168.1.4-192.168.1.5-49302-445-6,192.168.1.4,49302,192.168.1.5,445,6,01/01/1970 08:54:23 AM,100069821,4735,6018,716489.0,4850632.0,622.0,0.0,151.31763463569186,142.89921457256463,1460.0,0.0,806.0206048521097,596.1281208661871,55632.366925089234,107.45497386269932,9307.089006696435,160286.67870172433,1.1752855E7,0.0,1.00069821E8,21138.534220532292,241112.04636697922,1.1752855E7,0.0,1.0006934E8,16631.10187801228,220092.03088913288,1.1960665E7,0.0,0,0,0,0,94724,120372,47.31696282338708,60.13801103931224,0.0,1460.0,517.6790961502704,559.9108680744888,313500.18018792756,0,2,1,6930,10752,0,0,0,1.0,517.7272389100716,151.31763463569166,806.0206048521103,0,0,0,695890,1157,79904,1183,179122,1504,1212658,8192,251,3449,20,3.87643555E7,5.447147520685208E7,7.7281505E7,247206.0,1.12684925E7,684992.0166049382,1.1752855E7,1.078413E7,1
192.168.1.4-192.168.1.5-49273-445-6,192.168.1.4,49273,192.168.1.5,445,6,01/01/1970 08:54:22 AM,82823647,1254,1984,140238.0,2104746.0,526.0,0.0,111.83253588516747,127.66934306734139,1460.0,0.0,1060.8598790322596,554.2176064900914,27105.59219880767,39.09511494947814,25586.545257954895,177292.59145949886,8686950.0,0.0,8.2823647E7,66100.27693535504,280353.28358078183,8686950.0,0.0,8.261417E7,41661.20524457899,239336.5920482621,8886836.0,0.0,1,0,0,0,25080,39680,15.140603504214202,23.954511445263936,0.0,1460.0,693.2003704847173,638.8925358118588,408183.67231610726,0,0,0,1573,3238,0,0,0,1.0,693.4144533662754,111.83253588516746,1060.859879032258,0,0,0,280205,337,36265,209,23373,330,350791,16361,63574,778,20,7.392394E7,0.0,7.392394E7,7.392394E7,8686950.0,0.0,8686950.0,8686950.0,1
192.168.1.4-192.168.1.5-49304-445-6,192.168.1.4,49304,192.168.1.5,445,6,01/01/1970 08:56:40 AM,100571265,4701,6163,715725.0,5041934.0,558.0,0.0,152.24952137842976,141.29445209886998,1460.0,0.0,818.0973551841633,597.0223502708762,57249.5433959193,108.02290296338622,9258.148301574163,118904.85525121377,5802972.0,0.0,1.00571265E8,21398.141489361788,180116.34343370708,5802972.0,0.0,1.00570851E8,16321.137779941631,165269.85453560128,6003898.0,0.0,0,0,0,0,94032,123272,46.742973751001344,61.27992921238487,0.0,1460.0,529.9271974229193,565.3867292965824,319662.153664687,0,2,1,6971,10863,0,0,0,1.0,529.9759756995581,152.24952137843013,818.0973551841636,0,0,0,959585,1570,79148,783,119287,1027,840322,8192,256,3468,20,1.9352982E7,3.8276085666303456E7,7.6767102E7,198923.0,5789413.25,25598.674879441132,5802972.0,5751040.0,1
192.168.1.4-192.168.1.5-49273-445-6,192.168.1.4,49273,192.168.1.5,445,6,01/01/1970 08:56:40 AM,83067218,1161,1913,127358.0,2038949.0,526.0,0.0,109.69681309216182,123.31246153925137,1460.0,0.0,1065.8384736016724,553.7739459429274,26078.964146843104,37.006174926912806,27031.310771233286,154890.40052114584,5782852.0,0.0,8.3067218E7,71609.67068965519,245829.1095903191,5782852.0,46.0,8.285661E7,43335.047071129586,211272.10028738255,5994930.0,0.0,1,0,0,0,23220,38260,13.976632755415018,23.029542171497788,0.0,1460.0,704.5850406504068,641.4130739712485,411410.7314612464,0,0,0,1466,3074,0,0,0,1.0,704.8142485361093,109.69681309216193,1065.8384736016728,0,0,0,196633,233,36469,145,15919,239,254868,16425,63076,721,20,7.7067217E7,0.0,7.7067217E7,7.7067217E7,5782852.0,0.0,5782852.0,5782852.0,1
192.168.1.4-192.168.1.5-49310-445-6,192.168.1.4,49310,192.168.1.5,445,6,01/01/1970 08:58:57 AM,95661761,4688,6040,718828.0,4876091.0,630.0,0.0,153.3336177474407,142.84162088965297,1460.0,0.0,807.2998344370878,595.9883632760196,58486.47298056744,112.14512348356205,8917.848513097804,139686.24988171077,1.1741179E7,0.0,9.5661761E7,20410.01941540433,210820.29164089827,1.1741179E7,0.0,9.5661344E7,15840.593475741058,192352.4708017069,1.1943793E7,0.0,0,0,0,0,93772,120812,49.00599728662741,63.13912619693463,0.0,1460.0,521.4762792431713,560.4548616603419,314109.65195871296,0,2,1,6952,10727,0,0,0,1.0,521.5248881431768,153.3336177474403,807.2998344370861,0,0,0,799242,1327,83389,781,119804,1006,812681,8192,251,3459,20,3.9056346E7,5.486960390182457E7,7.7855015E7,257677.0,8773002.0,4197636.1689238865,1.1741179E7,5804825.0,1
192.168.1.4-192.168.1.5-49273-445-6,192.168.1.4,49273,192.168.1.5,445,6,01/01/1970 08:58:57 AM,84387645,1193,1961,128906.0,2041222.0,526.0,0.0,108.05196982397311,121.62821823642831,1460.0,0.0,1040.9087200407935,568.867406209383,25716.18155714619,37.37513945317469,26764.23882017122,263049.8011264846,1.4024562E7,0.0,8.4387645E7,70795.00419463098,424315.0404973302,1.4024562E7,0.0,8.4182618E7,42950.31530612235,344521.1642360407,1.4238848E7,0.0,1,0,0,0,23860,39220,14.137140573125366,23.23799888004932,0.0,1460.0,687.9302694136301,641.4037155108865,411398.72627117025,0,0,0,1502,3154,0,0,0,1.0,688.148383005707,108.05196982397318,1040.9087200407955,0,0,0,216957,260,36335,238,25781,392,408244,16085,62573,739,20,7.0149256E7,0.0,7.0149256E7,7.0149256E7,1.4024562E7,0.0,1.4024562E7,1.4024562E7,1
192.168.1.4-192.168.1.5-49312-445-6,192.168.1.4,49312,192.168.1.5,445,6,01/01/1970 09:01:11 AM,99656065,4730,6239,716561.0,5121518.0,566.0,0.0,151.49281183932396,141.48963877340609,1460.0,0.0,820.8876422503573,598.4687182358259,58582.274947340135,110.06856431668258,9086.07448942383,144274.5565796372,1.1767154E7,0.0,9.9656065E7,21073.390780291764,219190.79216297704,1.1767154E7,0.0,9.9655568E7,15975.563962808668,197938.05895105476,1.1977305E7,0.0,0,0,0,0,94612,124792,47.46324270379329,62.60532161288929,0.0,1460.0,532.1858705560638,567.6662378622755,322244.9576087095,0,2,1,6969,10968,0,0,0,1.0,532.2343878202206,151.49281183932348,820.8876422503606,0,0,0,729759,1184,85551,675,102365,891,731645,8192,252,3467,20,2.5443763E7,4.367132901459021E7,7.587107E7,227036.0,7774292.333333333,3457936.5386577486,1.1767154E7,5767050.0,1
192.168.1.4-192.168.1.5-49273-445-6,192.168.1.4,49273,192.168.1.5,445,6,01/01/1970 09:01:11 AM,82449483,1224,1973,135106.0,2084484.0,526.0,0.0,110.38071895424835,125.08679761601938,1460.0,0.0,1056.5048150025318,558.5454855553016,26920.605433026183,38.77525829967909,25797.71057571962,160919.2533270412,5802586.0,0.0,8.2449483E7,67415.76696647602,254807.2010429536,5802586.0,0.0,8.2240088E7,41703.89858012168,220238.352047705,6002397.0,0.0,1,0,0,0,24480,39460,14.84545391267038,23.92980438700871,0.0,1460.0,694.146966854285,640.2924395710949,409974.40817190416,0,0,0,1546,3197,0,0,0,1.0,694.3640913356271,110.38071895424837,1056.5048150025343,0,0,0,221889,267,36805,174,19300,281,297783,16213,62045,761,20,3.5552562E7,4.999767353478832E7,7.0906256E7,198868.0,5565384.5,335453.5783152417,5802586.0,5328183.0,1
192.168.1.4-192.168.1.5-49314-445-6,192.168.1.4,49314,192.168.1.5,445,6,01/01/1970 09:03:26 AM,102664801,4813,6127,719972.0,4908959.0,622.0,0.0,149.5890297111985,142.31383042476267,1460.0,0.0,801.2010771992803,598.0739491270036,54828.24634316488,106.56037798193366,9385.20897705462,164927.52334612972,1.1758374E7,0.0,1.02664801E8,21335.162302576948,248199.8550843526,1.1758374E7,0.0,1.02664296E8,16758.78158667973,225918.21574302635,1.1962628E7,0.0,0,0,0,0,96284,122552,46.880722050004266,59.67965593192939,0.0,1460.0,514.4804862444022,560.2192097630628,313845.56298755057,0,2,1,6978,10939,0,0,0,1.0,514.5275137111518,149.58902971119883,801.2010771992818,0,0,0,1125786,1867,75382,1203,179993,1531,1227239,8192,252,3471,20,3.9604232E7,5.566698417733808E7,7.8966734E7,241730.0,1.17269295E7,44469.238362040785,1.1758374E7,1.1695485E7,1
192.168.1.4-192.168.1.5-49273-445-6,192.168.1.4,49273,192.168.1.5,445,6,01/01/1970 09:03:25 AM,85759253,1192,1968,124388.0,2073606.0,526.0,0.0,104.35234899328871,118.28101283027995,1460.0,0.0,1053.6615853658552,563.9649816852881,25629.817461213195,36.84733587873019,27147.595125039574,192335.2287718942,9717933.0,0.0,8.5759253E7,72006.08984047011,308185.50656925346,9717933.0,0.0,8.5562094E7,43498.77681748856,254656.88744831982,9960540.0,0.0,1,0,0,0,23840,39360,13.899374799824807,22.947961078905387,0.0,1460.0,695.4400506168921,644.2167265663361,415015.19078784547,0,0,0,1470,3160,0,0,0,1.0,695.6601265822785,104.35234899328859,1053.6615853658536,0,0,0,244221,289,32457,170,17769,281,296229,16112,61559,723,20,7.5840881E7,0.0,7.5840881E7,7.5840881E7,9717933.0,0.0,9717933.0,9717933.0,1
192.168.1.4-192.168.1.5-49316-445-6,192.168.1.4,49316,192.168.1.5,445,6,01/01/1970 09:05:45 AM,107424836,4791,6077,721757.0,4883765.0,566.0,0.0,150.64850761845082,142.92504429018246,1460.0,0.0,803.6473588941909,596.8123668288218,52180.875565870076,101.16841137183584,9885.417870617457,120946.63179133071,5802949.0,0.0,1.07424836E8,22426.896868475906,181455.45319246693,5802949.0,0.0,1.0742441E8,17680.120144832104,170124.57522889588,6004988.0,0.0,0,0,0,0,95832,121552,44.59862521921839,56.569786152617446,0.0,1460.0,515.7348422117955,559.70554375813,313270.29571358406,0,2,1,6981,10867,0,0,0,1.0,515.7822966507177,150.64850761845128,803.6473588941913,0,0,0,560537,932,74779,684,103108,868,697680,8192,254,3473,20,2.107310675E7,4.170834131321554E7,8.3635616E7,201546.0,5782570.5,16315.950283898957,5802949.0,5766698.0,1
192.168.1.4-192.168.1.5-49273-445-6,192.168.1.4,49273,192.168.1.5,445,6,01/01/1970 09:05:45 AM,89958495,1248,2050,133790.0,2083698.0,526.0,0.0,107.20352564102569,123.1326089145242,1460.0,0.0,1016.4380487804897,583.6701639112732,24650.12337078338,36.661351437682455,27284.9545040946,250150.64319179583,1.2993139E7,0.0,8.9958495E7,72139.93183640734,402889.63628419535,1.2993139E7,0.0,8.9760504E7,43806.980966324954,329550.44650977355,1.3191691E7,0.0,1,0,0,0,24960,41000,13.873064461560856,22.7882869761216,0.0,1460.0,672.2582600788127,641.7830174352458,411885.441468289,0,0,0,1542,3298,0,0,0,1.0,672.4620982413584,107.20352564102564,1016.4380487804879,0,0,0,184698,222,37660,156,16723,256,260462,16329,61037,759,20,7.6764256E7,0.0,7.6764256E7,7.6764256E7,1.2993139E7,0.0,1.2993139E7,1.2993139E7,1
192.168.1.4-192.168.1.5-49318-445-6,192.168.1.4,49318,192.168.1.5,445,6,01/01/1970 09:08:08 AM,108578325,4753,6074,717904.0,4876258.0,622.0,0.0,151.04228908058082,142.35859433589192,1460.0,0.0,802.8083635166273,597.24327418431,51521.903658027506,99.71603448478321,10029.403750230924,120053.40041611555,5801002.0,0.0,1.08578325E8,22848.97411616152,180455.14129548258,5801002.0,0.0,1.08577876E8,17878.787419726672,168699.0995668709,6001622.0,0.0,0,0,0,0,95072,121492,43.774851011930785,55.94118347285243,0.0,1460.0,516.6385297377184,560.01384263636,313615.50394434173,0,2,1,6958,10826,0,0,0,1.0,516.6862473446015,151.04228908058067,802.8083635166282,0,0,0,932336,1549,69317,792,119650,1012,812709,8192,254,3462,20,2.136333775E7,4.228554464317064E7,8.4791649E7,200998.0,5780875.5,20672.463399411205,5801002.0,5751964.0,1
192.168.1.4-192.168.1.5-49273-445-6,192.168.1.4,49273,192.168.1.5,445,6,01/01/1970 09:08:08 AM,91346277,1217,1932,130980.0,2057426.0,526.0,0.0,107.62530813475777,123.21028351657482,1460.0,0.0,1064.9202898550732,553.9272292553715,23957.25443741949,34.47321668074113,29017.24174078782,201898.3058329887,1.0264729E7,0.0,9.1346277E7,75120.29358552636,319634.5543763349,1.0264729E7,0.0,9.1133535E7,47194.9948213361,270209.09124350996,1.0480258E7,0.0,1,0,0,0,24340,38640,13.322929406307386,21.150287274433747,0.0,1460.0,694.8247619047617,641.3738834143461,411360.45832599927,0,0,0,1499,3149,0,0,0,1.0,695.045411241664,107.6253081347576,1064.9202898550725,0,0,0,243094,290,30454,243,26196,386,411485,16265,60525,742,20,8.0867206E7,0.0,8.0867206E7,8.0867206E7,1.0264729E7,0.0,1.0264729E7,1.0264729E7,1
192.168.1.4-192.168.1.5-49320-445-6,192.168.1.4,49320,192.168.1.5,445,6,01/01/1970 09:10:33 AM,101719563,4701,6117,711314.0,4964859.0,558.0,0.0,151.3112103807697,141.75293137365472,1460.0,0.0,811.6493379107384,597.8901758125772,55802.17642106859,106.35122370708574,9403.675973005444,121549.49439749973,6320251.0,0.0,1.01719563E8,21642.460212766,183748.7621577852,6320251.0,0.0,1.01719168E8,16631.649444081133,170259.97764968735,6607651.0,0.0,0,0,0,0,94032,122352,46.21529882113237,60.13592488595336,0.0,1460.0,524.6485811997433,563.913108129779,317997.99352058774,0,2,1,6907,10817,0,0,0,1.0,524.6970789425033,151.31121038077004,811.6493379107405,0,0,0,709503,1164,79759,783,118552,1019,827476,8192,252,3436,20,1.9521903E7,3.858809762225929E7,7.7404038E7,210186.0,5907679.25,275698.0562600748,6320251.0,5743414.0,1
192.168.1.4-192.168.1.5-49273-445-6,192.168.1.4,49273,192.168.1.5,445,6,01/01/1970 09:10:32 AM,84776318,1161,1899,122784.0,2001594.0,494.0,0.0,105.75710594315245,117.51548505401013,1460.0,0.0,1054.0252764612965,561.0081832361436,25058.625452452416,36.09498586621797,27713.735861392594,208338.83880835076,1.0223501E7,0.0,8.4776318E7,73083.0327586208,333546.9265825293,1.0223501E7,0.0,8.4580066E7,44562.73234984194,275531.7817675868,1.0445939E7,0.0,1,0,0,0,23220,37980,13.69486228453564,22.400123581682326,0.0,1460.0,694.1097680496558,642.0515446490675,412230.18598625355,0,0,0,1458,3060,0,0,0,1.0,694.3366013071895,105.75710594315245,1054.0252764612953,0,0,0,265410,317,33649,145,15348,237,250199,16425,60045,717,20,7.4352965E7,0.0,7.4352965E7,7.4352965E7,1.0223501E7,0.0,1.0223501E7,1.0223501E7,1
192.168.1.4-192.168.1.5-49322-445-6,192.168.1.4,49322,192.168.1.5,445,6,01/01/1970 09:12:51 AM,102018416,4696,6011,712836.0,4830042.0,638.0,0.0,151.79642248722314,142.1392104223476,1460.0,0.0,803.5338545999007,596.3007007937795,54332.13156338361,104.9516393197087,9529.087988044057,122331.10661850753,5804361.0,0.0,1.02018416E8,21729.16208732697,184099.62549669846,5804361.0,0.0,1.02017926E8,16974.696505823624,170973.71680979538,6005304.0,0.0,0,0,0,0,93932,120232,46.0309048515319,58.9207344681768,0.0,1460.0,517.6389615240962,559.5196341487649,313062.2209979677,0,2,1,6917,10706,0,0,0,1.0,517.6873073690109,151.79642248722317,803.5338545999002,0,0,0,692841,1153,78690,670,101833,858,690006,8192,254,3441,20,1.9722181E7,3.900381643288941E7,7.8227902E7,200907.0,5781945.0,16492.92565516096,5804361.0,5767288.0,1
192.168.1.4-192.168.1.5-49273-445-6,192.168.1.4,49273,192.168.1.5,445,6,01/01/1970 09:12:50 AM,78693109,1262,2084,139756.0,2169418.0,526.0,0.0,110.74167987321701,127.08860262213219,1460.0,0.0,1040.987523992324,570.9778633533618,29344.043326589115,42.51960613222182,23525.593124065825,137116.9385245661,6282397.0,0.0,7.8693109E7,62405.320380650366,217954.4776793026,6282397.0,0.0,7.8491631E7,37682.0120019203,186905.15118014216,6495128.0,0.0,1,0,0,0,25240,41680,16.03698234873399,26.482623783487824,0.0,1460.0,690.0107559008057,642.1628719400262,412373.15409826254,0,0,0,1566,3346,0,0,0,1.0,690.2169754931261,110.74167987321711,1040.9875239923224,0,0,0,288577,343,36732,420,46585,694,723139,16425,59499,776,20,7.2208157E7,0.0,7.2208157E7,7.2208157E7,6282397.0,0.0,6282397.0,6282397.0,1
192.168.1.4-192.168.1.5-49324-445-6,192.168.1.4,49324,192.168.1.5,445,6,01/01/1970 09:15:07 AM,103964473,4705,6065,712650.0,4966110.0,630.0,0.0,151.46652497343302,141.86029507965134,1460.0,0.0,818.8145094806257,595.4636381127788,54622.1207700442,103.59308030157571,9654.050793945587,135557.88653735726,8662051.0,0.0,1.03964473E8,22101.291028911583,204487.81040362595,8662051.0,0.0,1.03964048E8,17144.46701846965,188855.7304595812,8875815.0,0.0,0,0,0,0,94112,121312,45.25584427287964,58.337236028696076,0.0,1460.0,527.2268127379078,563.9338639138065,318021.4028687556,0,2,1,6924,10769,0,0,0,1.0,527.2757660167131,151.4665249734325,818.8145094806265,0,0,0,567861,933,82343,784,118775,1010,827685,8192,254,3445,20,1.949449175E7,3.854022749542972E7,7.7304829E7,211934.0,6496205.0,1443986.0470371589,8662051.0,5751884.0,1
192.168.1.4-192.168.1.5-49273-445-6,192.168.1.4,49273,192.168.1.5,445,6,01/01/1970 09:15:06 AM,86706061,1243,1978,138746.0,2099479.0,526.0,0.0,111.62188254223649,128.09842445739167,1460.0,0.0,1061.415065722951,554.6339673601333,25813.939350791174,37.14849876527086,26927.348136646007,172531.34253380686,5791027.0,0.0,8.6706061E7,69811.64331723028,272476.0038687997,5791027.0,0.0,8.6499775E7,43753.047546788126,236989.80926867336,6003987.0,0.0,1,0,0,0,24860,39560,14.335791358345755,22.812707406925103,0.0,1460.0,694.7600869025442,639.5098163432455,408972.8051993716,0,0,0,1562,3221,0,0,0,1.0,694.9757839180379,111.62188254223652,1061.4150657229525,0,0,0,248569,299,35692,155,17343,247,262434,16425,58957,769,20,3.7478527E7,5.269632535198334E7,7.4740456E7,216598.0,5769931.0,29834.249311822812,5791027.0,5748835.0,1
192.168.1.4-192.168.1.5-49326-445-6,192.168.1.4,49326,192.168.1.5,445,6,01/01/1970 09:17:25 AM,104233768,4742,6185,715666.0,5040746.0,630.0,0.0,150.92070856178827,141.77416096020835,1460.0,0.0,814.9953112368647,598.2788723753025,55225.98012574965,104.83167028942098,9539.97510525346,120061.43354525554,5804462.0,0.0,1.04233768E8,21985.608099557045,181579.4650612064,5804462.0,0.0,1.04233423E8,16855.340071151415,167966.0151725948,6005164.0,0.0,0,0,0,0,94852,123712,45.493894070873466,59.337776218547525,0.0,1460.0,526.7580527086374,565.3695961897166,319642.7802957232,0,2,1,6953,10926,0,0,0,1.0,526.8062597236204,150.92070856178827,814.9953112368634,0,0,0,523211,854,83981,592,89458,773,630093,8192,252,3459,20,2.0271893E7,4.0114301515902E7,8.0443342E7,200998.0,5786094.75,13074.395852836584,5804462.0,5773491.0,1
192.168.1.4-192.168.1.5-49273-445-6,192.168.1.4,49273,192.168.1.5,445,6,01/01/1970 09:17:24 AM,86929474,1262,2018,136428.0,2094453.0,526.0,0.0,108.10459587955637,124.88117172981744,1460.0,0.0,1037.8855302279474,570.9114921403744,25663.113985942215,37.731736418881354,26510.971027752355,171358.60346273985,5786488.0,0.0,8.6929474E7,68936.9341792229,271172.69438881305,5786488.0,0.0,8.6732902E7,43000.94298463061,232262.58374795766,5991564.0,0.0,1,0,0,0,25240,40360,14.517515658728131,23.214220760153225,0.0,1460.0,679.9734836939958,641.2245199361947,411168.8849674034,0,0,0,1558,3280,0,0,0,1.0,680.1807926829268,108.10459587955626,1037.8855302279485,0,0,0,202757,244,35764,180,19489,288,299207,16201,58424,767,20,3.75918885E7,5.286502476651848E7,7.4973106E7,210671.0,5773771.5,17983.846765917464,5786488.0,5761055.0,1
192.168.1.4-192.168.1.5-49332-445-6,192.168.1.4,49332,192.168.1.5,445,6,01/01/1970 09:19:44 AM,103308221,4731,6137,714664.0,4976406.0,654.0,0.0,151.05981822024978,142.3167952329561,1460.0,0.0,810.8857748085384,598.0543528407628,55088.25865852438,105.19975946541562,9506.599889573909,121787.4713256183,5818298.0,0.0,1.03308221E8,21841.06152219874,183929.83875866342,5818298.0,0.0,1.03307776E8,16836.338983050762,169811.557839575,6013980.0,0.0,0,0,0,0,94632,122752,45.795000186867995,59.40475927854764,0.0,1460.0,523.6056674947087,563.7363633197124,317798.6873289348,0,2,1,6933,10867,0,0,0,1.0,523.6538461538462,151.0598182202494,810.8857748085384,0,0,0,569092,934,81681,675,102094,876,710915,8192,255,3448,20,2.004161425E7,3.964440844146526E7,7.9508222E7,196737.0,5785068.25,29383.643515568318,5818298.0,5751545.0,1
192.168.1.4-192.168.1.5-49273-445-6,192.168.1.4,49273,192.168.1.5,445,6,01/01/1970 09:19:43 AM,86018062,1306,2251,142622.0,2361246.0,526.0,0.0,109.20520673813172,127.27491891320679,1460.0,0.0,1048.976454908933,572.3602500958876,29108.630696655313,41.3517802807508,24189.55624296967,228639.5642441385,1.2213524E7,0.0,8.6018062E7,65914.22375478919,373895.7118890677,1.2213524E7,0.0,8.5818853E7,38141.71244444451,297777.8067365635,1.2437218E7,0.0,1,0,0,0,26120,45020,15.182857758408925,26.168922522341877,0.0,1460.0,703.8111298482303,646.8555144161458,418422.0565305765,0,0,0,1602,3557,0,0,0,1.0,704.0089963452348,109.2052067381317,1048.9764549089293,0,0,0,278085,323,42742,145,15846,250,262360,16073,57867,791,20,7.3596068E7,0.0,7.3596068E7,7.3596068E7,1.2213524E7,0.0,1.2213524E7,1.2213524E7,1
192.168.1.4-192.168.1.5-49334-445-6,192.168.1.4,49334,192.168.1.5,445,6,01/01/1970 09:22:01 AM,103873235,4741,6130,714154.0,4966731.0,646.0,0.0,150.63362159881873,142.58386428548496,1460.0,0.0,810.2334420880901,598.278951268945,54690.55623424071,104.65641124973148,9555.95538178474,116793.44178547253,5801670.0,0.0,1.03873235E8,21914.184599156175,176164.52383346038,5801670.0,0.0,1.03854121E8,16944.708924783798,163001.3751879654,6000677.0,0.0,0,0,0,0,94832,122612,45.64217144098767,59.0142398087438,0.0,1460.0,522.5243745401041,563.6353390879121,317684.7954687457,0,2,1,6919,10870,0,0,0,1.0,522.5724404378622,150.63362159881882,810.2334420880914,0,0,0,710092,1165,76238,790,119025,1021,827788,8192,251,3442,20,2.031187825E7,4.019277243769627E7,8.0601028E7,199227.0,5655928.5,259908.84151371228,5801670.0,5267526.0,1
192.168.1.4-192.168.1.5-49273-445-6,192.168.1.4,49273,192.168.1.5,445,6,01/01/1970 09:22:01 AM,80646728,1197,1949,122884.0,2072358.0,526.0,0.0,102.65998329156237,116.39496612021847,1460.0,0.0,1063.2929707542346,557.4834974738694,27220.471982446703,39.00964215187999,25642.838791732887,115180.83926720679,4422169.0,0.0,8.0646728E7,67430.3745819397,179245.67606705296,4422169.0,0.0,8.0439141E7,41293.19353182747,161319.5945565323,4703560.0,0.0,1,0,0,0,23940,38980,14.842511651557643,24.167130500322344,0.0,1460.0,697.6593581188442,644.3325402210901,415164.42238776264,0,0,0,1462,3146,0,0,0,1.0,697.8811188811189,102.65998329156224,1063.292970754233,0,0,0,219524,259,32973,171,17554,278,296051,16066,57387,719,20,0,0,0,0,0,0,0,0,1
192.168.1.4-192.168.1.5-49336-445-6,192.168.1.4,49336,192.168.1.5,445,6,01/01/1970 09:24:22 AM,100992672,4747,6076,713941.0,4863250.0,556.0,0.0,150.39835685696244,141.38939255120036,1460.0,0.0,800.4032258064494,597.8165891430363,55223.719598190255,107.16619122623075,9332.163370911117,121161.14901429584,6040247.0,0.0,1.00992672E8,21279.534766118828,182340.9435705632,6040247.0,0.0,1.00991704E8,16624.148806584366,170007.09632575393,6252068.0,0.0,0,0,0,0,94952,121532,47.003410306838894,60.16278091939186,0.0,1460.0,515.2615484109382,559.8449403662306,313426.35725366836,0,2,1,6953,10822,0,0,0,1.0,515.3091564261296,150.3983568569623,800.4032258064516,0,0,0,697130,1160,78979,678,101991,868,694750,8192,256,3459,20,1.940285525E7,3.836875517313323E7,7.6955979E7,197190.0,5844673.0,131612.73435601385,6040247.0,5755977.0,1
192.168.1.4-192.168.1.5-49273-445-6,192.168.1.4,49273,192.168.1.5,445,6,01/01/1970 09:24:22 AM,83564518,1230,1998,134030.0,2082929.0,526.0,0.0,108.9674796747966,126.40450876691277,1460.0,0.0,1042.507007007005,568.7996970322392,26529.908303904773,38.62883526714053,25895.4192748683,157488.42092878508,5802021.0,0.0,8.3564518E7,67993.9121236778,249654.13946497827,5802021.0,55.0,8.3359249E7,41742.23785678513,215386.08572000565,6001322.0,10.0,1,0,0,0,24600,39960,14.71916585457957,23.909669412560962,0.0,1460.0,686.6680086714157,641.7370131795915,411826.3940846632,0,0,0,1516,3228,0,0,0,1.0,686.8807311028501,108.96747967479675,1042.507007007007,0,0,0,221640,264,35827,153,16753,249,260366,16287,56864,746,20,7.7547918E7,0.0,7.7547918E7,7.7547918E7,5802021.0,0.0,5802021.0,5802021.0,1
192.168.1.4-192.168.1.5-49338-445-6,192.168.1.4,49338,192.168.1.5,445,6,01/01/1970 09:26:40 AM,101323959,4810,6139,725756.0,4920143.0,654.0,0.0,150.88482328482291,143.12236321764934,1460.0,0.0,801.456751913992,598.0775336667498,55721.26331936951,108.0593386604643,9255.02000365366,122927.05178506063,6727620.0,0.0,1.01323959E8,21069.65252651283,184853.4552133042,6727620.0,0.0,1.0132353E8,16507.580645161313,172357.74053652727,6929765.0,0.0,0,0,0,0,96212,122792,47.471496845084786,60.58784181537952,0.0,1460.0,515.6072146118703,560.1765140399139,313797.72688190977,0,2,1,7013,10948,0,0,0,1.0,515.6543063293451,150.88482328482328,801.4567519139925,0,0,0,627306,1041,81464,687,103679,877,702877,8192,256,3489,20,1.93135145E7,3.818985968637544E7,7.6598303E7,210737.0,6016907.25,473889.8254752012,6727620.0,5767628.0,1
192.168.1.4-192.168.1.5-49273-445-6,192.168.1.4,49273,192.168.1.5,445,6,01/01/1970 09:26:39 AM,84416371,1159,1853,121054.0,1979762.0,486.0,0.0,104.44693701466772,116.07973439846995,1460.0,0.0,1068.4090663788445,550.3653704564537,24886.35764738098,35.68028291573918,28035.991697110643,210530.9513541591,1.0720696E7,0.0,8.4416371E7,72898.42055267701,334795.1458900611,1.0720696E7,0.0,8.4204021E7,45466.53401727861,279750.7553070962,1.0962886E7,0.0,1,0,0,0,23180,37060,13.729564375611456,21.95071854012772,0.0,1460.0,697.3474941918339,641.4470255431963,411454.28657821397,0,0,0,1446,3012,0,0,0,1.0,697.5790172642762,104.44693701466781,1068.4090663788452,0,0,0,262602,314,31609,289,30263,463,494940,16031,56391,711,20,7.3479191E7,0.0,7.3479191E7,7.3479191E7,1.0720696E7,0.0,1.0720696E7,1.0720696E7,1
192.168.1.4-192.168.1.5-49340-445-6,192.168.1.4,49340,192.168.1.5,445,6,01/01/1970 09:28:57 AM,102137194,4769,6248,718062.0,5125720.0,556.0,0.0,150.56867267770966,141.6203686221071,1460.0,0.0,820.377720870679,598.4413344910234,57215.02394122948,107.86472164097245,9271.713326071154,143252.26596198048,1.1767785E7,0.0,1.02137194E8,21421.391359060417,217202.1510215979,1.1767785E7,0.0,1.02136758E8,16349.729149991985,196615.44574459008,1.1966839E7,0.0,0,0,0,0,95392,124972,46.69209925622198,61.17262238475046,0.0,1460.0,530.3850063532412,567.3780645169843,321917.86809503916,0,2,1,6983,11016,0,0,0,1.0,530.4331487700827,150.56867267771023,820.3777208706787,0,0,0,834826,1356,79782,953,143612,1249,1025144,8192,256,3474,20,2.6262625333333336E7,4.511110795819187E7,7.8352445E7,208967.0,7782511.333333333,3451348.541588104,1.1767785E7,5788423.0,1
192.168.1.4-192.168.1.5-49273-445-6,192.168.1.4,49273,192.168.1.5,445,6,01/01/1970 09:28:56 AM,84999560,1185,1970,127644.0,2046497.0,526.0,0.0,107.71645569620259,121.84452574343874,1460.0,0.0,1038.8309644670057,571.6381780088002,25578.2618168847,37.117839198226434,26949.765377298703,210026.3635081182,1.0787159E7,0.0,8.499956E7,71790.16891891885,338229.0364910447,1.0787159E7,0.0,8.4789069E7,43061.99542915178,276290.53094581,1.1025201E7,0.0,1,0,0,0,23700,39400,13.941248637051768,23.17659056117467,0.0,1460.0,688.9838403041831,642.5578299837981,412880.56487348763,0,0,0,1480,3155,0,0,0,1.0,689.2022187004754,107.71645569620253,1038.830964467005,0,0,0,241571,288,32963,169,18234,281,292356,16287,55892,728,20,7.3999267E7,0.0,7.3999267E7,7.3999267E7,1.0787159E7,0.0,1.0787159E7,1.0787159E7,1
192.168.1.4-192.168.1.5-49342-445-6,192.168.1.4,49342,192.168.1.5,445,6,01/01/1970 09:31:14 AM,102452367,4811,6276,720454.0,5126839.0,556.0,0.0,149.75140303471252,142.2968323559975,1460.0,0.0,816.8959528361995,599.5243736419644,57073.28362652666,108.21614301990701,9241.599043839075,155356.1262187432,1.1754694E7,0.0,1.02452367E8,21299.868399168477,235356.5638845072,1.1754694E7,0.0,1.02451896E8,16326.995378485999,211890.71689007623,1.1956634E7,0.0,0,0,0,0,96232,125532,46.95840751048729,61.25773550941971,0.0,1460.0,527.3532647907621,567.0684087944894,321566.58025271416,0,2,1,6987,11086,0,0,0,1.0,527.4008298006675,149.75140303471213,816.8959528362014,0,0,0,649699,1055,81175,801,120075,1046,854473,8192,255,3476,20,4.0219224E7,5.653398901495434E7,8.0194791E7,243657.0,1.10057625E7,1059149.0845884257,1.1754694E7,1.0256831E7,1
192.168.1.4-192.168.1.5-49273-445-6,192.168.1.4,49273,192.168.1.5,445,6,01/01/1970 09:31:14 AM,91171045,1202,2035,125446.0,2139912.0,526.0,0.0,104.36439267886857,118.63361827008546,1460.0,0.0,1051.5538083538086,568.2075349568179,24847.34051254979,35.50469340348133,28173.994128553797,193751.95105475347,8086585.0,0.0,9.1171045E7,75912.61032472925,312526.7145551022,8086585.0,0.0,9.0966663E7,44723.03982300895,257503.69281167546,8294555.0,0.0,1,0,0,0,24040,40700,13.184010340124981,22.320683063356352,0.0,1460.0,699.7066090179128,646.2073782314343,417583.9756807439,0,0,0,1482,3237,0,0,0,1.0,699.9227679950571,104.36439267886855,1051.5538083538083,0,0,0,283082,332,32830,171,17920,290,305701,16172,55402,729,20,3.85341655E7,5.4210896458489895E7,7.6867058E7,201273.0,6944163.5,1615627.9792466147,8086585.0,5801742.0,1
192.168.1.4-192.168.1.5-49344-445-6,192.168.1.4,49344,192.168.1.5,445,6,01/01/1970 09:33:35 AM,105761921,4745,6138,716063.0,4978026.0,630.0,0.0,150.90895679662842,142.11012660523357,1460.0,0.0,811.0175953079176,597.7489684213346,53838.74409769845,102.90092972119899,9718.978220915225,147570.91884274886,1.1787032E7,0.0,1.05761921E8,22293.828204047255,222942.32739366707,1.1787032E7,0.0,1.05761543E8,17233.42724458204,202662.78260875357,1.1990617E7,0.0,0,0,0,0,94912,122772,44.864918820829665,58.03601090036933,0.0,1460.0,523.1614296214599,563.4409535263181,317465.70811064664,0,2,1,6961,10882,0,0,0,1.0,523.209501056694,150.90895679662802,811.0175953079179,0,0,0,632676,1041,78424,677,102294,876,711146,8192,252,3463,20,2.7475879E7,4.719534184246701E7,8.1972363E7,212962.0,7777279.666666667,3472585.5335772987,1.1787032E7,5756126.0,1
192.168.1.4-192.168.1.5-49273-445-6,192.168.1.4,49273,192.168.1.5,445,6,01/01/1970 09:33:35 AM,88558337,1184,1893,127548.0,2046009.0,526.0,0.0,107.72635135135134,122.99854419771509,1460.0,0.0,1080.8288431061826,542.9194516164753,24543.787447137813,34.745458239578284,28790.096553966137,182184.15924868456,6680622.0,0.0,8.8558337E7,74859.11834319525,288030.25708642474,6680622.0,0.0,8.8361393E7,46702.63900634245,248395.10082741172,6929645.0,0.0,1,0,0,0,23680,37860,13.369718087637532,21.37574015194075,0.0,1460.0,706.2537361923311,641.3110421036681,411279.85272409284,0,0,0,1468,3077,0,0,0,1.0,706.483262918427,107.72635135135135,1080.8288431061806,0,0,0,217300,257,33256,296,31887,473,511502,16020,54904,722,20,3.7946975E7,5.3361681720381506E7,7.5679382E7,214568.0,6231663.0,634923.9067494624,6680622.0,5782704.0,1
192.168.1.4-192.168.1.5-49346-445-6,192.168.1.4,49346,192.168.1.5,445,6,01/01/1970 09:35:54 AM,104585060,4751,6172,715844.0,5032675.0,646.0,0.0,150.67227952010114,142.4071366774727,1460.0,0.0,815.4042449773174,598.1079372382468,54965.01125495362,104.44130356668533,9575.632668009499,122642.39348830588,5800803.0,0.0,1.0458506E8,22017.90736842104,185270.40931391102,5800803.0,0.0,1.04584634E8,16947.76114081997,171230.77305266124,6000265.0,0.0,0,0,0,0,95032,123452,45.42713844596924,59.01416512071609,0.0,1460.0,526.2283961918688,565.2829885959455,319544.8571959639,0,2,1,6939,10922,0,0,0,1.0,526.276572370228,150.67227952010103,815.4042449773169,0,0,0,638708,1042,81364,527,79538,685,559186,8192,256,3452,20,2.03628005E7,4.028997879228341E7,8.0797765E7,198340.0,5782849.75,16015.410627996307,5800803.0,5768702.0,1
192.168.1.4-192.168.1.5-49273-445-6,192.168.1.4,49273,192.168.1.5,445,6,01/01/1970 09:35:54 AM,87369586,1166,1868,122542.0,1981010.0,494.0,0.0,105.09605488850778,117.84014502033739,1460.0,0.0,1060.4978586723773,555.3841034866738,24076.478970611122,34.72604299624357,28806.325750082444,224157.60357296947,1.1199432E7,0.0,8.7369586E7,74995.35278969981,357098.49977968074,1.1199432E7,0.0,8.7159241E7,46684.11408677027,298762.7605219697,1.1459138E7,0.0,1,0,0,0,23320,37360,13.345605185767964,21.380437810475605,0.0,1460.0,693.1940691927517,641.2293315194947,411175.05560093815,0,0,0,1454,3034,0,0,0,1.0,693.4225444957152,105.09605488850772,1060.4978586723769,0,0,0,233666,280,32474,166,17506,266,283001,16044,54425,715,20,7.5957336E7,0.0,7.5957336E7,7.5957336E7,1.1199432E7,0.0,1.1199432E7,1.1199432E7,1
192.168.1.4-192.168.1.5-49348-445-6,192.168.1.4,49348,192.168.1.5,445,6,01/01/1970 09:38:14 AM,96631951,4767,6190,721090.0,5046440.0,622.0,0.0,151.26704426263922,142.46139205967876,1460.0,0.0,815.2568659127601,597.6844127362335,59685.53817153086,113.3889969788564,8820.002829499848,163438.01292407265,1.1753074E7,0.0,9.6631951E7,20275.272975241216,247390.33437870003,1.1753074E7,0.0,9.6631452E7,15613.419292292765,223047.1228654216,1.1956418E7,0.0,0,0,0,0,95352,123812,49.331509409346396,64.05748756951,0.0,1460.0,526.3305347691174,564.793965846993,318992.2238571744,0,2,1,6999,10956,0,0,0,1.0,526.3785707766724,151.267044262639,815.2568659127625,0,0,0,961255,1575,84901,1191,180272,1547,1261610,8192,255,3482,20,3.66398685E7,5.1465729743014865E7,7.3031635E7,248102.0,1.16741545E7,111609.02723570347,1.1753074E7,1.1595235E7,1
192.168.1.4-192.168.1.5-49273-445-6,192.168.1.4,49273,192.168.1.5,445,6,01/01/1970 09:38:13 AM,85775795,1287,2195,142404.0,2361285.0,526.0,0.0,110.64801864801858,128.83050806195698,1460.0,0.0,1075.7562642368996,554.7253521499192,29188.758903371283,40.59420259526595,24641.136167767843,169062.09748383166,5794795.0,0.0,8.5775795E7,66699.68506998451,273193.4548713044,5794795.0,0.0,8.5572031E7,39002.74886052875,227753.23131079643,6004605.0,0.0,1,0,0,0,25740,43900,15.00423283748055,25.589969757785397,0.0,1460.0,718.9150157909861,645.8327194009194,417099.9014487866,0,0,0,1586,3482,0,0,0,1.0,719.1214819069501,110.64801864801865,1075.756264236902,0,0,0,208548,241,42541,143,15822,243,262365,16383,53869,781,20,3.70263905E7,5.206073605775278E7,7.383889E7,213891.0,5759136.0,50429.441420662195,5794795.0,5723477.0,1
192.168.1.4-192.168.1.5-49354-445-6,192.168.1.4,49354,192.168.1.5,445,6,01/01/1970 09:40:28 AM,101313365,4715,6056,714703.0,4902157.0,598.0,0.0,151.58069989395523,142.40233092592803,1460.0,0.0,809.4711030383078,596.5369940682604,55440.464345449385,106.31371290451166,9406.997678737174,139512.84881530932,1.1759831E7,0.0,1.01313365E8,21492.01633432326,210313.90705864612,1.1759831E7,0.0,1.01312834E8,16732.094797687856,192121.49911165272,1.1963115E7,0.0,0,0,0,0,94312,121132,46.538776004528124,59.77493689998353,0.0,1460.0,521.431489045676,561.6719113820362,315475.33603554993,0,2,1,6925,10770,0,0,0,1.0,521.4798997307586,151.58069989395545,809.4711030383091,0,0,0,702107,1161,76721,785,119117,1009,817026,8192,253,3445,20,4.18774365E7,5.888332796092287E7,8.3514237E7,240636.0,8774937.5,4221276.869939296,1.1759831E7,5790044.0,1
192.168.1.4-192.168.1.5-49273-445-6,192.168.1.4,49273,192.168.1.5,445,6,01/01/1970 09:40:27 AM,89880099,1184,1857,124914.0,1956206.0,518.0,0.0,105.5016891891891,119.18590434388699,1460.0,0.0,1053.422724824988,558.2829950528686,23154.402622542726,33.83396362302627,29565.822039473707,174623.94872576918,5802470.0,0.0,8.9880099E7,75976.41504649202,273756.84558609326,5802470.0,0.0,8.96757E7,48316.648706896594,238204.70260567527,6001473.0,0.0,1,0,0,0,23680,37140,13.173105205413714,20.660858417612555,0.0,1460.0,684.2248520710061,639.8743824540933,409439.2253210072,0,0,0,1472,3041,0,0,0,1.0,684.449852022361,105.5016891891892,1053.4227248249865,0,0,0,160043,194,32469,131,13879,206,217356,16223,53381,724,20,3.9116676E7,5.503482222967593E7,7.8032172E7,201180.0,5716821.5,121125.27029691203,5802470.0,5631173.0,1
192.168.1.4-192.168.1.5-49356-445-6,192.168.1.4,49356,192.168.1.5,445,6,01/01/1970 09:42:48 AM,105353076,4730,6080,711655.0,4899037.0,630.0,0.0,150.45560253699787,142.0822384459832,1460.0,0.0,805.7626644736849,597.8441408925994,53256.08148356295,102.60735054380378,9746.792117679712,114203.16852832724,5803264.0,0.0,1.05353076E8,22278.08754493556,171912.48396036314,5803264.0,0.0,1.05352637E8,17330.586774140484,159784.48485541187,6005176.0,0.0,0,0,0,0,94612,121612,44.89664829529989,57.71070224850388,0.0,1460.0,518.9799278512627,561.7226698972025,315532.35787644156,0,2,1,6905,10809,0,0,0,1.0,519.0279370952821,150.45560253699787,805.7626644736843,0,0,0,935091,1544,70735,788,118609,1013,816506,8192,255,3435,20,2.9331976333333336E7,5.041648863377381E7,8.7547917E7,201304.0,5785015.666666667,31255.230639579884,5803264.0,5748926.0,1
192.168.1.4-192.168.1.5-49273-445-6,192.168.1.4,49273,192.168.1.5,445,6,01/01/1970 09:42:47 AM,82177696,1380,2312,157388.0,2415522.0,526.0,0.0,114.04927536231897,134.17405775045938,1460.0,0.0,1044.775951557091,570.8499549910911,31309.10362831297,44.92703226919382,22264.34462205355,99968.14510727963,2894832.0,0.0,8.2177696E7,59592.23785351709,156795.93582429353,2894832.0,0.0,8.1947092E7,35459.581133708314,141030.80427824962,2895453.0,0.0,1,0,0,0,27600,46240,16.792877717087617,28.134154552106207,0.0,1460.0,696.778229082048,643.0463785824636,413508.64500802103,0,0,0,1716,3692,0,0,0,1.0,696.9669555796316,114.04927536231884,1044.7759515570933,0,0,0,285818,338,37730,197,22484,330,345074,16351,52766,846,20,0,0,0,0,0,0,0,0,1
192.168.1.4-192.168.1.5-49358-445-6,192.168.1.4,49358,192.168.1.5,445,6,01/01/1970 09:45:11 AM,82369252,4649,6000,707951.0,4851108.0,556.0,0.0,152.28027532802759,142.89069535076217,1460.0,0.0,808.518,596.7729738683913,67489.492316866,129.28367978866677,7735.65477084897,69960.29904660648,5770904.0,0.0,8.2369252E7,17721.439759036162,105152.10853948575,5770904.0,0.0,8.2166216E7,13696.652108684817,100762.14910481956,5987828.0,0.0,0,0,0,0,92992,120012,56.440964159781366,72.8427156288854,0.0,1460.0,521.9773708920168,561.687686983884,315493.0577093056,0,2,0,6795,10648,0,0,0,1.0,522.0263874542211,152.28027532802753,808.518,0,0,0,1111811,1825,77488,2324,353975,3000,2425554,8192,253,3377,20,7.638466E7,0.0,7.638466E7,7.638466E7,5770904.0,0.0,5770904.0,5770904.0,1
192.168.1.4-192.168.1.5-49273-445-6,192.168.1.4,49273,192.168.1.5,445,6,01/01/1970 09:45:10 AM,83101823,1224,2003,132384.0,2079906.0,526.0,0.0,108.15686274509798,123.73213055932466,1460.0,0.0,1038.3954068896655,571.5066041790345,26621.437654863483,38.83187977717408,25760.019528828227,203312.5792480658,9909593.0,0.0,8.3101823E7,67949.16026165173,325987.8406873416,9909593.0,0.0,8.289664E7,41406.91308691313,269887.578854662,1.0119589E7,0.0,1,0,0,0,24480,40060,14.728918762708732,24.10296101446535,0.0,1460.0,685.4343246592308,642.0366805620353,412211.09918711695,0,0,0,1512,3227,0,0,0,1.0,685.6467307096374,108.15686274509804,1038.3954068896655,0,0,0,201016,239,39280,174,18912,286,297129,16172,52249,748,20,7.2982965E7,0.0,7.2982965E7,7.2982965E7,9909593.0,0.0,9909593.0,9909593.0,1
