Flow ID,Src IP,Src Port,Dst IP,Dst Port,Protocol,Timestamp,Flow Duration,Total Fwd Packet,Total Bwd packets,Total Length of Fwd Packet,Total Length of Bwd Packet,Fwd Packet Length Max,Fwd Packet Length Min,Fwd Packet Length Mean,Fwd Packet Length Std,Bwd Packet Length Max,Bwd Packet Length Min,Bwd Packet Length Mean,Bwd Packet Length Std,Flow Bytes/s,Flow Packets/s,Flow IAT Mean,Flow IAT Std,Flow IAT Max,Flow IAT Min,Fwd IAT Total,Fwd IAT Mean,Fwd IAT Std,Fwd IAT Max,Fwd IAT Min,Bwd IAT Total,Bwd IAT Mean,Bwd IAT Std,Bwd IAT Max,Bwd IAT Min,Fwd PSH Flags,Bwd PSH Flags,Fwd URG Flags,Bwd URG Flags,Fwd Header Length,Bwd Header Length,Fwd Packets/s,Bwd Packets/s,Packet Length Min,Packet Length Max,Packet Length Mean,Packet Length Std,Packet Length Variance,FIN Flag Count,SYN Flag Count,RST Flag Count,PSH Flag Count,ACK Flag Count,URG Flag Count,CWR Flag Count,ECE Flag Count,Down/Up Ratio,Average Packet Size,Fwd Segment Size Avg,Bwd Segment Size Avg,Fwd Bytes/Bulk Avg,Fwd Packet/Bulk Avg,Fwd Bulk Rate Avg,Bwd Bytes/Bulk Avg,Bwd Packet/Bulk Avg,Bwd Bulk Rate Avg,Subflow Fwd Packets,Subflow Fwd Bytes,Subflow Bwd Packets,Subflow Bwd Bytes,FWD Init Win Bytes,Bwd Init Win Bytes,Fwd Act Data Pkts,Fwd Seg Size Min,Active Mean,Active Std,Active Max,Active Min,Idle Mean,Idle Std,Idle Max,Idle Min,Label
192.168.1.4-192.168.1.5-49252-5357-6,192.168.1.4,49252,192.168.1.5,5357,6,01/01/1970 08:00:16 AM,10283,6,11,952.0,13081.0,733.0,0.0,158.66666666666669,294.686047628093,1460.0,0.0,1189.1818181818182,588.2103056189712,1364679.5682193912,1653.2140425945736,642.6875,1428.3255333314835,5112.0,13.0,10085.0,2017.0,2220.39196990081,5112.0,409.0,9982.0,998.2,1988.6858754240477,5893.0,13.0,0,0,0,0,132,232,583.4873091510259,1069.7267334435476,0.0,1460.0,779.6111111111111,713.7542944252298,509445.19281045755,1,2,0,3,16,0,0,0,1.0,825.4705882352941,158.66666666666666,1189.1818181818182,0,0,0,14033,11,2952451,0,0,0,0,8192,256,2,20,0,0,0,0,0,0,0,0,1
192.168.1.4-192.168.1.5-49253-5357-6,192.168.1.4,49253,192.168.1.5,5357,6,01/01/1970 08:00:18 AM,7653,6,11,952.0,13081.0,733.0,0.0,158.66666666666669,294.686047628093,1460.0,0.0,1189.1818181818182,588.2103056189712,1833660.0026133542,2221.3511041421666,478.31249999999994,995.8258695675665,3192.0,12.0,7357.0,1471.4,1634.6167134836228,3397.0,138.0,7236.0,723.6,1291.9910732405751,3448.0,12.0,0,0,0,0,132,232,784.0062720501764,1437.3448320919902,0.0,1460.0,779.6111111111111,713.7542944252298,509445.19281045755,1,2,0,3,16,0,0,0,1.0,825.4705882352941,158.66666666666666,1189.1818181818182,0,0,0,14033,11,2022337,0,0,0,0,8192,256,2,20,0,0,0,0,0,0,0,0,1
192.168.1.5-192.168.1.4-49252-2869-6,192.168.1.5,49252,192.168.1.4,2869,6,01/01/1970 08:00:20 AM,5660,4,6,308.0,5895.0,308.0,0.0,77.0,154.0,1460.0,0.0,982.5,681.1489558092268,1095936.3957597173,1766.7844522968198,628.8888888888889,1044.1627560448183,2837.0,0.0,5540.0,1846.6666666666667,1604.2575645242673,3080.0,33.0,5417.0,1083.4,2130.4033186230254,4887.0,0.0,0,0,0,0,88,128,706.7137809187279,1060.070671378092,0.0,1460.0,563.9090909090909,686.1918761608089,470859.29090909084,1,2,0,3,9,0,0,0,1.0,620.3,77.0,982.5,0,0,0,6203,6,2435414,0,0,0,0,8192,64240,1,20,0,0,0,0,0,0,0,0,1
192.168.1.4-192.168.1.5-49256-5357-6,192.168.1.4,49256,192.168.1.5,5357,6,01/01/1970 08:00:21 AM,6799,6,11,952.0,13081.0,733.0,0.0,158.66666666666669,294.686047628093,1460.0,0.0,1189.1818181818182,588.2103056189712,2063979.9970583909,2500.3677011325194,424.9375,1103.0722230056683,4535.0,17.0,6288.0,1257.6,2069.1544891573467,4954.0,190.0,6501.0,650.1,1393.5036937318985,4535.0,17.0,0,0,0,0,132,232,882.4827180467715,1617.8849830857478,0.0,1460.0,779.6111111111111,713.7542944252298,509445.19281045755,1,2,0,3,16,0,0,0,1.0,825.4705882352941,158.66666666666666,1189.1818181818182,0,0,0,14033,11,2303134,0,0,0,0,8192,256,2,20,0,0,0,0,0,0,0,0,1
192.168.1.4-192.168.1.5-49257-2869-6,192.168.1.4,49257,192.168.1.5,2869,6,01/01/1970 08:00:26 AM,4168,4,6,308.0,5895.0,308.0,0.0,77.0,154.0,1460.0,0.0,982.5,681.1489558092268,1488243.7619961612,2399.232245681382,463.1111111111111,659.0144999247824,2079.0,23.0,3887.0,1295.6666666666665,1165.6476025511884,2558.0,260.0,3283.0,656.6,1056.5511345883833,2523.0,23.0,0,0,0,0,88,128,959.6928982725528,1439.5393474088291,0.0,1460.0,563.9090909090909,686.1918761608089,470859.29090909084,1,2,0,3,9,0,0,0,1.0,620.3,77.0,982.5,0,0,0,6203,6,2184924,0,0,0,0,8192,64240,1,20,0,0,0,0,0,0,0,0,1
192.168.1.4-217.23.12.124-49259-80-6,192.168.1.4,49259,217.23.12.124,80,6,01/01/1970 08:00:57 AM,2116805,4,3,155.0,462.0,155.0,0.0,38.75,77.5,462.0,0.0,154.0,266.73582436560713,291.47701370697825,3.306870495865231,352800.8333333334,704659.7209400908,1781818.0,184.0,334987.0,111662.33333333333,147669.59136644664,279193.0,394.0,2061589.0,1030794.5,1371947.6687412316,2000908.0,60681.0,0,0,0,0,92,64,1.8896402833515606,1.4172302125136704,0.0,462.0,77.125,164.7001062537605,27126.125,1,2,0,2,6,0,0,0,0.0,88.14285714285714,38.75,154.0,0,0,0,0,0,0,4,155,3,462,8192,32613,1,20,0,0,0,0,0,0,0,0,1
192.168.1.5-192.168.1.4-49251-2869-6,192.168.1.5,49251,192.168.1.4,2869,6,01/01/1970 08:00:17 AM,60013062,6,6,235.0,5876.0,235.0,0.0,39.166666666666664,95.93834825900781,1460.0,0.0,979.3333333333334,685.4113120358218,101.82783208095599,0.19995646947659496,5455732.909090909,1.8093215431029774E7,6.000883E7,0.0,6.0013062E7,1.20026124E7,2.6836291496917564E7,6.000883E7,327.0,3648.0,729.6,1168.0474305438115,2782.0,0.0,0,0,0,0,128,128,0.09997823473829748,0.09997823473829748,0.0,1460.0,470.07692307692304,663.7074482956153,440507.57692307694,0,2,1,3,11,0,0,0,1.0,509.25,39.166666666666664,979.3333333333334,0,0,0,6111,6,1960538,6,235,6,5876,8192,64240,1,20,4232.0,0.0,4232.0,4232.0,6.000883E7,0.0,6.000883E7,6.000883E7,1
192.168.1.4-192.168.1.5-49255-2869-6,192.168.1.4,49255,192.168.1.5,2869,6,01/01/1970 08:00:19 AM,62512735,6,6,235.0,5876.0,235.0,0.0,39.166666666666664,95.93834825900781,1460.0,0.0,979.3333333333334,685.4113120358218,97.75608122089044,0.19196088604985848,5682975.909090908,1.8846414640494697E7,6.2507054E7,16.0,6.2512735E7,1.2502547E7,2.795336926311263E7,6.2507054E7,292.0,5117.0,1023.4,1811.0943652940891,4234.0,16.0,0,0,0,0,128,128,0.09598044302492924,0.09598044302492924,0.0,1460.0,470.07692307692304,663.7074482956153,440507.57692307694,0,2,1,3,11,0,0,0,1.0,509.25,39.166666666666664,979.3333333333334,0,0,0,6111,6,1294429,6,235,6,5876,8192,64240,1,20,5681.0,0.0,5681.0,5681.0,6.2507054E7,0.0,6.2507054E7,6.2507054E7,1
192.168.1.5-192.168.1.4-49253-2869-6,192.168.1.5,49253,192.168.1.4,2869,6,01/01/1970 08:00:20 AM,68004563,6,6,191.0,5615.0,191.0,0.0,31.833333333333336,77.97542347859783,1460.0,0.0,935.8333333333333,673.7852526337057,85.37662391860381,0.17645874733435166,6182233.0,2.0503482245501373E7,6.8002558E7,0.0,6.8004563E7,1.36009126E7,3.041144430293566E7,6.8002558E7,218.0,1630.0,326.0,509.6817634563748,1219.0,0.0,0,0,0,0,132,132,0.08822937366717583,0.08822937366717583,0.0,1460.0,446.61538461538464,643.4327909038025,414005.75641025644,0,2,1,3,11,0,0,0,1.0,483.8333333333333,31.833333333333332,935.8333333333334,0,0,0,5806,6,4670957,6,191,6,5615,8192,256,1,20,2005.0,0.0,2005.0,2005.0,6.8002558E7,0.0,6.8002558E7,6.8002558E7,1
192.168.1.4-217.23.12.124-49259-80-6,192.168.1.4,49259,217.23.12.124,80,6,01/01/1970 08:00:59 AM,30029656,1,1,0.0,0.0,0.0,0.0,0.0,0.0,0.0,0.0,0.0,0.0,0.0,0.06660082952665192,3.0029656E7,0.0,3.0029656E7,3.0029656E7,0,0,0,0,0,0,0,0,0,0,0,0,0,0,20,20,0.03330041476332596,0.03330041476332596,0.0,0.0,0.0,0.0,0.0,0,0,1,0,2,0,0,0,1.0,0.0,0.0,0.0,0,0,0,0,0,0,1,0,1,0,63778,32768,0,20,0,0,0,0,3.0029656E7,0.0,3.0029656E7,3.0029656E7,1
192.168.1.4-192.168.1.5-49258-2869-6,192.168.1.4,49258,192.168.1.5,2869,6,01/01/1970 08:00:26 AM,107416580,6,6,191.0,5615.0,191.0,0.0,31.833333333333336,77.97542347859783,1460.0,0.0,935.8333333333333,673.7852526337057,54.05124609254921,0.11171459750440761,9765143.636363637,3.2386587477508236E7,1.07414379E8,12.0,1.0741658E8,2.1483316E7,4.803692456275887E7,1.07414379E8,334.0,1844.0,368.8,549.3502525711625,1329.0,12.0,0,0,0,0,132,132,0.055857298752203806,0.055857298752203806,0.0,1460.0,446.61538461538464,643.4327909038025,414005.75641025644,0,2,1,3,11,0,0,0,1.0,483.8333333333333,31.833333333333332,935.8333333333334,0,0,0,5806,6,4272259,6,191,6,5615,8192,256,1,20,2201.0,0.0,2201.0,2201.0,1.07414379E8,0.0,1.07414379E8,1.07414379E8,1
192.168.1.4-192.168.1.5-49245-445-6,192.168.1.4,49245,192.168.1.5,445,6,01/01/1970 08:00:20 AM,119936362,129714,145947,1.68415485E8,1.68187008E8,1460.0,0.0,1298.360123039913,448.9420090592843,1460.0,0.0,1152.384139447888,590.187868768793,2806509.1135580717,2298.3938765793146,435.0880142204094,111586.02031069408,5.6783141E7,0.0,1.19936362E8,924.6286956588749,162736.43237981346,5.6783141E7,0.0,1.19934727E8,821.7746769353276,153989.20623920183,5.698431E7,0.0,0,0,0,0,2594288,2918948,1081.5235499639384,1216.8703266153761,0.0,1460.0,1221.0696178653889,533.4501442315915,284569.05638070573,0,2,0,14833,275660,0,0,0,1.0,1221.0740474713507,1298.3601230399186,1152.3841394478818,0,0,0,67320469,47870,7887920,25942,33683097,29189,33637401,8192,63227,119670,20,217665.0,24067.08640446533,234683.0,200647.0,3.5220728E7,3.0493856902089935E7,5.6783141E7,1.3658315E7,1
134.221.96.0-0.0.1.146-0-0-0,134.221.96.0,0,0.0.1.146,0,0,01/01/1970 08:00:22 AM,119144110,73,0,0.0,0.0,0.0,0.0,0.0,0.0,0,0,0,0,0.0,0.6127033891981736,1654779.3055555553,883484.9228918722,4079438.0,162599.0,1.1914411E8,1654779.3055555553,883484.9228918722,4079438.0,162599.0,0,0,0,0,0,0,0,0,0,0,0,0.6127033891981736,0.0,0.0,0.0,0.0,0.0,0.0,0,0,0,0,0,0,0,0,0.0,0.0,0.0,0.0,0,0,0,0,0,0,1,0,0,0,0,0,0,0,0,0,0,0,0,0,0,0,1
134.221.96.0-0.0.0.104-0-0-0,134.221.96.0,0,0.0.0.104,0,0,01/01/1970 08:00:22 AM,119961659,26,0,0.0,0.0,0.0,0.0,0.0,0.0,0,0,0,0,0.0,0.2167359155978328,4798466.36,3555568.707143449,8575488.0,1274186.0,1.19961659E8,4798466.36,3555568.707143449,8575488.0,1274186.0,0,0,0,0,0,0,0,0,0,0,0,0.2167359155978328,0.0,0.0,0.0,0.0,0.0,0.0,0,0,0,0,0,0,0,0,0.0,0.0,0.0,0.0,0,0,0,0,0,0,1,0,0,0,0,0,0,0,1454752.5833333333,62167.0248742828,1518204.0,1274186.0,8413348.0,405085.5428835652,8575488.0,7131083.0,1
134.221.96.0-0.0.0.128-0-0-0,134.221.96.0,0,0.0.0.128,0,0,01/01/1970 08:00:23 AM,118712542,25,0,0.0,0.0,0.0,0.0,0.0,0.0,0,0,0,0,0.0,0.21059274427802246,4946355.916666666,3552127.818274304,8575435.0,1444111.0,1.18712542E8,4946355.916666666,3552127.818274304,8575435.0,1444111.0,0,0,0,0,0,0,0,0,0,0,0,0.21059274427802246,0.0,0.0,0.0,0.0,0.0,0.0,0,0,0,0,0,0,0,0,0.0,0.0,0.0,0.0,0,0,0,0,0,0,1,0,0,0,0,0,0,0,1474348.4545454546,33843.31006081892,1554378.0,1444111.0,8412750.666666666,405422.71094911976,8575435.0,7131401.0,1
134.221.96.0-0.0.0.116-0-0-0,134.221.96.0,0,0.0.0.116,0,0,01/01/1970 08:00:23 AM,118715897,25,0,0.0,0.0,0.0,0.0,0.0,0.0,0,0,0,0,0.0,0.2105867927696322,4946495.708333333,3552062.6673137946,8579191.0,1443971.0,1.18715897E8,4946495.708333333,3552062.6673137946,8579191.0,1443971.0,0,0,0,0,0,0,0,0,0,0,0,0.2105867927696322,0.0,0.0,0.0,0.0,0.0,0.0,0,0,0,0,0,0,0,0,0.0,0.0,0.0,0.0,0,0,0,0,0,0,1,0,0,0,0,0,0,0,1474288.7272727273,34266.57406888202,1556093.0,1443971.0,8412814.5,405566.913410778,8579191.0,7131545.0,1
134.221.96.0-0.0.0.28-0-0-0,134.221.96.0,0,0.0.0.28,0,0,01/01/1970 08:00:22 AM,119985929,28,0,0.0,0.0,0.0,0.0,0.0,0.0,0,0,0,0,0.0,0.23336069681970792,4443923.296296296,3646371.9327111114,8580321.0,6773.0,1.19985929E8,4443923.296296296,3646371.9327111114,8580321.0,6773.0,0,0,0,0,0,0,0,0,0,0,0,0.23336069681970792,0.0,0.0,0.0,0.0,0.0,0.0,0,0,0,0,0,0,0,0,0.0,0.0,0.0,0.0,0,0,0,0,0,0,1,0,0,0,0,0,0,0,1457438.5,67396.70320976725,1555280.0,1269613.0,8412580.25,405578.64832744043,8580321.0,7131276.0,1
134.221.96.0-0.0.0.136-0-0-0,134.221.96.0,0,0.0.0.136,0,0,01/01/1970 08:00:22 AM,119986532,51,0,0.0,0.0,0.0,0.0,0.0,0.0,0,0,0,0,0.0,0.42504770452070406,2399730.64,3472975.063352602,8580286.0,113.0,1.19986532E8,2399730.64,3472975.063352602,8580286.0,113.0,0,0,0,0,0,0,0,0,0,0,0,0.42504770452070406,0.0,0.0,0.0,0.0,0.0,0.0,0,0,0,0,0,0,0,0,0.0,0.0,0.0,0.0,0,0,0,0,0,0,2,0,0,0,0,0,0,0,1457618.6666666667,67377.48862846394,1555508.0,1269907.0,8412401.666666666,405596.279196295,8580286.0,7131047.0,1
134.221.96.0-0.0.0.194-0-0-0,134.221.96.0,0,0.0.0.194,0,0,01/01/1970 08:00:22 AM,99900935,10,0,0.0,0.0,0.0,0.0,0.0,0.0,0,0,0,0,0.0,0.1000991632360598,1.110010388888889E7,3.3284245156963136E7,9.9858088E7,134.0,9.9900935E7,1.110010388888889E7,3.3284245156963136E7,9.9858088E7,134.0,0,0,0,0,0,0,0,0,0,0,0,0.1000991632360598,0.0,0.0,0.0,0.0,0.0,0.0,0,0,0,0,0,0,0,0,0.0,0.0,0.0,0.0,0,0,0,0,0,0,10,0,0,0,0,0,0,0,33269.0,0.0,33269.0,33269.0,9.9858088E7,0.0,9.9858088E7,9.9858088E7,1
134.221.96.0-0.0.0.42-0-0-0,134.221.96.0,0,0.0.0.42,0,0,01/01/1970 08:00:22 AM,99905059,10,0,0.0,0.0,0.0,0.0,0.0,0.0,0,0,0,0,0.0,0.10009503122359399,1.1100562111111112E7,3.3284239576922663E7,9.9858531E7,159.0,9.9905059E7,1.1100562111111112E7,3.3284239576922663E7,9.9858531E7,159.0,0,0,0,0,0,0,0,0,0,0,0,0.10009503122359399,0.0,0.0,0.0,0.0,0.0,0.0,0,0,0,0,0,0,0,0,0.0,0.0,0.0,0.0,0,0,0,0,0,0,10,0,0,0,0,0,0,0,31530.0,0.0,31530.0,31530.0,9.9858531E7,0.0,9.9858531E7,9.9858531E7,1
134.221.96.0-0.0.0.32-0-0-0,134.221.96.0,0,0.0.0.32,0,0,01/01/1970 08:00:21 AM,116515259,17,0,0.0,0.0,0.0,0.0,0.0,0.0,0,0,0,0,0.0,0.14590363653570904,7282203.687499999,1.0080895603359329E7,2.4999337E7,163.0,1.16515259E8,7282203.687499999,1.0080895603359329E7,2.4999337E7,163.0,0,0,0,0,0,0,0,0,0,0,0,0.14590363653570904,0.0,0.0,0.0,0.0,0.0,0.0,0,0,0,0,0,0,0,0,0.0,0.0,0.0,0.0,0,0,0,0,0,0,2,0,0,0,0,0,0,0,1923987.4,2612450.234748846,4961043.0,163.0,2.13789894E7,3231032.6353321318,2.4999337E7,1.7554148E7,1
192.168.1.4-192.168.1.5-49245-445-6,192.168.1.4,49245,192.168.1.5,445,6,01/01/1970 08:02:20 AM,118972506,283621,316125,3.68681027E8,3.68150853E8,1460.0,0.0,1299.9073658156549,448.1684281780578,1460.0,0.0,1164.5736749703526,582.2388243279167,6193295.44928641,5041.047046617645,198.37181802265454,13147.87868238994,8344140.0,0.0,1.18972099E8,419.4771137437359,19407.265124219746,8344140.0,0.0,1.18964067E8,376.3208962305909,18287.743420730665,8348946.0,0.0,0,0,0,0,5672420,6322500,2383.9205337071744,2657.1265129104704,0.0,1460.0,1228.5711808479293,527.4836426315102,278238.9932438067,0,0,0,29424,599746,0,0,0,1.0,1228.5732293337512,1299.9073658156483,1164.573674970344,0,0,0,105261697,74475,7305020,70905,92170256,79031,92037713,63110,64240,260732,20,8.5385808E7,0.0,8.5385808E7,8.5385808E7,8344140.0,0.0,8344140.0,8344140.0,1
134.221.96.0-0.0.1.146-0-0-0,134.221.96.0,0,0.0.1.146,0,0,01/01/1970 08:02:24 AM,116696095,72,0,0.0,0.0,0.0,0.0,0.0,0.0,0,0,0,0,0.0,0.6169872265220185,1643606.9718309862,968931.5593018347,3879490.0,46918.0,1.16696095E8,1643606.9718309862,968931.5593018347,3879490.0,46918.0,0,0,0,0,0,0,0,0,0,0,0,0.6169872265220185,0.0,0.0,0.0,0.0,0.0,0.0,0,0,0,0,0,0,0,0,0.0,0.0,0.0,0.0,0,0,0,0,0,0,1,0,0,0,0,0,0,0,0,0,0,0,0,0,0,0,1
134.221.96.0-0.0.0.104-0-0-0,134.221.96.0,0,0.0.0.104,0,0,01/01/1970 08:02:30 AM,112084131,24,0,0.0,0.0,0.0,0.0,0.0,0.0,0,0,0,0,0.0,0.21412487018345175,4873223.0869565215,3183440.3146678493,8478086.0,1521342.0,1.12084131E8,4873223.0869565215,3183440.3146678493,8478086.0,1521342.0,0,0,0,0,0,0,0,0,0,0,0,0.21412487018345175,0.0,0.0,0.0,0.0,0.0,0.0,0,0,0,0,0,0,0,0,0.0,0.0,0.0,0.0,0,0,0,0,0,0,1,0,0,0,0,0,0,0,1943439.090909091,665099.0935005782,3822788.0,1521342.0,8059176.636363636,672102.7018160649,8478086.0,6162746.0,1
134.221.96.0-0.0.0.128-0-0-0,134.221.96.0,0,0.0.0.128,0,0,01/01/1970 08:02:30 AM,112083910,24,0,0.0,0.0,0.0,0.0,0.0,0.0,0,0,0,0,0.0,0.21412529238139533,4873213.478260869,3179934.046981247,8478646.0,1520647.0,1.1208391E8,4873213.478260869,3179934.046981247,8478646.0,1520647.0,0,0,0,0,0,0,0,0,0,0,0,0.21412529238139533,0.0,0.0,0.0,0.0,0.0,0.0,0,0,0,0,0,0,0,0,0.0,0.0,0.0,0.0,0,0,0,0,0,0,1,0,0,0,0,0,0,0,1948627.4545454546,672867.5260748378,3845032.0,1520647.0,8053957.272727272,679908.2430572655,8478646.0,6140951.0,1
134.221.96.0-0.0.0.116-0-0-0,134.221.96.0,0,0.0.0.116,0,0,01/01/1970 08:02:30 AM,112083647,24,0,0.0,0.0,0.0,0.0,0.0,0.0,0,0,0,0,0.0,0.21412579481822178,4873202.04347826,3158811.6083811773,8489024.0,1509990.0,1.12083647E8,4873202.04347826,3158811.6083811773,8489024.0,1509990.0,0,0,0,0,0,0,0,0,0,0,0,0.21412579481822178,0.0,0.0,0.0,0.0,0.0,0.0,0,0,0,0,0,0,0,0,0.0,0.0,0.0,0.0,0,0,0,0,0,0,1,0,0,0,0,0,0,0,1974816.2727272727,689963.0320968062,3824159.0,1509990.0,8027748.2727272725,703412.0789651098,8489024.0,6141795.0,1
134.221.96.0-0.0.0.28-0-0-0,134.221.96.0,0,0.0.0.28,0,0,01/01/1970 08:02:30 AM,112084162,24,0,0.0,0.0,0.0,0.0,0.0,0.0,0,0,0,0,0.0,0.2141248109612489,4873224.434782609,3157302.175995395,8489320.0,1509662.0,1.12084162E8,4873224.434782609,3157302.175995395,8489320.0,1509662.0,0,0,0,0,0,0,0,0,0,0,0,0.2141248109612489,0.0,0.0,0.0,0.0,0.0,0.0,0,0,0,0,0,0,0,0,0.0,0.0,0.0,0.0,0,0,0,0,0,0,1,0,0,0,0,0,0,0,1977185.0,690417.4015467744,3828252.0,1509662.0,8025364.181818181,710781.0989969858,8489320.0,6115071.0,1
134.221.96.0-0.0.0.136-0-0-0,134.221.96.0,0,0.0.0.136,0,0,01/01/1970 08:02:30 AM,112084343,48,0,0.0,0.0,0.0,0.0,0.0,0.0,0,0,0,0,0.0,0.42824893036130834,2384773.2553191492,3290923.121995992,8489237.0,8.0,1.12084343E8,2384773.2553191492,3290923.121995992,8489237.0,8.0,0,0,0,0,0,0,0,0,0,0,0,0.42824893036130834,0.0,0.0,0.0,0.0,0.0,0.0,0,0,0,0,0,0,0,0,0.0,0.0,0.0,0.0,0,0,0,0,0,0,2,0,0,0,0,0,0,0,1977303.8181818184,690207.2872325847,3827609.0,1509826.0,8025245.818181818,710502.2678678537,8489237.0,6115960.0,1
134.221.96.0-0.0.0.194-0-0-0,134.221.96.0,0,0.0.0.194,0,0,01/01/1970 08:02:32 AM,105688901,32,0,0.0,0.0,0.0,0.0,0.0,0.0,0,0,0,0,0.0,0.302775406851851,3409319.3870967748,6416890.2770758765,1.5679247E7,706.0,1.05688901E8,3409319.3870967748,6416890.2770758765,1.5679247E7,706.0,0,0,0,0,0,0,0,0,0,0,0,0.302775406851851,0.0,0.0,0.0,0.0,0.0,0.0,0,0,0,0,0,0,0,0,0.0,0.0,0.0,0.0,0,0,0,0,0,0,4,0,0,0,0,0,0,0,14668.857142857143,17972.30529109136,55414.0,7292.0,1.5082557285714285E7,734302.9971832052,1.5679247E7,1.424996E7,1
134.221.96.0-0.0.0.42-0-0-0,134.221.96.0,0,0.0.0.42,0,0,01/01/1970 08:02:32 AM,105688249,32,0,0.0,0.0,0.0,0.0,0.0,0.0,0,0,0,0,0.0,0.30277727469966886,3409298.3548387093,6417345.27212364,1.5680716E7,666.0,1.05688249E8,3409298.3548387093,6417345.27212364,1.5680716E7,666.0,0,0,0,0,0,0,0,0,0,0,0,0.30277727469966886,0.0,0.0,0.0,0.0,0.0,0.0,0,0,0,0,0,0,0,0,0.0,0.0,0.0,0.0,0,0,0,0,0,0,4,0,0,0,0,0,0,0,13906.428571428572,18053.574741651057,54832.0,6350.0,1.508336042857143E7,734443.6405515532,1.5680716E7,1.4250585E7,1
134.221.96.0-0.0.0.32-0-0-0,134.221.96.0,0,0.0.0.32,0,0,01/01/1970 08:02:33 AM,102054571,16,0,0.0,0.0,0.0,0.0,0.0,0.0,0,0,0,0,0.0,0.15677886686721754,6803638.0666666655,8983131.338966731,2.3499214E7,196.0,1.02054571E8,6803638.0666666655,8983131.338966731,2.3499214E7,196.0,0,0,0,0,0,0,0,0,0,0,0,0.15677886686721754,0.0,0.0,0.0,0.0,0.0,0.0,0,0,0,0,0,0,0,0,0.0,0.0,0.0,0.0,0,0,0,0,0,0,2,0,0,0,0,0,0,0,741728.0,1814699.657504569,4445968.0,337.0,1.6267328166666668E7,6581446.681469369,2.3499214E7,8553403.0,1
192.168.1.4-192.168.1.5-49245-445-6,192.168.1.4,49245,192.168.1.5,445,6,01/01/1970 08:04:21 AM,119672291,118931,127451,1.53245136E8,1.52986301E8,1460.0,0.0,1288.5213779418395,460.85479054344023,1460.0,0.0,1200.3538693301746,552.2980422406355,2558916.8089044103,2058.805743093863,485.72045328171333,29478.916404052896,8080909.0,0.0,1.19460651E8,1004.4618767342193,44001.26651374736,8284533.0,0.0,1.19671833E8,938.9708356218314,40997.546765499006,8080909.0,0.0,1,0,0,0,2378620,2549020,993.8056588220576,1065.0000842718052,0.0,1460.0,1242.908483945769,512.109760929775,262256.40723955136,0,0,0,13688,246382,0,0,0,1.0,1242.9135285856921,1288.5213779418318,1200.353869330174,0,0,0,15311571,10895,4518167,6995,9014419,7497,8999194,64240,64123,109005,20,1.59493845E7,2.1433979850352395E7,3.1105497E7,793272.0,8036624.5,62627.74050291133,8080909.0,7992340.0,1
134.221.96.0-0.0.1.146-0-0-0,134.221.96.0,0,0.0.1.146,0,0,01/01/1970 08:04:24 AM,119225133,73,0,0.0,0.0,0.0,0.0,0.0,0.0,0,0,0,0,0.0,0.6122870083105716,1655904.6250000005,972857.0396477054,4273370.0,22513.0,1.19225133E8,1655904.6250000005,972857.0396477054,4273370.0,22513.0,0,0,0,0,0,0,0,0,0,0,0,0.6122870083105716,0.0,0.0,0.0,0.0,0.0,0.0,0,0,0,0,0,0,0,0,0.0,0.0,0.0,0.0,0,0,0,0,0,0,1,0,0,0,0,0,0,0,0,0,0,0,0,0,0,0,1
134.221.96.0-0.0.0.104-0-0-0,134.221.96.0,0,0.0.0.104,0,0,01/01/1970 08:04:30 AM,112227008,24,0,0.0,0.0,0.0,0.0,0.0,0.0,0,0,0,0,0.0,0.21385226629226362,4879435.130434783,2934290.9745710962,7984930.0,2054519.0,1.12227008E8,4879435.130434783,2934290.9745710962,7984930.0,2054519.0,0,0,0,0,0,0,0,0,0,0,0,0.21385226629226362,0.0,0.0,0.0,0.0,0.0,0.0,0,0,0,0,0,0,0,0,0.0,0.0,0.0,0.0,0,0,0,0,0,0,1,0,0,0,0,0,0,0,2127408.727272727,85868.2277039546,2312130.0,2054519.0,7875284.7272727275,108553.59578483902,7984930.0,7646643.0,1
134.221.96.0-0.0.0.128-0-0-0,134.221.96.0,0,0.0.0.128,0,0,01/01/1970 08:04:30 AM,112226846,24,0,0.0,0.0,0.0,0.0,0.0,0.0,0,0,0,0,0.0,0.21385257498905388,4879428.0869565215,2931530.0705753225,7985872.0,2054208.0,1.12226846E8,4879428.0869565215,2931530.0705753225,7985872.0,2054208.0,0,0,0,0,0,0,0,0,0,0,0,0.21385257498905388,0.0,0.0,0.0,0.0,0.0,0.0,0,0,0,0,0,0,0,0,0.0,0.0,0.0,0.0,0,0,0,0,0,0,1,0,0,0,0,0,0,0,2130585.090909091,92438.91018446133,2327336.0,2054208.0,7872248.2727272725,115297.10585534293,7985872.0,7626290.0,1
134.221.96.0-0.0.0.116-0-0-0,134.221.96.0,0,0.0.0.116,0,0,01/01/1970 08:04:30 AM,112227007,24,0,0.0,0.0,0.0,0.0,0.0,0.0,0,0,0,0,0.0,0.21385226819779662,4879435.0869565215,2932378.2366009974,8001482.0,2054461.0,1.12227007E8,4879435.0869565215,2932378.2366009974,8001482.0,2054461.0,0,0,0,0,0,0,0,0,0,0,0,0.21385226819779662,0.0,0.0,0.0,0.0,0.0,0.0,0,0,0,0,0,0,0,0,0.0,0.0,0.0,0.0,0,0,0,0,0,0,1,0,0,0,0,0,0,0,2129709.8181818184,89960.25758057625,2328010.0,2054461.0,7873123.727272727,117105.45349563415,8001482.0,7625888.0,1
134.221.96.0-0.0.0.28-0-0-0,134.221.96.0,0,0.0.0.28,0,0,01/01/1970 08:04:30 AM,112226089,24,0,0.0,0.0,0.0,0.0,0.0,0.0,0,0,0,0,0.0,0.21385401749142305,4879395.173913043,2928353.4901438546,8001673.0,2053637.0,1.12226089E8,4879395.173913043,2928353.4901438546,8001673.0,2053637.0,0,0,0,0,0,0,0,0,0,0,0,0.21385401749142305,0.0,0.0,0.0,0.0,0.0,0.0,0,0,0,0,0,0,0,0,0.0,0.0,0.0,0.0,0,0,0,0,0,0,1,0,0,0,0,0,0,0,2134085.0,98700.00241843968,2346549.0,2053637.0,7868663.909090909,126394.07026712492,8001673.0,7596803.0,1
134.221.96.0-0.0.0.136-0-0-0,134.221.96.0,0,0.0.0.136,0,0,01/01/1970 08:04:30 AM,112226040,48,0,0.0,0.0,0.0,0.0,0.0,0.0,0,0,0,0,0.0,0.42770822172821926,2387788.0851063835,3190391.266409299,8001527.0,8.0,1.1222604E8,2387788.0851063835,3190391.266409299,8001527.0,8.0,0,0,0,0,0,0,0,0,0,0,0,0.42770822172821926,0.0,0.0,0.0,0.0,0.0,0.0,0,0,0,0,0,0,0,0,0.0,0.0,0.0,0.0,0,0,0,0,0,0,2,0,0,0,0,0,0,0,2134395.1818181816,98798.03048119754,2346384.0,2053730.0,7868337.0,126552.71461805952,8001527.0,7595585.0,1
134.221.96.0-0.0.0.194-0-0-0,134.221.96.0,0,0.0.0.194,0,0,01/01/1970 08:04:32 AM,105692502,32,0,0.0,0.0,0.0,0.0,0.0,0.0,0,0,0,0,0.0,0.30276509113200856,3409435.5483870967,6419828.169560417,1.5674565E7,703.0,1.05692502E8,3409435.5483870967,6419828.169560417,1.5674565E7,703.0,0,0,0,0,0,0,0,0,0,0,0,0.30276509113200856,0.0,0.0,0.0,0.0,0.0,0.0,0,0,0,0,0,0,0,0,0.0,0.0,0.0,0.0,0,0,0,0,0,0,4,0,0,0,0,0,0,0,8976.0,3078.1420803248616,15845.0,7091.0,1.508840857142857E7,725333.0176088904,1.5674565E7,1.4308911E7,1
134.221.96.0-0.0.0.42-0-0-0,134.221.96.0,0,0.0.0.42,0,0,01/01/1970 08:04:32 AM,105692122,33,0,0.0,0.0,0.0,0.0,0.0,0.0,0,0,0,0,0.0,0.3122276227929268,3302878.8124999995,6104135.6337057855,1.5680238E7,729.0,1.05692122E8,3302878.8124999995,6104135.6337057855,1.5680238E7,729.0,0,0,0,0,0,0,0,0,0,0,0,0.3122276227929268,0.0,0.0,0.0,0.0,0.0,0.0,0,0,0,0,0,0,0,0,0.0,0.0,0.0,0.0,0,0,0,0,0,0,4,0,0,0,0,0,0,0,718242.142857143,1879323.0748918108,4980145.0,6603.0,1.4379244857142856E7,2312758.883654428,1.5680238E7,9339470.0,1
134.221.96.0-0.0.0.32-0-0-0,134.221.96.0,0,0.0.0.32,0,0,01/01/1970 08:04:37 AM,98618592,16,0,0.0,0.0,0.0,0.0,0.0,0.0,0,0,0,0,0.0,0.16224121309701925,6574572.8,9032487.274275295,2.4500537E7,0.0,9.8618592E7,6574572.8,9032487.274275295,2.4500537E7,0.0,0,0,0,0,0,0,0,0,0,0,0,0.16224121309701925,0.0,0.0,0.0,0.0,0.0,0.0,0,0,0,0,0,0,0,0,0.0,0.0,0.0,0.0,0,0,0,0,0,0,2,0,0,0,0,0,0,0,611130.8,1365997.8298737155,3054702.0,117.0,1.5927124333333332E7,7200128.077349338,2.4500537E7,7630787.0,1
192.168.1.5-192.168.1.255-138-138-17,192.168.1.5,138,192.168.1.255,138,17,01/01/1970 08:00:24 AM,89057038,3,0,609.0,0.0,204.0,201.0,203.0,1.7320508075688772,0,0,0,0,6.8383141150506255,0.03368627642882082,4.4528519E7,2.188211937953109E7,6.0001514E7,2.9055524E7,8.9057038E7,4.4528519E7,2.188211937953109E7,6.0001514E7,2.9055524E7,0,0,0,0,0,0,0,0,0,24,0,0.03368627642882082,0.0,201.0,204.0,202.5,1.7320508075688772,3.0,0,0,0,0,0,0,0,0,0.0,270.0,203.0,0.0,0,0,0,0,0,0,1,304,0,0,0,0,2,8,0,0,0,0,4.4528519E7,2.188211937953109E7,6.0001514E7,2.9055524E7,1
192.168.1.4-239.255.255.250-1900-1900-17,192.168.1.4,1900,239.255.255.250,1900,17,01/01/1970 08:00:16 AM,8429459,18,0,8607.0,0.0,513.0,433.0,478.1666666666667,30.860692684079158,0,0,0,0,1021.0619685082993,2.135368355193376,495850.5294117647,419543.0620876595,1327945.0,124322.0,8429459.0,495850.5294117647,419543.0620876595,1327945.0,124322.0,0,0,0,0,0,0,0,0,0,144,0,2.135368355193376,0.0,433.0,513.0,480.00000000000006,31.03761159195942,963.3333333333337,0,0,0,0,0,0,0,0,0.0,506.6666666666667,478.1666666666667,0.0,0,0,0,2707,5,1826,6,2869,0,0,0,0,17,8,0,0,0,0,0,0,0,0,1
192.168.1.4-192.168.1.5-49245-445-6,192.168.1.4,49245,192.168.1.5,445,6,01/01/1970 08:06:21 AM,119814687,238464,272004,3.09296242E8,3.19974474E8,1460.0,0.0,1297.035368022008,452.07329967074037,1460.0,0.0,1176.3594432435077,573.3747631970211,5252033.216929407,4260.479351750925,234.71583275706354,13440.854686662511,4536861.0,0.0,1.19814687E8,502.4456079140249,20508.45863116843,4539412.0,0.0,1.19814493E8,440.4896012176398,18595.053211588005,4536861.0,0.0,0,0,0,0,4769292,5440200,1990.273529655008,2270.205822095917,0.0,1460.0,1232.733380479515,523.7125976081777,274274.8848935051,0,0,0,24586,510468,0,0,0,1.0,1232.7357953877618,1297.0353680220076,1176.3594432434818,0,0,0,52439226,37060,6998085,21678,28117840,24727,29088588,64123,64240,218639,20,0,0,0,0,0,0,0,0,1
134.221.96.0-0.0.1.214-0-0-0,134.221.96.0,0,0.0.1.214,0,0,01/01/1970 08:00:23 AM,2140911,2,0,0.0,0.0,0.0,0.0,0.0,0.0,0,0,0,0,0.0,0.9341817572052271,2140911.0,0.0,2140911.0,2140911.0,2140911.0,2140911.0,0.0,2140911.0,2140911.0,0,0,0,0,0,0,0,0,0,0,0,0.9341817572052271,0.0,0.0,0.0,0.0,0.0,0.0,0,0,0,0,0,0,0,0,0.0,0.0,0.0,0.0,0,0,0,0,0,0,2,0,0,0,0,0,0,0,0,0,0,0,0,0,0,0,1
134.221.96.0-0.0.1.146-0-0-0,134.221.96.0,0,0.0.1.146,0,0,01/01/1970 08:06:25 AM,118488313,72,0,0.0,0.0,0.0,0.0,0.0,0.0,0,0,0,0,0.0,0.6076548663495613,1668849.4788732391,1011134.4669743676,4162122.0,4877.0,1.18488313E8,1668849.4788732391,1011134.4669743676,4162122.0,4877.0,0,0,0,0,0,0,0,0,0,0,0,0.6076548663495613,0.0,0.0,0.0,0.0,0.0,0.0,0,0,0,0,0,0,0,0,0.0,0.0,0.0,0.0,0,0,0,0,0,0,1,0,0,0,0,0,0,0,0,0,0,0,0,0,0,0,1
134.221.96.0-0.0.0.104-0-0-0,134.221.96.0,0,0.0.0.104,0,0,01/01/1970 08:06:30 AM,112224722,24,0,0.0,0.0,0.0,0.0,0.0,0.0,0,0,0,0,0.0,0.21385662242941444,4879335.739130435,2978666.7223365256,8073754.0,1923620.0,1.12224722E8,4879335.739130435,2978666.7223365256,8073754.0,1923620.0,0,0,0,0,0,0,0,0,0,0,0,0.21385662242941444,0.0,0.0,0.0,0.0,0.0,0.0,0,0,0,0,0,0,0,0,0.0,0.0,0.0,0.0,0,0,0,0,0,0,1,0,0,0,0,0,0,0,2093731.2727272727,58652.63759131538,2136069.0,1923620.0,7921486.181818182,62381.791306146806,8073754.0,7864311.0,1
134.221.96.0-0.0.0.128-0-0-0,134.221.96.0,0,0.0.0.128,0,0,01/01/1970 08:06:30 AM,112224926,24,0,0.0,0.0,0.0,0.0,0.0,0.0,0,0,0,0,0.0,0.21385623368555395,4879344.608695653,2978858.673127172,8074476.0,1923398.0,1.12224926E8,4879344.608695653,2978858.673127172,8074476.0,1923398.0,0,0,0,0,0,0,0,0,0,0,0,0.21385623368555395,0.0,0.0,0.0,0.0,0.0,0.0,0,0,0,0,0,0,0,0,0.0,0.0,0.0,0.0,0,0,0,0,0,0,1,0,0,0,0,0,0,0,2093843.5454545454,58827.88733477285,2136078.0,1923398.0,7921680.636363637,63111.91451108534,8074476.0,7864409.0,1
134.221.96.0-0.0.0.116-0-0-0,134.221.96.0,0,0.0.0.116,0,0,01/01/1970 08:06:30 AM,112224876,24,0,0.0,0.0,0.0,0.0,0.0,0.0,0,0,0,0,0.0,0.2138563289657812,4879342.434782609,2978975.5491112107,8075696.0,1922052.0,1.12224876E8,4879342.434782609,2978975.5491112107,8075696.0,1922052.0,0,0,0,0,0,0,0,0,0,0,0,0.2138563289657812,0.0,0.0,0.0,0.0,0.0,0.0,0,0,0,0,0,0,0,0,0.0,0.0,0.0,0.0,0,0,0,0,0,0,1,0,0,0,0,0,0,0,2094228.4545454548,59493.488637604074,2136136.0,1922052.0,7921774.363636364,64510.02821774718,8075696.0,7864424.0,1
134.221.96.0-0.0.0.28-0-0-0,134.221.96.0,0,0.0.0.28,0,0,01/01/1970 08:06:30 AM,112224940,26,0,0.0,0.0,0.0,0.0,0.0,0.0,0,0,0,0,0.0,0.231677557591031,4488997.6,3132441.5607036864,8075926.0,4894.0,1.1222494E8,4488997.6,3132441.5607036864,8075926.0,4894.0,0,0,0,0,0,0,0,0,0,0,0,0.231677557591031,0.0,0.0,0.0,0.0,0.0,0.0,0,0,0,0,0,0,0,0,0.0,0.0,0.0,0.0,0,0,0,0,0,0,1,0,0,0,0,0,0,0,2094188.3636363635,59547.18693317549,2136192.0,1921789.0,7901415.0,69110.70585951218,8075926.0,7785783.0,1
134.221.96.0-0.0.0.136-0-0-0,134.221.96.0,0,0.0.0.136,0,0,01/01/1970 08:06:30 AM,112225079,48,0,0.0,0.0,0.0,0.0,0.0,0.0,0,0,0,0,0.0,0.42771188425717216,2387767.6382978726,3213975.3684279514,8075792.0,8.0,1.12225079E8,2387767.6382978726,3213975.3684279514,8075792.0,8.0,0,0,0,0,0,0,0,0,0,0,0,0.42771188425717216,0.0,0.0,0.0,0.0,0.0,0.0,0,0,0,0,0,0,0,0,0.0,0.0,0.0,0.0,0,0,0,0,0,0,2,0,0,0,0,0,0,0,2094351.3636363638,59585.113079145405,2136318.0,1921927.0,7924352.636363637,69066.80123514167,8075792.0,7864698.0,1
134.221.96.0-0.0.0.194-0-0-0,134.221.96.0,0,0.0.0.194,0,0,01/01/1970 08:06:32 AM,105674236,32,0,0.0,0.0,0.0,0.0,0.0,0.0,0,0,0,0,0.0,0.30281742467482803,3408846.3225806453,6412361.104668114,1.5657634E7,732.0,1.05674236E8,3408846.3225806453,6412361.104668114,1.5657634E7,732.0,0,0,0,0,0,0,0,0,0,0,0,0.30281742467482803,0.0,0.0,0.0,0.0,0.0,0.0,0,0,0,0,0,0,0,0,0.0,0.0,0.0,0.0,0,0,0,0,0,0,4,0,0,0,0,0,0,0,16395.428571428572,22013.697764930686,66257.0,6864.0,1.5078610285714285E7,608995.8392306454,1.5657634E7,1.426522E7,1
134.221.96.0-0.0.0.42-0-0-0,134.221.96.0,0,0.0.0.42,0,0,01/01/1970 08:06:32 AM,105673660,32,0,0.0,0.0,0.0,0.0,0.0,0.0,0,0,0,0,0.0,0.3028190752548932,3408827.741935484,6413902.601052519,1.566788E7,676.0,1.0567366E8,3408827.741935484,6413902.601052519,1.566788E7,676.0,0,0,0,0,0,0,0,0,0,0,0,0.3028190752548932,0.0,0.0,0.0,0.0,0.0,0.0,0,0,0,0,0,0,0,0,0.0,0.0,0.0,0.0,0,0,0,0,0,0,4,0,0,0,0,0,0,0,13703.857142857143,16661.834217041967,51387.0,6446.0,1.5081306285714285E7,611769.7450137903,1.566788E7,1.4264788E7,1
134.221.96.0-0.0.0.32-0-0-0,134.221.96.0,0,0.0.0.32,0,0,01/01/1970 08:06:39 AM,101933469,18,0,0.0,0.0,0.0,0.0,0.0,0.0,0,0,0,0,0.0,0.17658576889990862,5996086.411764706,8697006.380775923,2.2533307E7,127.0,1.01933469E8,5996086.411764706,8697006.380775923,2.2533307E7,127.0,0,0,0,0,0,0,0,0,0,0,0,0.17658576889990862,0.0,0.0,0.0,0.0,0.0,0.0,0,0,0,0,0,0,0,0,0.0,0.0,0.0,0.0,0,0,0,0,0,0,2,0,0,0,0,0,0,0,1914806.0,1944237.2790969985,4579906.0,127.0,1.84706492E7,4532233.500480994,2.2533307E7,1.0916798E7,1
192.168.1.3-255.255.255.255-67-68-17,192.168.1.3,67,255.255.255.255,68,17,01/01/1970 08:00:14 AM,82409,2,0,1096.0,0.0,548.0,548.0,548.0,0.0,0,0,0,0,13299.518256501111,24.269193898724655,82409.0,0.0,82409.0,82409.0,82409.0,82409.0,0.0,82409.0,82409.0,0,0,0,0,0,0,0,0,0,16,0,24.269193898724655,0.0,548.0,548.0,548.0,0.0,0.0,0,0,0,0,0,0,0,0,0.0,822.0,548.0,0.0,0,0,0,0,0,0,0,0,0,0,0,0,1,8,0,0,0,0,0,0,0,0,1
192.168.1.4-239.255.255.250-65004-3702-17,192.168.1.4,65004,239.255.255.250,3702,17,01/01/1970 08:00:16 AM,107155,2,0,1312.0,0.0,656.0,656.0,656.0,0.0,0,0,0,0,12243.945686155568,18.664551350846903,107155.0,0.0,107155.0,107155.0,107155.0,107155.0,0.0,107155.0,107155.0,0,0,0,0,0,0,0,0,0,16,0,18.664551350846903,0.0,656.0,656.0,656.0,0.0,0.0,0,0,0,0,0,0,0,0,0.0,984.0,656.0,0.0,0,0,0,0,0,0,0,0,0,0,0,0,1,8,0,0,0,0,0,0,0,0,1
192.168.1.5-239.255.255.250-1900-1900-17,192.168.1.5,1900,239.255.255.250,1900,17,01/01/1970 08:06:54 AM,8446992,18,0,8607.0,0.0,513.0,433.0,478.1666666666667,30.86069268407915,0,0,0,0,1018.9426011058138,2.1309360776001682,496881.88235294126,357930.2609381265,1095398.0,121343.0,8446992.0,496881.88235294126,357930.2609381265,1095398.0,121343.0,0,0,0,0,0,0,0,0,0,144,0,2.1309360776001682,0.0,433.0,513.0,478.5263157894737,30.03214651937825,901.9298245614032,0,0,0,0,0,0,0,0,0.0,505.1111111111111,478.1666666666667,0.0,0,0,0,2563,5,1738,6,2869,0,0,0,0,17,8,0,0,0,0,0,0,0,0,1
192.168.1.4-192.168.1.5-49245-445-6,192.168.1.4,49245,192.168.1.5,445,6,01/01/1970 08:08:21 AM,84343537,167574,185119,2.20680169E8,2.09361399E8,1460.0,0.0,1316.9117464523422,427.8426162065222,1460.0,0.0,1130.9557581879737,607.0114685178474,5098690.229222898,4181.624491275485,239.14218921892444,14190.978069920257,4933366.0,0.0,8.4343323E7,503.32286824249474,21583.329937595117,4933366.0,0.0,8.434207E7,455.612474205651,20123.86681221709,4938668.0,0.0,0,0,0,0,3351480,3702380,1986.8030907928369,2194.8214004826477,0.0,1460.0,1219.3050292888197,537.581672928573,288994.05506868317,0,0,1,15098,352692,0,0,0,1.0,1219.3084864173659,1316.9117464523135,1130.9557581879765,0,0,0,25296555,17794,8169710,11171,14712011,12341,13957426,64240,0,154941,20,0,0,0,0,0,0,0,0,1
8.6.0.1-8.0.6.4-0-0-0,8.6.0.1,0,8.0.6.4,0,0,01/01/1970 08:00:14 AM,71692761,23,0,0.0,0.0,0.0,0.0,0.0,0.0,0,0,0,0,0.0,0.3208134221529005,3258761.863636364,8997544.906320905,3.3907291E7,71.0,7.1692761E7,3258761.863636364,8997544.906320905,3.3907291E7,71.0,0,0,0,0,0,0,0,0,0,0,0,0.3208134221529005,0.0,0.0,0.0,0.0,0.0,0.0,0,0,0,0,0,0,0,0,0.0,0.0,0.0,0.0,0,0,0,0,0,0,4,0,0,0,0,0,0,0,2929946.0,4143461.88999006,5859816.0,76.0,3.0692961E7,4545749.079942711,3.3907291E7,2.7478631E7,1
192.168.1.5-192.168.1.4-3702-65004-17,192.168.1.5,3702,192.168.1.4,65004,17,01/01/1970 08:00:16 AM,110891,2,0,2472.0,0.0,1236.0,1236.0,1236.0,0.0,0,0,0,0,22292.160770486335,18.035728778710624,110891.0,0.0,110891.0,110891.0,110891.0,110891.0,0.0,110891.0,110891.0,0,0,0,0,0,0,0,0,0,16,0,18.035728778710624,0.0,1236.0,1236.0,1236.0,0.0,0.0,0,0,0,0,0,0,0,0,0.0,1854.0,1236.0,0.0,0,0,0,0,0,0,0,0,0,0,0,0,1,8,0,0,0,0,0,0,0,0,1
192.168.1.5-192.168.1.4-49258-5357-6,192.168.1.5,49258,192.168.1.4,5357,6,01/01/1970 08:09:47 AM,5010,6,14,952.0,16953.0,733.0,0.0,158.66666666666669,294.686047628093,1460.0,0.0,1210.9285714285713,534.6585487357925,3573852.2954091816,3992.0159680638726,263.68421052631584,561.8815664682745,2405.0,0.0,4916.0,983.2,1046.7216439913718,2777.0,329.0,4816.0,370.4615384615385,767.0752478717039,2405.0,0.0,0,0,0,0,132,292,1197.6047904191616,2794.4111776447107,0.0,1460.0,852.6190476190475,691.5256666379403,478207.74761904764,1,2,0,3,19,0,0,0,2.0,895.25,158.66666666666666,1210.9285714285713,0,0,0,17905,14,4935226,0,0,0,0,8192,256,2,20,0,0,0,0,0,0,0,0,1
192.168.1.5-192.168.1.4-49261-5357-6,192.168.1.5,49261,192.168.1.4,5357,6,01/01/1970 08:09:58 AM,5864,6,14,952.0,16953.0,733.0,0.0,158.66666666666669,294.686047628093,1460.0,0.0,1210.9285714285713,534.6585487357925,3053376.53478854,3410.6412005457023,308.63157894736844,919.1541528629168,4076.0,0.0,5773.0,1154.6,1916.9205252174645,4581.0,178.0,5707.0,438.99999999999994,1124.2901464183226,4076.0,0.0,0,0,0,0,132,292,1023.1923601637108,2387.448840381992,0.0,1460.0,852.6190476190475,691.5256666379403,478207.74761904764,1,2,0,3,19,0,0,0,2.0,895.25,158.66666666666666,1210.9285714285713,0,0,0,17905,14,3442607,0,0,0,0,8192,256,2,20,0,0,0,0,0,0,0,0,1
192.168.1.4-224.0.0.22-0-0-0,192.168.1.4,0,224.0.0.22,0,0,01/01/1970 08:00:14 AM,3697993,11,0,0.0,0.0,0.0,0.0,0.0,0.0,0,0,0,0,0.0,2.9745864851555965,369799.30000000005,522739.42309785454,1514533.0,1258.0,3697993.0,369799.30000000005,522739.42309785454,1514533.0,1258.0,0,0,0,0,0,0,0,0,0,0,0,2.9745864851555965,0.0,0.0,0.0,0.0,0.0,0.0,0,0,0,0,0,0,0,0,0.0,0.0,0.0,0.0,0,0,0,0,0,0,5,0,0,0,0,0,0,0,0,0,0,0,0,0,0,0,1
192.168.1.4-239.255.255.250-54067-1900-17,192.168.1.4,54067,239.255.255.250,1900,17,01/01/1970 08:00:18 AM,10042059,19,0,2339.0,0.0,133.0,97.0,123.10526315789473,14.305767045504203,0,0,0,0,232.92036025679593,1.8920422594609332,557892.1666666666,1016140.0656729917,3000441.0,790.0,1.0042059E7,557892.1666666666,1016140.0656729917,3000441.0,790.0,0,0,0,0,0,0,0,0,0,152,0,1.8920422594609332,0.0,97.0,133.0,123.60000000000002,14.098898799850327,198.77894736842097,0,0,0,0,0,0,0,0,0.0,130.10526315789474,123.10526315789474,0.0,0,0,0,923,7,1414,6,779,0,0,0,0,18,8,0,0,0,0,0,0,0,0,1
134.221.96.0-0.0.1.146-0-0-0,134.221.96.0,0,0.0.1.146,0,0,01/01/1970 08:08:25 AM,118756897,72,0,0.0,0.0,0.0,0.0,0.0,0.0,0,0,0,0,0.0,0.6062805766977897,1672632.3521126758,987717.1732665913,3820460.0,53699.0,1.18756897E8,1672632.3521126758,987717.1732665913,3820460.0,53699.0,0,0,0,0,0,0,0,0,0,0,0,0.6062805766977897,0.0,0.0,0.0,0.0,0.0,0.0,0,0,0,0,0,0,0,0,0.0,0.0,0.0,0.0,0,0,0,0,0,0,1,0,0,0,0,0,0,0,0,0,0,0,0,0,0,0,1
134.221.96.0-0.0.0.104-0-0-0,134.221.96.0,0,0.0.0.104,0,0,01/01/1970 08:08:30 AM,112211813,24,0,0.0,0.0,0.0,0.0,0.0,0.0,0,0,0,0,0.0,0.21388122478691257,4878774.478260868,2886284.8884327044,7905307.0,2085821.0,1.12211813E8,4878774.478260868,2886284.8884327044,7905307.0,2085821.0,0,0,0,0,0,0,0,0,0,0,0,0.21388122478691257,0.0,0.0,0.0,0.0,0.0,0.0,0,0,0,0,0,0,0,0,0.0,0.0,0.0,0.0,0,0,0,0,0,0,1,0,0,0,0,0,0,0,2178366.0909090913,111924.78240627013,2486833.0,2085821.0,7825421.0,93784.86177416907,7905307.0,7576760.0,1
134.221.96.0-0.0.0.128-0-0-0,134.221.96.0,0,0.0.0.128,0,0,01/01/1970 08:08:30 AM,112211430,24,0,0.0,0.0,0.0,0.0,0.0,0.0,0,0,0,0,0.0,0.21388195480620825,4878757.826086957,2886765.208860802,7907181.0,2074971.0,1.1221143E8,4878757.826086957,2886765.208860802,7907181.0,2074971.0,0,0,0,0,0,0,0,0,0,0,0,0.21388195480620825,0.0,0.0,0.0,0.0,0.0,0.0,0,0,0,0,0,0,0,0,0.0,0.0,0.0,0.0,0,0,0,0,0,0,1,0,0,0,0,0,0,0,2178028.5454545454,118238.18226898082,2504748.0,2074971.0,7825742.090909091,96158.17830372468,7907181.0,7570697.0,1
134.221.96.0-0.0.0.116-0-0-0,134.221.96.0,0,0.0.0.116,0,0,01/01/1970 08:08:30 AM,112210937,24,0,0.0,0.0,0.0,0.0,0.0,0.0,0,0,0,0,0.0,0.213882894498956,4878736.391304347,2885782.139435523,7931463.0,2079696.0,1.12210937E8,4878736.391304347,2885782.139435523,7931463.0,2079696.0,0,0,0,0,0,0,0,0,0,0,0,0.213882894498956,0.0,0.0,0.0,0.0,0.0,0.0,0,0,0,0,0,0,0,0,0.0,0.0,0.0,0.0,0,0,0,0,0,0,1,0,0,0,0,0,0,0,2179078.181818182,117835.87081514539,2503006.0,2079696.0,7824653.2727272725,100580.33430456561,7931463.0,7573596.0,1
134.221.96.0-0.0.0.28-0-0-0,134.221.96.0,0,0.0.0.28,0,0,01/01/1970 08:08:30 AM,112210967,26,0,0.0,0.0,0.0,0.0,0.0,0.0,0,0,0,0,0.0,0.23170640709298942,4488438.680000001,2886260.7668944076,7931341.0,270.0,1.12210967E8,4488438.680000001,2886260.7668944076,7931341.0,270.0,0,0,0,0,0,0,0,0,0,0,0,0.23170640709298942,0.0,0.0,0.0,0.0,0.0,0.0,0,0,0,0,0,0,0,0,0.0,0.0,0.0,0.0,0,0,0,0,0,0,1,0,0,0,0,0,0,0,2412482.5454545454,777043.6524770488,4728260.0,2079451.0,7591232.818181817,776009.9632759645,7931341.0,5271296.0,1
134.221.96.0-0.0.0.136-0-0-0,134.221.96.0,0,0.0.0.136,0,0,01/01/1970 08:08:30 AM,112211008,48,0,0.0,0.0,0.0,0.0,0.0,0.0,0,0,0,0,0.0,0.42776551833488563,2387468.2553191483,3171306.800729592,7931097.0,8.0,1.12211008E8,2387468.2553191483,3171306.800729592,7931097.0,8.0,0,0,0,0,0,0,0,0,0,0,0,0.42776551833488563,0.0,0.0,0.0,0.0,0.0,0.0,0,0,0,0,0,0,0,0,0.0,0.0,0.0,0.0,0,0,0,0,0,0,2,0,0,0,0,0,0,0,2179906.0,118210.97247379368,2504802.0,2078654.0,7823802.818181818,100721.0125731649,7931097.0,7572428.0,1
192.168.1.4-192.168.1.255-138-138-17,192.168.1.4,138,192.168.1.255,138,17,01/01/1970 08:00:24 AM,19113,2,0,375.0,0.0,201.0,174.0,187.5,19.091883092036785,0,0,0,0,19620.153822005963,104.6408203840318,19113.0,0.0,19113.0,19113.0,19113.0,19113.0,0.0,19113.0,19113.0,0,0,0,0,0,0,0,0,0,16,0,104.6408203840318,0.0,174.0,201.0,183.0,15.588457268119896,243.0,0,0,0,0,0,0,0,0,0.0,274.5,187.5,0.0,0,0,0,0,0,0,0,0,0,0,0,0,1,8,0,0,0,0,0,0,0,0,1
134.221.96.0-0.0.0.194-0-0-0,134.221.96.0,0,0.0.0.194,0,0,01/01/1970 08:08:32 AM,105701747,32,0,0.0,0.0,0.0,0.0,0.0,0.0,0,0,0,0,0.0,0.3027386103656357,3409733.774193549,6420038.121259316,1.5721719E7,724.0,1.05701747E8,3409733.774193549,6420038.121259316,1.5721719E7,724.0,0,0,0,0,0,0,0,0,0,0,0,0.3027386103656357,0.0,0.0,0.0,0.0,0.0,0.0,0,0,0,0,0,0,0,0,0.0,0.0,0.0,0.0,0,0,0,0,0,0,4,0,0,0,0,0,0,0,9594.285714285716,4452.598481571771,19607.0,7465.0,1.5089563857142858E7,713733.0073880168,1.5721719E7,1.4262682E7,1
134.221.96.0-0.0.0.42-0-0-0,134.221.96.0,0,0.0.0.42,0,0,01/01/1970 08:08:32 AM,118685419,33,0,0.0,0.0,0.0,0.0,0.0,0.0,0,0,0,0,0.0,0.2780459493512004,3708919.343749999,6538999.9607916,1.5722811E7,690.0,1.18685419E8,3708919.343749999,6538999.9607916,1.5722811E7,690.0,0,0,0,0,0,0,0,0,0,0,0,0.2780459493512004,0.0,0.0,0.0,0.0,0.0,0.0,0,0,0,0,0,0,0,0,0.0,0.0,0.0,0.0,0,0,0,0,0,0,4,0,0,0,0,0,0,0,8480.125,3568.5255233379353,17231.0,6536.0,1.482719725E7,995854.7151174428,1.5722811E7,1.2984425E7,1
134.221.96.0-0.0.0.32-0-0-0,134.221.96.0,0,0.0.0.32,0,0,01/01/1970 08:08:45 AM,110016890,21,0,0.0,0.0,0.0,0.0,0.0,0.0,0,0,0,0,0.0,0.19087978218617158,5500844.5,8574203.716109432,2.3973139E7,191.0,1.1001689E8,5500844.5,8574203.716109432,2.3973139E7,191.0,0,0,0,0,0,0,0,0,0,0,0,0.19087978218617158,0.0,0.0,0.0,0.0,0.0,0.0,0,0,0,0,0,0,0,0,0.0,0.0,0.0,0.0,0,0,0,0,0,0,2,0,0,0,0,0,0,0,790718.1666666666,1929617.6353406825,4729522.0,204.0,1.6866812166666668E7,7249097.030136413,2.3973139E7,5055561.0,1
192.168.1.4-192.168.1.255-137-137-17,192.168.1.4,137,192.168.1.255,137,17,01/01/1970 08:00:18 AM,38248128,18,0,1116.0,0.0,68.0,50.0,61.99999999999999,8.731282501307986,0,0,0,0,29.177898588919174,0.4706112675632125,2249889.882352941,7547817.252573678,3.1516811E7,194.0,3.8248128E7,2249889.882352941,7547817.252573678,3.1516811E7,194.0,0,0,0,0,0,0,0,0,0,144,0,0.4706112675632125,0.0,50.0,68.0,62.3157894736842,8.596204792936543,73.8947368421052,0,0,0,0,0,0,0,0,0.0,65.77777777777777,62.0,0.0,0,0,0,966,15,184,18,1116,0,0,0,0,17,8,5232306.0,0.0,5232306.0,5232306.0,3.1516811E7,0.0,3.1516811E7,3.1516811E7,1
192.168.1.4-172.217.16.227-49264-443-6,192.168.1.4,49264,172.217.16.227,443,6,01/01/1970 08:11:17 AM,661749,9,8,1997.0,5726.0,1125.0,0.0,221.88888888888889,392.4064998329043,1460.0,0.0,715.75,689.6886978920272,11670.58809306852,25.689498586322003,41359.3125,64059.30403172647,212557.0,71.0,661749.0,82718.625,94917.8705361904,268806.0,1402.0,483385.0,69055.0,73875.20315369697,212660.0,185.0,0,0,0,0,192,164,13.600322780994002,12.089175805328,0.0,1460.0,429.05555555555554,583.5720099950589,340556.2908496732,0,2,1,8,16,0,0,0,0.0,454.29411764705884,221.88888888888889,715.75,0,0,0,7723,10,16150,0,0,0,0,8192,32768,4,20,0,0,0,0,0,0,0,0,1
192.168.1.4-192.168.1.5-49261-445-6,192.168.1.4,49261,192.168.1.5,445,6,01/01/1970 08:09:46 AM,119617731,166653,187832,2.13815647E8,2.43044909E8,1460.0,0.0,1282.9990879252307,467.61220587424503,1460.0,0.0,1293.9483634311325,456.2395972613268,3819338.0879294556,2963.4820610332426,337.44183376400036,16332.943153018763,4793392.0,0.0,1.19617731E8,717.7695497203683,25137.16774576531,5006061.0,0.0,1.19616812E8,636.8321097156658,22511.6959663315,4793392.0,0.0,0,0,0,0,3340924,3780136,1393.2131850920996,1570.2688759411428,0.0,1460.0,1288.7971767573374,461.657184492631,213127.35599366314,0,2,0,19134,354484,0,0,0,1.0,1288.8008124462249,1282.9990879252098,1293.9483634311512,0,0,0,25381142,18004,5274573,10415,13363477,11739,15190306,8192,24824,152091,20,0,0,0,0,0,0,0,0,1
134.221.96.0-0.0.0.20-0-0-0,134.221.96.0,0,0.0.0.20,0,0,01/01/1970 08:08:20 AM,87653117,27,0,0.0,0.0,0.0,0.0,0.0,0.0,0,0,0,0,0.0,0.3080324000343308,3371273.730769231,1.34039362833511E7,6.7239923E7,137.0,8.7653117E7,3371273.730769231,1.34039362833511E7,6.7239923E7,137.0,0,0,0,0,0,0,0,0,0,0,0,0.3080324000343308,0.0,0.0,0.0,0.0,0.0,0.0,0,0,0,0,0,0,0,0,0.0,0.0,0.0,0.0,0,0,0,0,0,0,9,0,0,0,0,0,0,0,657333.0,0.0,657333.0,657333.0,4.15388425E7,3.634681661074269E7,6.7239923E7,1.5837762E7,1
192.168.1.5-192.168.1.255-138-138-17,192.168.1.5,138,192.168.1.255,138,17,01/01/1970 08:09:56 AM,76000324,14,0,2598.0,0.0,204.0,174.0,185.57142857142858,12.277022225494045,0,0,0,0,34.184064794250084,0.18420974100057783,5846178.769230769,1.1716492695501423E7,4.0739995E7,218.0,7.6000324E7,5846178.769230769,1.1716492695501423E7,4.0739995E7,218.0,0,0,0,0,0,0,0,0,0,112,0,0.18420974100057783,0.0,174.0,204.0,184.79999999999998,12.20187339246373,148.88571428571433,0,0,0,0,0,0,0,0,0.0,198.0,185.57142857142858,0.0,0,0,0,0,0,0,1,288,0,0,0,0,13,8,4500262.0,6360957.241072447,8998138.0,2386.0,2.2333266666666664E7,1.707850255923681E7,4.0739995E7,7000505.0,1
8.6.0.1-8.0.6.4-0-0-0,8.6.0.1,0,8.0.6.4,0,0,01/01/1970 08:09:46 AM,34531814,11,0,0.0,0.0,0.0,0.0,0.0,0.0,0,0,0,0,0.0,0.318546833363576,3453181.4000000004,7253511.054058689,2.3538702E7,90.0,3.4531814E7,3453181.4000000004,7253511.054058689,2.3538702E7,90.0,0,0,0,0,0,0,0,0,0,0,0,0.318546833363576,0.0,0.0,0.0,0.0,0.0,0.0,0,0,0,0,0,0,0,0,0.0,0.0,0.0,0.0,0,0,0,0,0,0,2,0,0,0,0,0,0,0,2739743.0,2197552.111425802,4293647.0,1185839.0,1.4526119E7,1.2745717110613195E7,2.3538702E7,5513536.0,1
134.221.96.0-0.0.1.146-0-0-0,134.221.96.0,0,0.0.1.146,0,0,01/01/1970 08:10:26 AM,119392959,73,0,0.0,0.0,0.0,0.0,0.0,0.0,0,0,0,0,0.0,0.611426340476242,1658235.5416666672,978942.2208538273,3616149.0,12982.0,1.19392959E8,1658235.5416666672,978942.2208538273,3616149.0,12982.0,0,0,0,0,0,0,0,0,0,0,0,0.611426340476242,0.0,0.0,0.0,0.0,0.0,0.0,0,0,0,0,0,0,0,0,0.0,0.0,0.0,0.0,0,0,0,0,0,0,1,0,0,0,0,0,0,0,0,0,0,0,0,0,0,0,1
134.221.96.0-0.0.0.104-0-0-0,134.221.96.0,0,0.0.0.104,0,0,01/01/1970 08:10:30 AM,112194999,24,0,0.0,0.0,0.0,0.0,0.0,0.0,0,0,0,0,0.0,0.21391327789931172,4878043.434782608,2880063.972113622,7844410.0,2160059.0,1.12194999E8,4878043.434782608,2880063.972113622,7844410.0,2160059.0,0,0,0,0,0,0,0,0,0,0,0,0.21391327789931172,0.0,0.0,0.0,0.0,0.0,0.0,0,0,0,0,0,0,0,0,0.0,0.0,0.0,0.0,0,0,0,0,0,0,1,0,0,0,0,0,0,0,2179922.090909091,19167.534178681122,2210848.0,2160059.0,7819987.1818181835,20124.232690059438,7844410.0,7788589.0,1
134.221.96.0-0.0.0.128-0-0-0,134.221.96.0,0,0.0.0.128,0,0,01/01/1970 08:10:30 AM,112195575,24,0,0.0,0.0,0.0,0.0,0.0,0.0,0,0,0,0,0.0,0.21391217969157875,4878068.478260869,2876905.511354832,7845639.0,2159784.0,1.12195575E8,4878068.478260869,2876905.511354832,7845639.0,2159784.0,0,0,0,0,0,0,0,0,0,0,0,0.21391217969157875,0.0,0.0,0.0,0.0,0.0,0.0,0,0,0,0,0,0,0,0,0.0,0.0,0.0,0.0,0,0,0,0,0,0,1,0,0,0,0,0,0,0,2183882.181818182,21916.861895892718,2211642.0,2159784.0,7816765.0,23897.240844917676,7845639.0,7779203.0,1
134.221.96.0-0.0.0.116-0-0-0,134.221.96.0,0,0.0.0.116,0,0,01/01/1970 08:10:30 AM,112195547,24,0,0.0,0.0,0.0,0.0,0.0,0.0,0,0,0,0,0.0,0.2139122330764161,4878067.2608695645,2876222.172408851,7849549.0,2159249.0,1.12195547E8,4878067.2608695645,2876222.172408851,7849549.0,2159249.0,0,0,0,0,0,0,0,0,0,0,0,0.2139122330764161,0.0,0.0,0.0,0.0,0.0,0.0,0,0,0,0,0,0,0,0,0.0,0.0,0.0,0.0,0,0,0,0,0,0,1,0,0,0,0,0,0,0,2184705.4545454546,23464.32225044494,2220246.0,2159249.0,7816048.636363636,26718.815940354532,7849549.0,7766819.0,1
134.221.96.0-0.0.0.28-0-0-0,134.221.96.0,0,0.0.0.28,0,0,01/01/1970 08:10:30 AM,112195661,24,0,0.0,0.0,0.0,0.0,0.0,0.0,0,0,0,0,0.0,0.21391201572403054,4878072.217391304,2878511.868088692,7892640.0,2159283.0,1.12195661E8,4878072.217391304,2878511.868088692,7892640.0,2159283.0,0,0,0,0,0,0,0,0,0,0,0,0.21391201572403054,0.0,0.0,0.0,0.0,0.0,0.0,0,0,0,0,0,0,0,0,0.0,0.0,0.0,0.0,0,0,0,0,0,0,1,0,0,0,0,0,0,0,2182411.9090909087,21233.70442223664,2212557.0,2159283.0,7818350.454545454,36534.32760394976,7892640.0,7756016.0,1
134.221.96.0-0.0.0.136-0-0-0,134.221.96.0,0,0.0.0.136,0,0,01/01/1970 08:10:30 AM,112195802,48,0,0.0,0.0,0.0,0.0,0.0,0.0,0,0,0,0,0.0,0.42782349378811874,2387144.723404255,3168153.8851866,7892432.0,9.0,1.12195802E8,2387144.723404255,3168153.8851866,7892432.0,9.0,0,0,0,0,0,0,0,0,0,0,0,0.42782349378811874,0.0,0.0,0.0,0.0,0.0,0.0,0,0,0,0,0,0,0,0,0.0,0.0,0.0,0.0,0,0,0,0,0,0,2,0,0,0,0,0,0,0,2182663.1818181816,21388.72879728099,2213328.0,2159201.0,7818105.090909091,36694.16709902148,7892432.0,7755327.0,1
134.221.96.0-0.0.0.194-0-0-0,134.221.96.0,0,0.0.0.194,0,0,01/01/1970 08:10:32 AM,105688088,32,0,0.0,0.0,0.0,0.0,0.0,0.0,0,0,0,0,0.0,0.3027777359355768,3409293.161290322,6419382.8353697425,1.567412E7,759.0,1.05688088E8,3409293.161290322,6419382.8353697425,1.567412E7,759.0,0,0,0,0,0,0,0,0,0,0,0,0.3027777359355768,0.0,0.0,0.0,0.0,0.0,0.0,0,0,0,0,0,0,0,0,0.0,0.0,0.0,0.0,0,0,0,0,0,0,4,0,0,0,0,0,0,0,9559.857142857143,3157.192815808131,16145.0,6670.0,1.5087530857142856E7,723456.4578414353,1.567412E7,1.4307915E7,1
134.221.96.0-0.0.0.42-0-0-0,134.221.96.0,0,0.0.0.42,0,0,01/01/1970 08:10:32 AM,105687605,32,0,0.0,0.0,0.0,0.0,0.0,0.0,0,0,0,0,0.0,0.3027791196517321,3409277.580645161,6420371.793487755,1.5674751E7,698.0,1.05687605E8,3409277.580645161,6420371.793487755,1.5674751E7,698.0,0,0,0,0,0,0,0,0,0,0,0,0.3027791196517321,0.0,0.0,0.0,0.0,0.0,0.0,0,0,0,0,0,0,0,0,0.0,0.0,0.0,0.0,0,0,0,0,0,0,4,0,0,0,0,0,0,0,7840.714285714286,1286.8323789167614,10182.0,6343.0,1.5089369000000002E7,722255.4404657215,1.5674751E7,1.4311267E7,1
134.221.96.0-0.0.0.32-0-0-0,134.221.96.0,0,0.0.0.32,0,0,01/01/1970 08:10:57 AM,114999714,18,0,0.0,0.0,0.0,0.0,0.0,0.0,0,0,0,0,0.0,0.1565221283941628,6764689.05882353,8759848.061499901,2.4001732E7,118.0,1.14999714E8,6764689.05882353,8759848.061499901,2.4001732E7,118.0,0,0,0,0,0,0,0,0,0,0,0,0.1565221283941628,0.0,0.0,0.0,0.0,0.0,0.0,0,0,0,0,0,0,0,0,0.0,0.0,0.0,0.0,0,0,0,0,0,0,2,0,0,0,0,0,0,0,704832.8571428572,1864063.7146043256,4932132.0,158.0,1.5723673285714285E7,6464614.661185091,2.4001732E7,6495986.0,1
192.168.1.4-192.168.1.5-49261-445-6,192.168.1.4,49261,192.168.1.5,445,6,01/01/1970 08:11:46 AM,119867745,188848,173275,2.47680586E8,2.17180619E8,1460.0,0.0,1311.5340697280508,431.6186337649623,1460.0,0.0,1253.3869225220133,500.4233879666059,3878117.5452996134,3021.0212096673713,331.0148099259377,14332.351699505294,3472315.0,0.0,1.19864978E8,634.720053800169,21031.22371176871,3678585.0,0.0,1.19862651E8,691.7520862910653,21075.86518808401,3472315.0,0.0,1,0,0,0,3782904,3476192,1575.4696978741028,1445.5515117932684,0.0,1460.0,1283.708588770706,466.71667240123105,217824.452297278,0,0,0,20918,362123,0,0,0,0.0,1283.7121337225196,1311.5340697280353,1253.3869225220026,0,0,0,27344776,19469,5246798,17168,22516416,15752,19743692,65335,2075,175573,20,0,0,0,0,0,0,0,0,1
134.221.96.0-0.0.1.146-0-0-0,134.221.96.0,0,0.0.1.146,0,0,01/01/1970 08:12:26 AM,119572174,72,0,0.0,0.0,0.0,0.0,0.0,0.0,0,0,0,0,0.0,0.6021467837492024,1684115.126760563,1079740.043978509,4273931.0,8377.0,1.19572174E8,1684115.126760563,1079740.043978509,4273931.0,8377.0,0,0,0,0,0,0,0,0,0,0,0,0.6021467837492024,0.0,0.0,0.0,0.0,0.0,0.0,0,0,0,0,0,0,0,0,0.0,0.0,0.0,0.0,0,0,0,0,0,0,1,0,0,0,0,0,0,0,0,0,0,0,0,0,0,0,1
134.221.96.0-0.0.0.104-0-0-0,134.221.96.0,0,0.0.0.104,0,0,01/01/1970 08:12:30 AM,112200926,24,0,0.0,0.0,0.0,0.0,0.0,0.0,0,0,0,0,0.0,0.21390197795693772,4878301.130434783,2883512.2991054803,7967556.0,2030818.0,1.12200926E8,4878301.130434783,2883512.2991054803,7967556.0,2030818.0,0,0,0,0,0,0,0,0,0,0,0,0.21390197795693772,0.0,0.0,0.0,0.0,0.0,0.0,0,0,0,0,0,0,0,0,0.0,0.0,0.0,0.0,0,0,0,0,0,0,1,0,0,0,0,0,0,0,2176501.9999999995,50518.820742372656,2204601.0,2030818.0,7823420.545454546,49936.309838360474,7967556.0,7796088.0,1
134.221.96.0-0.0.0.128-0-0-0,134.221.96.0,0,0.0.0.128,0,0,01/01/1970 08:12:30 AM,112200604,24,0,0.0,0.0,0.0,0.0,0.0,0.0,0,0,0,0,0.0,0.21390259182561977,4878287.130434782,2881982.742520381,7968159.0,2030455.0,1.12200604E8,4878287.130434782,2881982.742520381,7968159.0,2030455.0,0,0,0,0,0,0,0,0,0,0,0,0.21390259182561977,0.0,0.0,0.0,0.0,0.0,0.0,0,0,0,0,0,0,0,0,0.0,0.0,0.0,0.0,0,0,0,0,0,0,1,0,0,0,0,0,0,0,2178048.9090909087,51495.33196602294,2208015.0,2030455.0,7821828.090909092,50951.68584149988,7968159.0,7793005.0,1
134.221.96.0-0.0.0.116-0-0-0,134.221.96.0,0,0.0.0.116,0,0,01/01/1970 08:12:30 AM,112200507,24,0,0.0,0.0,0.0,0.0,0.0,0.0,0,0,0,0,0.0,0.21390277674948474,4878282.913043478,2881840.3494756594,7967446.0,2031292.0,1.12200507E8,4878282.913043478,2881840.3494756594,7967446.0,2031292.0,0,0,0,0,0,0,0,0,0,0,0,0.21390277674948474,0.0,0.0,0.0,0.0,0.0,0.0,0,0,0,0,0,0,0,0,0.0,0.0,0.0,0.0,0,0,0,0,0,0,1,0,0,0,0,0,0,0,2178185.4545454546,51247.53719226636,2207631.0,2031292.0,7821682.818181818,50668.130391436585,7967446.0,7793401.0,1
134.221.96.0-0.0.0.28-0-0-0,134.221.96.0,0,0.0.0.28,0,0,01/01/1970 08:12:30 AM,112200359,24,0,0.0,0.0,0.0,0.0,0.0,0.0,0,0,0,0,0.0,0.2139030589019773,4878276.478260868,2881392.866224895,7967162.0,2031261.0,1.12200359E8,4878276.478260868,2881392.866224895,7967162.0,2031261.0,0,0,0,0,0,0,0,0,0,0,0,0.2139030589019773,0.0,0.0,0.0,0.0,0.0,0.0,0,0,0,0,0,0,0,0,0.0,0.0,0.0,0.0,0,0,0,0,0,0,1,0,0,0,0,0,0,0,2178637.090909091,51452.29177102709,2208151.0,2031261.0,7821216.7272727275,50783.30634980525,7967162.0,7792890.0,1
134.221.96.0-0.0.0.136-0-0-0,134.221.96.0,0,0.0.0.136,0,0,01/01/1970 08:12:30 AM,112200439,48,0,0.0,0.0,0.0,0.0,0.0,0.0,0,0,0,0,0.0,0.42780581277404806,2387243.382978724,3169479.443300673,7966988.0,8.0,1.12200439E8,2387243.382978724,3169479.443300673,7966988.0,8.0,0,0,0,0,0,0,0,0,0,0,0,0.42780581277404806,0.0,0.0,0.0,0.0,0.0,0.0,0,0,0,0,0,0,0,0,0.0,0.0,0.0,0.0,0,0,0,0,0,0,2,0,0,0,0,0,0,0,2178855.818181818,51451.41063725688,2208475.0,2031460.0,7820991.181818183,50803.157895583885,7966988.0,7792554.0,1
134.221.96.0-0.0.0.194-0-0-0,134.221.96.0,0,0.0.0.194,0,0,01/01/1970 08:12:32 AM,119997936,33,0,0.0,0.0,0.0,0.0,0.0,0.0,0,0,0,0,0.0,0.2750047300813574,3749935.5,6597979.921872514,1.5676556E7,758.0,1.19997936E8,3749935.5,6597979.921872514,1.5676556E7,758.0,0,0,0,0,0,0,0,0,0,0,0,0.2750047300813574,0.0,0.0,0.0,0.0,0.0,0.0,0,0,0,0,0,0,0,0,0.0,0.0,0.0,0.0,0,0,0,0,0,0,4,0,0,0,0,0,0,0,17715.5,21402.66497425029,69784.0,7284.0,1.4982026500000002E7,739358.0409793739,1.5676556E7,1.4249898E7,1
134.221.96.0-0.0.0.42-0-0-0,134.221.96.0,0,0.0.0.42,0,0,01/01/1970 08:12:32 AM,119997718,33,0,0.0,0.0,0.0,0.0,0.0,0.0,0,0,0,0,0.0,0.27500522968278446,3749928.6874999995,6597564.633471028,1.5688166E7,711.0,1.19997718E8,3749928.6874999995,6597564.633471028,1.5688166E7,711.0,0,0,0,0,0,0,0,0,0,0,0,0.27500522968278446,0.0,0.0,0.0,0.0,0.0,0.0,0,0,0,0,0,0,0,0,0.0,0.0,0.0,0.0,0,0,0,0,0,0,4,0,0,0,0,0,0,0,18670.625000000004,25643.291910013097,81455.0,6795.0,1.4981044125E7,745425.0655646917,1.5688166E7,1.4224183E7,1
192.168.1.4-239.255.255.250-1900-1900-17,192.168.1.4,1900,239.255.255.250,1900,17,01/01/1970 08:07:40 AM,8648192,18,0,8607.0,0.0,513.0,433.0,478.1666666666667,30.860692684079158,0,0,0,0,995.2369235095613,2.0813598958024984,508717.17647058825,440453.46148234484,1471728.0,124271.0,8648192.0,508717.17647058825,440453.46148234484,1471728.0,124271.0,0,0,0,0,0,0,0,0,0,144,0,2.0813598958024984,0.0,433.0,513.0,480.00000000000006,31.03761159195942,963.3333333333337,0,0,0,0,0,0,0,0,0.0,506.6666666666667,478.1666666666667,0.0,0,0,0,2707,5,1800,6,2869,0,0,0,0,17,8,0,0,0,0,0,0,0,0,1
134.221.96.0-0.0.0.32-0-0-0,134.221.96.0,0,0.0.0.32,0,0,01/01/1970 08:13:15 AM,115961779,18,0,0.0,0.0,0.0,0.0,0.0,0.0,0,0,0,0,0.0,0.15522355861753379,6821281.117647059,9321712.610359617,2.3368239E7,112.0,1.15961779E8,6821281.117647059,9321712.610359617,2.3368239E7,112.0,0,0,0,0,0,0,0,0,0,0,0,0.15522355861753379,0.0,0.0,0.0,0.0,0.0,0.0,0,0,0,0,0,0,0,0,0.0,0.0,0.0,0.0,0,0,0,0,0,0,2,0,0,0,0,0,0,0,3126.0,7188.126552401073,19417.0,150.0,1.6550051428571427E7,6632989.502593304,2.3368239E7,6569407.0,1
192.168.1.4-192.168.1.5-49261-445-6,192.168.1.4,49261,192.168.1.5,445,6,01/01/1970 08:13:46 AM,119967400,167233,169481,2.15114199E8,2.14625347E8,1460.0,0.0,1286.314298015363,459.3663479284786,1460.0,0.0,1266.3681887645123,483.92427617582905,3582136.0302882283,2806.7124902265114,356.2897779414495,10581.463967912994,2068331.0,0.0,1.199674E8,717.3710773057677,16118.01889421378,2069570.0,0.0,1.19015993E8,702.2421111635517,14823.685027641692,2068331.0,0.0,0,0,0,0,3347168,3396592,1393.987033144004,1412.7254570825075,0.0,1460.0,1276.2708700235987,471.99616003412365,222780.37508695805,0,0,0,23440,336714,0,0,0,1.0,1276.2746603942812,1286.3142980153439,1266.3681887645223,0,0,0,47748838,34383,4048221,23890,30730599,24211,30660763,2074,1893,154686,20,0,0,0,0,0,0,0,0,1
134.221.96.0-0.0.1.146-0-0-0,134.221.96.0,0,0.0.1.146,0,0,01/01/1970 08:14:27 AM,119473491,73,0,0.0,0.0,0.0,0.0,0.0,0.0,0,0,0,0,0.0,0.6110142039793581,1659354.0416666665,838675.318324996,3931568.0,7289.0,1.19473491E8,1659354.0416666665,838675.318324996,3931568.0,7289.0,0,0,0,0,0,0,0,0,0,0,0,0.6110142039793581,0.0,0.0,0.0,0.0,0.0,0.0,0,0,0,0,0,0,0,0,0.0,0.0,0.0,0.0,0,0,0,0,0,0,1,0,0,0,0,0,0,0,0,0,0,0,0,0,0,0,1
134.221.96.0-0.0.0.104-0-0-0,134.221.96.0,0,0.0.0.104,0,0,01/01/1970 08:14:30 AM,112377454,24,0,0.0,0.0,0.0,0.0,0.0,0.0,0,0,0,0,0.0,0.21356597027015756,4885976.2608695645,2792741.5328954943,7806509.0,2187344.0,1.12377454E8,4885976.2608695645,2792741.5328954943,7806509.0,2187344.0,0,0,0,0,0,0,0,0,0,0,0,0.21356597027015756,0.0,0.0,0.0,0.0,0.0,0.0,0,0,0,0,0,0,0,0,0.0,0.0,0.0,0.0,0,0,0,0,0,0,1,0,0,0,0,0,0,0,2262265.3636363633,82620.8252249671,2396208.0,2187344.0,7737553.000000001,81947.27991947057,7806509.0,7602103.0,1
134.221.96.0-0.0.0.128-0-0-0,134.221.96.0,0,0.0.0.128,0,0,01/01/1970 08:14:30 AM,112377172,24,0,0.0,0.0,0.0,0.0,0.0,0.0,0,0,0,0,0.0,0.21356650619398038,4885963.999999999,2793696.3776636664,7807535.0,2171273.0,1.12377172E8,4885963.999999999,2793696.3776636664,7807535.0,2171273.0,0,0,0,0,0,0,0,0,0,0,0,0.21356650619398038,0.0,0.0,0.0,0.0,0.0,0.0,0,0,0,0,0,0,0,0,0.0,0.0,0.0,0.0,0,0,0,0,0,0,1,0,0,0,0,0,0,0,2261295.5454545454,84099.28520429129,2396160.0,2171273.0,7738505.454545454,81137.35710924232,7807535.0,7601961.0,1
134.221.96.0-0.0.0.116-0-0-0,134.221.96.0,0,0.0.0.116,0,0,01/01/1970 08:14:30 AM,112376925,24,0,0.0,0.0,0.0,0.0,0.0,0.0,0,0,0,0,0.0,0.21356697560464483,4885953.260869566,2794924.363500269,7807722.0,2157211.0,1.12376925E8,4885953.260869566,2794924.363500269,7807722.0,2157211.0,0,0,0,0,0,0,0,0,0,0,0,0.21356697560464483,0.0,0.0,0.0,0.0,0.0,0.0,0,0,0,0,0,0,0,0,0.0,0.0,0.0,0.0,0,0,0,0,0,0,1,0,0,0,0,0,0,0,2260063.2727272725,85716.76529721722,2396144.0,2157211.0,7739729.7272727275,80778.07652710108,7807722.0,7601949.0,1
134.221.96.0-0.0.0.28-0-0-0,134.221.96.0,0,0.0.0.28,0,0,01/01/1970 08:14:30 AM,112376152,24,0,0.0,0.0,0.0,0.0,0.0,0.0,0,0,0,0,0.0,0.2135684446643092,4885919.652173914,2796751.5199145954,7807784.0,2136264.0,1.12376152E8,4885919.652173914,2796751.5199145954,7807784.0,2136264.0,0,0,0,0,0,0,0,0,0,0,0,0.2135684446643092,0.0,0.0,0.0,0.0,0.0,0.0,0,0,0,0,0,0,0,0,0.0,0.0,0.0,0.0,0,0,0,0,0,0,1,0,0,0,0,0,0,0,2258204.5454545454,88419.71443107427,2396010.0,2136264.0,7741523.818181818,80569.56161953257,7807784.0,7602144.0,1
134.221.96.0-0.0.0.136-0-0-0,134.221.96.0,0,0.0.0.136,0,0,01/01/1970 08:14:30 AM,112376037,48,0,0.0,0.0,0.0,0.0,0.0,0.0,0,0,0,0,0.0,0.42713732643908775,2390979.5106382975,3136567.4113430036,7807663.0,8.0,1.12376037E8,2390979.5106382975,3136567.4113430036,7807663.0,8.0,0,0,0,0,0,0,0,0,0,0,0,0.42713732643908775,0.0,0.0,0.0,0.0,0.0,0.0,0,0,0,0,0,0,0,0,0.0,0.0,0.0,0.0,0,0,0,0,0,0,2,0,0,0,0,0,0,0,2256634.1818181816,91228.51965675892,2396175.0,2116937.0,7743111.090909092,80770.47499111865,7807663.0,7601932.0,1
134.221.96.0-0.0.0.194-0-0-0,134.221.96.0,0,0.0.0.194,0,0,01/01/1970 08:14:32 AM,105699851,31,0,0.0,0.0,0.0,0.0,0.0,0.0,0,0,0,0,0.0,0.2932832894911082,3523328.366666666,6482552.096268537,1.5747215E7,713.0,1.05699851E8,3523328.366666666,6482552.096268537,1.5747215E7,713.0,0,0,0,0,0,0,0,0,0,0,0,0.2932832894911082,0.0,0.0,0.0,0.0,0.0,0.0,0,0,0,0,0,0,0,0,0.0,0.0,0.0,0.0,0,0,0,0,0,0,4,0,0,0,0,0,0,0,35358.71428571429,71358.37097989809,197171.0,7119.0,1.5063561714285713E7,670354.763620904,1.5747215E7,1.423544E7,1
134.221.96.0-0.0.0.42-0-0-0,134.221.96.0,0,0.0.0.42,0,0,01/01/1970 08:14:32 AM,105699748,32,0,0.0,0.0,0.0,0.0,0.0,0.0,0,0,0,0,0.0,0.30274433577646753,3409669.290322581,6158649.410110798,1.5748286E7,713.0,1.05699748E8,3409669.290322581,6158649.410110798,1.5748286E7,713.0,0,0,0,0,0,0,0,0,0,0,0,0.30274433577646753,0.0,0.0,0.0,0.0,0.0,0.0,0,0,0,0,0,0,0,0,0.0,0.0,0.0,0.0,0,0,0,0,0,0,4,0,0,0,0,0,0,0,33502.142857142855,63483.44232797655,177086.0,6919.0,1.3182346624999998E7,3928955.5065747057,1.5748286E7,5103175.0,1
192.168.1.5-239.255.255.250-1900-1900-17,192.168.1.5,1900,239.255.255.250,1900,17,01/01/1970 08:09:45 AM,8453278,18,0,8607.0,0.0,513.0,433.0,478.1666666666667,30.860692684079158,0,0,0,0,1018.1848982134505,2.1293514776161393,497251.64705882355,421127.7342416344,1340129.0,112029.0,8453278.0,497251.64705882355,421127.7342416344,1340129.0,112029.0,0,0,0,0,0,0,0,0,0,144,0,2.1293514776161393,0.0,433.0,513.0,480.00000000000006,31.03761159195942,963.3333333333337,0,0,0,0,0,0,0,0,0.0,506.6666666666667,478.1666666666667,0.0,0,0,0,2707,5,1827,6,2869,0,0,0,0,17,8,0,0,0,0,0,0,0,0,1
134.221.96.0-0.0.0.32-0-0-0,134.221.96.0,0,0.0.0.32,0,0,01/01/1970 08:15:17 AM,109570519,16,0,0.0,0.0,0.0,0.0,0.0,0.0,0,0,0,0,0.0,0.14602468023355808,7304701.266666668,1.0224775582141215E7,2.349911E7,0.0,1.09570519E8,7304701.266666668,1.0224775582141215E7,2.349911E7,0.0,0,0,0,0,0,0,0,0,0,0,0,0.14602468023355808,0.0,0.0,0.0,0.0,0.0,0.0,0,0,0,0,0,0,0,0,0.0,0.0,0.0,0.0,0,0,0,0,0,0,2,0,0,0,0,0,0,0,1159344.25,2271449.1662031347,4566158.0,277.0,2.09865752E7,3201260.5536643215,2.349911E7,1.7070415E7,1
192.168.1.4-192.168.1.5-49261-445-6,192.168.1.4,49261,192.168.1.5,445,6,01/01/1970 08:15:46 AM,119579879,230018,234459,3.00394056E8,2.99739018E8,1460.0,0.0,1305.9589075637064,440.0499096836897,1460.0,0.0,1278.4282881015113,474.5508163076783,5018679.38836098,3884.24042476243,257.451147099099,19321.132963491993,1.1513906E7,0.0,1.19576439E8,519.8591364986031,27779.67251627176,1.1515836E7,0.0,1.19579845E8,510.0267212037958,27325.097529474446,1.1513906E7,0.0,0,0,0,0,4609076,4702952,1923.551034869336,1960.689389893094,0.0,1460.0,1292.0623452564107,457.9963719077511,209760.67668066308,0,0,0,24208,464477,0,0,0,1.0,1292.0651270138242,1305.958907563756,1278.4282881015445,0,0,0,37508317,26558,6880866,19168,25032838,19538,24978251,1892,1442,212531,20,2.0806875E7,0.0,2.0806875E7,2.0806875E7,1.1513906E7,0.0,1.1513906E7,1.1513906E7,1
134.221.96.0-0.0.1.146-0-0-0,134.221.96.0,0,0.0.1.146,0,0,01/01/1970 08:16:27 AM,119489863,72,0,0.0,0.0,0.0,0.0,0.0,0.0,0,0,0,0,0.0,0.6025615746165849,1682955.816901409,976872.3502523802,3992409.0,16208.0,1.19489863E8,1682955.816901409,976872.3502523802,3992409.0,16208.0,0,0,0,0,0,0,0,0,0,0,0,0.6025615746165849,0.0,0.0,0.0,0.0,0.0,0.0,0,0,0,0,0,0,0,0,0.0,0.0,0.0,0.0,0,0,0,0,0,0,1,0,0,0,0,0,0,0,0,0,0,0,0,0,0,0,1
134.221.96.0-0.0.0.104-0-0-0,134.221.96.0,0,0.0.0.104,0,0,01/01/1970 08:16:30 AM,112365265,24,0,0.0,0.0,0.0,0.0,0.0,0.0,0,0,0,0,0.0,0.2135891371768669,4885446.304347826,2790452.548035557,8199680.0,1780057.0,1.12365265E8,4885446.304347826,2790452.548035557,8199680.0,1780057.0,0,0,0,0,0,0,0,0,0,0,0,0.2135891371768669,0.0,0.0,0.0,0.0,0.0,0.0,0,0,0,0,0,0,0,0,0.0,0.0,0.0,0.0,0,0,0,0,0,0,1,0,0,0,0,0,0,0,2272467.7272727275,163819.85341471343,2348808.0,1780057.0,7731647.454545455,155617.00048282873,8199680.0,7672826.0,1
134.221.96.0-0.0.0.128-0-0-0,134.221.96.0,0,0.0.0.128,0,0,01/01/1970 08:16:30 AM,112365663,24,0,0.0,0.0,0.0,0.0,0.0,0.0,0,0,0,0,0.0,0.21358838064258118,4885463.608695653,2789308.527112715,8199345.0,1780011.0,1.12365663E8,4885463.608695653,2789308.527112715,8199345.0,1780011.0,0,0,0,0,0,0,0,0,0,0,0,0.21358838064258118,0.0,0.0,0.0,0.0,0.0,0.0,0,0,0,0,0,0,0,0,0.0,0.0,0.0,0.0,0,0,0,0,0,0,1,0,0,0,0,0,0,0,2273674.1818181816,164283.16682290862,2349027.0,1780011.0,7730472.636363637,155998.1783530005,8199345.0,7666815.0,1
134.221.96.0-0.0.0.116-0-0-0,134.221.96.0,0,0.0.0.116,0,0,01/01/1970 08:16:30 AM,112365514,24,0,0.0,0.0,0.0,0.0,0.0,0.0,0,0,0,0,0.0,0.2135886638671007,4885457.130434781,2789353.2060580626,8199261.0,1779910.0,1.12365514E8,4885457.130434781,2789353.2060580626,8199261.0,1779910.0,0,0,0,0,0,0,0,0,0,0,0,0.2135886638671007,0.0,0.0,0.0,0.0,0.0,0.0,0,0,0,0,0,0,0,0,0.0,0.0,0.0,0.0,0,0,0,0,0,0,1,0,0,0,0,0,0,0,2273633.090909091,164308.9224743773,2348873.0,1779910.0,7730512.090909091,155964.88101521734,8199261.0,7666490.0,1
134.221.96.0-0.0.0.28-0-0-0,134.221.96.0,0,0.0.0.28,0,0,01/01/1970 08:16:30 AM,112365466,24,0,0.0,0.0,0.0,0.0,0.0,0.0,0,0,0,0,0.0,0.21358875510737435,4885455.043478261,2787712.681918612,8189477.0,1779895.0,1.12365466E8,4885455.043478261,2787712.681918612,8189477.0,1779895.0,0,0,0,0,0,0,0,0,0,0,0,0.21358875510737435,0.0,0.0,0.0,0.0,0.0,0.0,0,0,0,0,0,0,0,0,0.0,0.0,0.0,0.0,0,0,0,0,0,0,1,0,0,0,0,0,0,0,2275245.4545454546,164861.01992973572,2348759.0,1779895.0,7728886.0,153311.6701154872,8189477.0,7666547.0,1
134.221.96.0-0.0.0.136-0-0-0,134.221.96.0,0,0.0.0.136,0,0,01/01/1970 08:16:30 AM,112374028,48,0,0.0,0.0,0.0,0.0,0.0,0.0,0,0,0,0,0.0,0.4271449627132704,2390936.7659574472,3131744.1396598467,8189006.0,130.0,1.12374028E8,2390936.7659574472,3131744.1396598467,8189006.0,130.0,0,0,0,0,0,0,0,0,0,0,0,0.4271449627132704,0.0,0.0,0.0,0.0,0.0,0.0,0,0,0,0,0,0,0,0,0.0,0.0,0.0,0.0,0,0,0,0,0,0,2,0,0,0,0,0,0,0,2276150.181818182,165105.40484842894,2348895.0,1780027.0,7727976.545454545,153478.0427255727,8189006.0,7666404.0,1
134.221.96.0-0.0.0.194-0-0-0,134.221.96.0,0,0.0.0.194,0,0,01/01/1970 08:16:32 AM,105718510,32,0,0.0,0.0,0.0,0.0,0.0,0.0,0,0,0,0,0.0,0.3026906073496496,3410274.5161290322,6421372.477177278,1.5753125E7,0.0,1.0571851E8,3410274.5161290322,6421372.477177278,1.5753125E7,0.0,0,0,0,0,0,0,0,0,0,0,0,0.3026906073496496,0.0,0.0,0.0,0.0,0.0,0.0,0,0,0,0,0,0,0,0,0.0,0.0,0.0,0.0,0,0,0,0,0,0,4,0,0,0,0,0,0,0,10969.285714285714,8259.200016028302,29605.0,6849.0,1.5090847857142858E7,754254.2354488147,1.5753125E7,1.4230024E7,1
134.221.96.0-0.0.0.42-0-0-0,134.221.96.0,0,0.0.0.42,0,0,01/01/1970 08:16:32 AM,105717651,32,0,0.0,0.0,0.0,0.0,0.0,0.0,0,0,0,0,0.0,0.30269306683706015,3410246.806451613,6422072.699005299,1.5755028E7,0.0,1.05717651E8,3410246.806451613,6422072.699005299,1.5755028E7,0.0,0,0,0,0,0,0,0,0,0,0,0,0.30269306683706015,0.0,0.0,0.0,0.0,0.0,0.0,0,0,0,0,0,0,0,0,0.0,0.0,0.0,0.0,0,0,0,0,0,0,4,0,0,0,0,0,0,0,9700.857142857143,6847.467352449163,25163.0,6486.0,1.5092205E7,751752.5031874963,1.5755028E7,1.4230281E7,1
192.168.1.4-239.255.255.250-54067-1900-17,192.168.1.4,54067,239.255.255.250,1900,17,01/01/1970 08:10:20 AM,15000407,6,0,798.0,0.0,133.0,133.0,133.0,0.0,0,0,0,0,53.198556545832396,0.3999891469611458,3000081.4,9422.241177129727,3013276.0,2986757.0,1.5000407E7,3000081.4,9422.241177129727,3013276.0,2986757.0,0,0,0,0,0,0,0,0,0,48,0,0.3999891469611458,0.0,133.0,133.0,133.0,0.0,0.0,0,0,0,0,0,0,0,0,0.0,155.16666666666666,133.0,0.0,0,0,0,0,0,0,1,159,0,0,0,0,5,8,0,0,0,0,0,0,0,0,1
134.221.96.0-0.0.1.88-0-0-0,134.221.96.0,0,0.0.1.88,0,0,01/01/1970 08:08:20 AM,87607598,2,0,0.0,0.0,0.0,0.0,0.0,0.0,0,0,0,0,0.0,0.02282907014526297,8.7607598E7,0.0,8.7607598E7,8.7607598E7,8.7607598E7,8.7607598E7,0.0,8.7607598E7,8.7607598E7,0,0,0,0,0,0,0,0,0,0,0,0.02282907014526297,0.0,0.0,0.0,0.0,0.0,0.0,0,0,0,0,0,0,0,0,0.0,0.0,0.0,0.0,0,0,0,0,0,0,2,0,0,0,0,0,0,0,0,0,0,0,8.7607598E7,0.0,8.7607598E7,8.7607598E7,1
134.221.96.0-0.0.0.244-0-0-0,134.221.96.0,0,0.0.0.244,0,0,01/01/1970 08:08:20 AM,87580036,2,0,0.0,0.0,0.0,0.0,0.0,0.0,0,0,0,0,0.0,0.022836254600306395,8.7580036E7,0.0,8.7580036E7,8.7580036E7,8.7580036E7,8.7580036E7,0.0,8.7580036E7,8.7580036E7,0,0,0,0,0,0,0,0,0,0,0,0.022836254600306395,0.0,0.0,0.0,0.0,0.0,0.0,0,0,0,0,0,0,0,0,0.0,0.0,0.0,0.0,0,0,0,0,0,0,2,0,0,0,0,0,0,0,0,0,0,0,8.7580036E7,0.0,8.7580036E7,8.7580036E7,1
134.221.96.0-0.0.5.180-0-0-0,134.221.96.0,0,0.0.5.180,0,0,01/01/1970 08:08:20 AM,87618506,21,0,0.0,0.0,0.0,0.0,0.0,0.0,0,0,0,0,0.0,0.23967539460214035,4380925.3,1.860062256598477E7,8.3321048E7,23.0,8.7618506E7,4380925.3,1.860062256598477E7,8.3321048E7,23.0,0,0,0,0,0,0,0,0,0,0,0,0.23967539460214035,0.0,0.0,0.0,0.0,0.0,0.0,0,0,0,0,0,0,0,0,0.0,0.0,0.0,0.0,0,0,0,0,0,0,10,0,0,0,0,0,0,0,383438.0,0.0,383438.0,383438.0,8.3321048E7,0.0,8.3321048E7,8.3321048E7,1
134.221.96.0-0.0.5.91-0-0-0,134.221.96.0,0,0.0.5.91,0,0,01/01/1970 08:08:20 AM,87573411,2,0,0.0,0.0,0.0,0.0,0.0,0.0,0,0,0,0,0.0,0.022837982181600762,8.7573411E7,0.0,8.7573411E7,8.7573411E7,8.7573411E7,8.7573411E7,0.0,8.7573411E7,8.7573411E7,0,0,0,0,0,0,0,0,0,0,0,0.022837982181600762,0.0,0.0,0.0,0.0,0.0,0.0,0,0,0,0,0,0,0,0,0.0,0.0,0.0,0.0,0,0,0,0,0,0,2,0,0,0,0,0,0,0,0,0,0,0,8.7573411E7,0.0,8.7573411E7,8.7573411E7,1
134.221.96.0-0.0.0.227-0-0-0,134.221.96.0,0,0.0.0.227,0,0,01/01/1970 08:08:21 AM,87242849,2,0,0.0,0.0,0.0,0.0,0.0,0.0,0,0,0,0,0.0,0.0229245149937733,8.7242849E7,0.0,8.7242849E7,8.7242849E7,8.7242849E7,8.7242849E7,0.0,8.7242849E7,8.7242849E7,0,0,0,0,0,0,0,0,0,0,0,0.0229245149937733,0.0,0.0,0.0,0.0,0.0,0.0,0,0,0,0,0,0,0,0,0.0,0.0,0.0,0.0,0,0,0,0,0,0,2,0,0,0,0,0,0,0,0,0,0,0,8.7242849E7,0.0,8.7242849E7,8.7242849E7,1
134.221.96.0-0.0.0.209-0-0-0,134.221.96.0,0,0.0.0.209,0,0,01/01/1970 08:08:21 AM,87236354,2,0,0.0,0.0,0.0,0.0,0.0,0.0,0,0,0,0,0.0,0.02292622179051637,8.7236354E7,0.0,8.7236354E7,8.7236354E7,8.7236354E7,8.7236354E7,0.0,8.7236354E7,8.7236354E7,0,0,0,0,0,0,0,0,0,0,0,0.02292622179051637,0.0,0.0,0.0,0.0,0.0,0.0,0,0,0,0,0,0,0,0,0.0,0.0,0.0,0.0,0,0,0,0,0,0,2,0,0,0,0,0,0,0,0,0,0,0,8.7236354E7,0.0,8.7236354E7,8.7236354E7,1
134.221.96.0-0.0.4.102-0-0-0,134.221.96.0,0,0.0.4.102,0,0,01/01/1970 08:08:21 AM,87235070,2,0,0.0,0.0,0.0,0.0,0.0,0.0,0,0,0,0,0.0,0.02292655923815961,8.723507E7,0.0,8.723507E7,8.723507E7,8.723507E7,8.723507E7,0.0,8.723507E7,8.723507E7,0,0,0,0,0,0,0,0,0,0,0,0.02292655923815961,0.0,0.0,0.0,0.0,0.0,0.0,0,0,0,0,0,0,0,0,0.0,0.0,0.0,0.0,0,0,0,0,0,0,2,0,0,0,0,0,0,0,0,0,0,0,8.723507E7,0.0,8.723507E7,8.723507E7,1
192.168.1.5-192.168.1.4-1900-54067-17,192.168.1.5,1900,192.168.1.4,54067,17,01/01/1970 08:00:18 AM,8516649,6,0,2468.0,0.0,446.0,394.0,411.33333333333337,26.852684533704757,0,0,0,0,289.7853369324015,0.7045024398680749,1703329.8,1671266.3724091682,4063021.0,61964.0,8516649.0,1703329.8,1671266.3724091682,4063021.0,61964.0,0,0,0,0,0,0,0,0,0,48,0,0.7045024398680749,0.0,394.0,446.0,408.85714285714283,25.373401896661864,643.809523809524,0,0,0,0,0,0,0,0,0.0,477.0,411.3333333333333,0.0,0,0,0,0,0,0,3,1234,0,0,0,0,5,8,0,0,0,0,0,0,0,0,1
134.221.96.0-0.0.1.214-0-0-0,134.221.96.0,0,0.0.1.214,0,0,01/01/1970 08:08:21 AM,92641906,6,0,0.0,0.0,0.0,0.0,0.0,0.0,0,0,0,0,0.0,0.06476550687547382,1.85283812E7,3.259646033247438E7,7.6765677E7,1781542.0,9.2641906E7,1.85283812E7,3.259646033247438E7,7.6765677E7,1781542.0,0,0,0,0,0,0,0,0,0,0,0,0.06476550687547382,0.0,0.0,0.0,0.0,0.0,0.0,0,0,0,0,0,0,0,0,0.0,0.0,0.0,0.0,0,0,0,0,0,0,1,0,0,0,0,0,0,0,1781542.0,0.0,1781542.0,1781542.0,2.9260866E7,4.1142314480535015E7,7.6765677E7,5108786.0,1
134.221.96.0-0.0.0.32-0-0-0,134.221.96.0,0,0.0.0.32,0,0,01/01/1970 08:17:21 AM,104070040,16,0,0.0,0.0,0.0,0.0,0.0,0.0,0,0,0,0,0.0,0.15374261410872908,6938002.666666667,9575812.744791623,2.3270462E7,173.0,1.0407004E8,6938002.666666667,9575812.744791623,2.3270462E7,173.0,0,0,0,0,0,0,0,0,0,0,0,0.15374261410872908,0.0,0.0,0.0,0.0,0.0,0.0,0,0,0,0,0,0,0,0,0.0,0.0,0.0,0.0,0,0,0,0,0,0,2,0,0,0,0,0,0,0,205201.8333333333,501908.3762976731,1229718.0,180.0,1.7139728833333332E7,6952004.609179066,2.3270462E7,7430173.0,1
192.168.1.4-192.168.1.5-49261-445-6,192.168.1.4,49261,192.168.1.5,445,6,01/01/1970 08:17:47 AM,119688008,272614,279615,3.57761016E8,3.57059888E8,1460.0,0.0,1312.3354486563387,432.9906513291439,1460.0,0.0,1276.9697190780187,477.80170958647847,5972368.626938799,4613.904176598879,216.73657981847532,13924.997358344961,7285443.0,0.0,1.19686831E8,439.0356696122392,20208.77407491943,7285443.0,0.0,1.19686908E8,428.04333116367417,19691.79805061054,7292792.0,0.0,1,0,0,0,5462892,5603860,2277.7052150454374,2336.1989615534417,0.0,1460.0,1294.4262137153048,456.5752226288596,208460.93391859272,0,0,0,26344,552229,0,0,0,1.0,1294.4285577179032,1312.335448656342,1276.969719078018,0,0,0,44676306,31499,8047783,20970,27520078,21508,27466145,1442,26185,252075,20,9.2467188E7,0.0,9.2467188E7,9.2467188E7,7285443.0,0.0,7285443.0,7285443.0,1
134.221.96.0-0.0.1.146-0-0-0,134.221.96.0,0,0.0.1.146,0,0,01/01/1970 08:18:27 AM,119336882,71,0,0.0,0.0,0.0,0.0,0.0,0.0,0,0,0,0,0.0,0.5949543746249378,1704812.6,1202071.8399227466,6045103.0,18865.0,1.19336882E8,1704812.6,1202071.8399227466,6045103.0,18865.0,0,0,0,0,0,0,0,0,0,0,0,0.5949543746249378,0.0,0.0,0.0,0.0,0.0,0.0,0,0,0,0,0,0,0,0,0.0,0.0,0.0,0.0,0,0,0,0,0,0,1,0,0,0,0,0,0,0,1.12267426E8,0.0,1.12267426E8,1.12267426E8,6045103.0,0.0,6045103.0,6045103.0,1
134.221.96.0-0.0.0.104-0-0-0,134.221.96.0,0,0.0.0.104,0,0,01/01/1970 08:18:30 AM,116425213,24,0,0.0,0.0,0.0,0.0,0.0,0.0,0,0,0,0,0.0,0.20614091554206562,5061965.782608696,2541147.423523654,7683715.0,2316097.0,1.16425213E8,5061965.782608696,2541147.423523654,7683715.0,2316097.0,0,0,0,0,0,0,0,0,0,0,0,0.20614091554206562,0.0,0.0,0.0,0.0,0.0,0.0,0,0,0,0,0,0,0,0,0.0,0.0,0.0,0.0,0,0,0,0,0,0,1,0,0,0,0,0,0,0,2480385.2727272725,138741.46736292727,2781570.0,2316097.0,7428414.583333334,351603.6939653555,7683715.0,6392927.0,1
134.221.96.0-0.0.0.128-0-0-0,134.221.96.0,0,0.0.0.128,0,0,01/01/1970 08:18:30 AM,116490029,24,0,0.0,0.0,0.0,0.0,0.0,0.0,0,0,0,0,0.0,0.20602621705931584,5064783.869565218,2540054.44188116,7688777.0,2311126.0,1.16490029E8,5064783.869565218,2540054.44188116,7688777.0,2311126.0,0,0,0,0,0,0,0,0,0,0,0,0.20602621705931584,0.0,0.0,0.0,0.0,0.0,0.0,0,0,0,0,0,0,0,0,0.0,0.0,0.0,0.0,0,0,0,0,0,0,1,0,0,0,0,0,0,0,2483047.1818181816,135301.6197056179,2753930.0,2311126.0,7431375.833333333,334408.7533901731,7688777.0,6455295.0,1
134.221.96.0-0.0.0.116-0-0-0,134.221.96.0,0,0.0.0.116,0,0,01/01/1970 08:18:30 AM,116491229,24,0,0.0,0.0,0.0,0.0,0.0,0.0,0,0,0,0,0.0,0.20602409474107272,5064836.043478261,2534810.507824607,7690928.0,2308996.0,1.16491229E8,5064836.043478261,2534810.507824607,7690928.0,2308996.0,0,0,0,0,0,0,0,0,0,0,0,0.20602409474107272,0.0,0.0,0.0,0.0,0.0,0.0,0,0,0,0,0,0,0,0,0.0,0.0,0.0,0.0,0,0,0,0,0,0,1,0,0,0,0,0,0,0,2488459.2727272725,136727.7204403635,2734744.0,2308996.0,7426514.75,333529.94546929374,7690928.0,6455808.0,1
134.221.96.0-0.0.0.28-0-0-0,134.221.96.0,0,0.0.0.28,0,0,01/01/1970 08:18:30 AM,116495281,26,0,0.0,0.0,0.0,0.0,0.0,0.0,0,0,0,0,0.0,0.22318500609479622,4659811.24,2783920.1768674348,7691043.0,423.0,1.16495281E8,4659811.24,2783920.1768674348,7691043.0,423.0,0,0,0,0,0,0,0,0,0,0,0,0.22318500609479622,0.0,0.0,0.0,0.0,0.0,0.0,0,0,0,0,0,0,0,0,0.0,0.0,0.0,0.0,0,0,0,0,0,0,1,0,0,0,0,0,0,0,2488439.8181818184,135509.39876910258,2733336.0,2308838.0,7426870.25,331762.0307912737,7691043.0,6460008.0,1
134.221.96.0-0.0.0.136-0-0-0,134.221.96.0,0,0.0.0.136,0,0,01/01/1970 08:18:30 AM,116519888,48,0,0.0,0.0,0.0,0.0,0.0,0.0,0,0,0,0,0.0,0.41194684292865097,2479146.5531914895,3102837.730599949,7683209.0,7.0,1.16519888E8,2479146.5531914895,3102837.730599949,7683209.0,7.0,0,0,0,0,0,0,0,0,0,0,0,0.41194684292865097,0.0,0.0,0.0,0.0,0.0,0.0,0,0,0,0,0,0,0,0,0.0,0.0,0.0,0.0,0,0,0,0,0,0,2,0,0,0,0,0,0,0,2280486.666666666,729492.2276383674,2732970.0,167.0,7429502.75,324925.03542960784,7683209.0,6484385.0,1
134.221.96.0-0.0.0.194-0-0-0,134.221.96.0,0,0.0.0.194,0,0,01/01/1970 08:18:32 AM,106288031,32,0,0.0,0.0,0.0,0.0,0.0,0.0,0,0,0,0,0.0,0.3010687064096615,3428646.1612903215,6399762.468573752,1.579158E7,780.0,1.06288031E8,3428646.1612903215,6399762.468573752,1.579158E7,780.0,0,0,0,0,0,0,0,0,0,0,0,0.3010687064096615,0.0,0.0,0.0,0.0,0.0,0.0,0,0,0,0,0,0,0,0,0.0,0.0,0.0,0.0,0,0,0,0,0,0,4,0,0,0,0,0,0,0,31901.571428571428,41416.13028703166,111555.0,7790.0,1.5070451428571427E7,726834.5158706709,1.579158E7,1.4297273E7,1
134.221.96.0-0.0.0.42-0-0-0,134.221.96.0,0,0.0.0.42,0,0,01/01/1970 08:18:32 AM,118666119,33,0,0.0,0.0,0.0,0.0,0.0,0.0,0,0,0,0,0.0,0.2780911710780733,3708316.2187499995,6509433.099787123,1.5967849E7,721.0,1.18666119E8,3708316.2187499995,6509433.099787123,1.5967849E7,721.0,0,0,0,0,0,0,0,0,0,0,0,0.2780911710780733,0.0,0.0,0.0,0.0,0.0,0.0,0,0,0,0,0,0,0,0,0.0,0.0,0.0,0.0,0,0,0,0,0,0,4,0,0,0,0,0,0,0,71950.25,127328.27562951487,376099.0,7207.0,1.4761314625E7,1217675.8157536883,1.5967849E7,1.2317858E7,1
134.221.96.0-0.0.0.32-0-0-0,134.221.96.0,0,0.0.0.32,0,0,01/01/1970 08:19:23 AM,103092742,16,0,0.0,0.0,0.0,0.0,0.0,0.0,0,0,0,0,0.0,0.15520006248354515,6872849.466666666,8944491.064132316,2.2526988E7,146.0,1.03092742E8,6872849.466666666,8944491.064132316,2.2526988E7,146.0,0,0,0,0,0,0,0,0,0,0,0,0.15520006248354515,0.0,0.0,0.0,0.0,0.0,0.0,0,0,0,0,0,0,0,0,0.0,0.0,0.0,0.0,0,0,0,0,0,0,2,0,0,0,0,0,0,0,3142.7142857142853,7063.699897227743,19142.0,146.0,1.4724259714285715E7,7199174.074355213,2.2526988E7,5052270.0,1
192.168.1.4-192.168.1.5-49261-445-6,192.168.1.4,49261,192.168.1.5,445,6,01/01/1970 08:19:49 AM,107366321,150278,152374,1.96494538E8,1.96134102E8,1460.0,0.0,1307.5402786835125,438.50309282909546,1460.0,0.0,1287.188772362763,464.89018345955617,3656906.899138325,2818.8727822759242,354.7529035093295,16306.011843175675,5191939.0,0.0,1.07161578E8,713.0936736826022,23872.26469747757,5196614.0,0.0,1.07364609E8,704.6170187631634,23023.94940130892,5191939.0,0.0,1,0,0,0,3012808,3052508,1399.6754159062598,1419.1973663696645,0.0,1460.0,1297.2900450350744,452.0990180747692,204393.5221441705,0,0,0,15538,302652,0,0,0,1.0,1297.294331443374,1307.5402786835066,1287.188772362739,0,0,0,24539290,17357,5064804,10734,14035324,10883,14009578,26185,5531,138868,20,1.01064607E8,0.0,1.01064607E8,1.01064607E8,5191939.0,0.0,5191939.0,5191939.0,1
192.168.1.4-239.255.255.250-1900-1900-17,192.168.1.4,1900,239.255.255.250,1900,17,01/01/1970 08:15:04 AM,8546502,18,0,8607.0,0.0,513.0,433.0,478.1666666666667,30.860692684079158,0,0,0,0,1007.0786855253763,2.1061248215936765,502735.4117647059,433875.860935916,1615466.0,86233.0,8546502.0,502735.4117647059,433875.860935916,1615466.0,86233.0,0,0,0,0,0,0,0,0,0,144,0,2.1061248215936765,0.0,433.0,513.0,480.00000000000006,31.03761159195942,963.3333333333337,0,0,0,0,0,0,0,0,0.0,506.6666666666667,478.1666666666667,0.0,0,0,0,2869,6,1585,9,4303,0,0,0,0,17,8,0,0,0,0,0,0,0,0,1
134.221.96.0-0.0.0.104-0-0-0,134.221.96.0,0,0.0.0.104,0,0,01/01/1970 08:20:30 AM,112971606,25,0,0.0,0.0,0.0,0.0,0.0,0.0,0,0,0,0,0.0,0.22129454369268683,4707150.25,2444514.039419505,9980743.0,261943.0,1.12971606E8,4707150.25,2444514.039419505,9980743.0,261943.0,0,0,0,0,0,0,0,0,0,0,0,0.22129454369268683,0.0,0.0,0.0,0.0,0.0,0.0,0,0,0,0,0,0,0,0,0.0,0.0,0.0,0.0,0,0,0,0,0,0,1,0,0,0,0,0,0,0,2951865.9999999995,639866.1092941242,4452577.0,1758181.0,7058171.727272727,1177841.0141095521,9980743.0,5429522.0,1
134.221.96.0-0.0.0.128-0-0-0,134.221.96.0,0,0.0.0.128,0,0,01/01/1970 08:20:30 AM,112972455,25,0,0.0,0.0,0.0,0.0,0.0,0.0,0,0,0,0,0.0,0.22129288064068361,4707185.625,2716181.2080778414,1.1595742E7,380.0,1.12972455E8,4707185.625,2716181.2080778414,1.1595742E7,380.0,0,0,0,0,0,0,0,0,0,0,0,0.22129288064068361,0.0,0.0,0.0,0.0,0.0,0.0,0,0,0,0,0,0,0,0,0.0,0.0,0.0,0.0,0,0,0,0,0,0,1,0,0,0,0,0,0,0,2805457.3636363638,1000379.5276666023,4423570.0,184384.0,7204642.818181819,1603779.6138787786,1.1595742E7,5417757.0,1
134.221.96.0-0.0.0.116-0-0-0,134.221.96.0,0,0.0.0.116,0,0,01/01/1970 08:20:30 AM,112972459,24,0,0.0,0.0,0.0,0.0,0.0,0.0,0,0,0,0,0.0,0.21244115789318174,4911846.04347826,2581750.5666129026,1.159608E7,184194.0,1.12972459E8,4911846.04347826,2581750.5666129026,1.159608E7,184194.0,0,0,0,0,0,0,0,0,0,0,0,0.21244115789318174,0.0,0.0,0.0,0.0,0.0,0.0,0,0,0,0,0,0,0,0,0.0,0.0,0.0,0.0,0,0,0,0,0,0,1,0,0,0,0,0,0,0,2804466.909090909,1000091.4426642649,4421791.0,184194.0,7205639.2727272725,1603281.3438912767,1.159608E7,5459594.0,1
134.221.96.0-0.0.0.28-0-0-0,134.221.96.0,0,0.0.0.28,0,0,01/01/1970 08:20:30 AM,112972605,24,0,0.0,0.0,0.0,0.0,0.0,0.0,0,0,0,0,0.0,0.212440883345126,4911852.391304347,2582029.9485616097,1.159681E7,183477.0,1.12972605E8,4911852.391304347,2582029.9485616097,1.159681E7,183477.0,0,0,0,0,0,0,0,0,0,0,0,0.212440883345126,0.0,0.0,0.0,0.0,0.0,0.0,0,0,0,0,0,0,0,0,0.0,0.0,0.0,0.0,0,0,0,0,0,0,1,0,0,0,0,0,0,0,2804204.5454545454,1000211.7208514768,4421843.0,183477.0,7205904.90909091,1603412.7441576268,1.159681E7,5459815.0,1
134.221.96.0-0.0.0.136-0-0-0,134.221.96.0,0,0.0.0.136,0,0,01/01/1970 08:20:30 AM,112972859,48,0,0.0,0.0,0.0,0.0,0.0,0.0,0,0,0,0,0.0,0.42488081141683776,2403677.8510638294,3057483.038666382,1.1596458E7,0.0,1.12972859E8,2403677.8510638294,3057483.038666382,1.1596458E7,0.0,0,0,0,0,0,0,0,0,0,0,0,0.42488081141683776,0.0,0.0,0.0,0.0,0.0,0.0,0,0,0,0,0,0,0,0,0.0,0.0,0.0,0.0,0,0,0,0,0,0,2,0,0,0,0,0,0,0,2803975.909090909,1000219.2747688333,4422287.0,183729.0,7206144.181818182,1603370.0884150122,1.1596458E7,5459734.0,1
134.221.96.0-0.0.1.146-0-0-0,134.221.96.0,0,0.0.1.146,0,0,01/01/1970 08:20:29 AM,119523989,74,0,0.0,0.0,0.0,0.0,0.0,0.0,0,0,0,0,0.0,0.6191225763055817,1637314.9178082186,1197744.764098922,6786804.0,38983.0,1.19523989E8,1637314.9178082186,1197744.764098922,6786804.0,38983.0,0,0,0,0,0,0,0,0,0,0,0,0.6191225763055817,0.0,0.0,0.0,0.0,0.0,0.0,0,0,0,0,0,0,0,0,0.0,0.0,0.0,0.0,0,0,0,0,0,0,1,0,0,0,0,0,0,0,2.9656079E7,0.0,2.9656079E7,2.9656079E7,6786804.0,0.0,6786804.0,6786804.0,1
134.221.96.0-0.0.0.194-0-0-0,134.221.96.0,0,0.0.0.194,0,0,01/01/1970 08:20:32 AM,119978319,36,0,0.0,0.0,0.0,0.0,0.0,0.0,0,0,0,0,0.0,0.3000542122948064,3427951.9714285717,6423045.840176672,1.7997798E7,732.0,1.19978319E8,3427951.9714285717,6423045.840176672,1.7997798E7,732.0,0,0,0,0,0,0,0,0,0,0,0,0.3000542122948064,0.0,0.0,0.0,0.0,0.0,0.0,0,0,0,0,0,0,0,0,0.0,0.0,0.0,0.0,0,0,0,0,0,0,4,0,0,0,0,0,0,0,26127.375,50292.971576375785,150560.0,7122.0,1.4970205E7,1736028.055861672,1.7997798E7,1.1996937E7,1
134.221.96.0-0.0.0.42-0-0-0,134.221.96.0,0,0.0.0.42,0,0,01/01/1970 08:20:32 AM,119977312,36,0,0.0,0.0,0.0,0.0,0.0,0.0,0,0,0,0,0.0,0.30005673072588923,3427923.2,6423342.685962631,1.7998042E7,716.0,1.19977312E8,3427923.2,6423342.685962631,1.7998042E7,716.0,0,0,0,0,0,0,0,0,0,0,0,0.30005673072588923,0.0,0.0,0.0,0.0,0.0,0.0,0,0,0,0,0,0,0,0,0.0,0.0,0.0,0.0,0,0,0,0,0,0,4,0,0,0,0,0,0,0,24964.375000000004,49006.64601558067,146216.0,6549.0,1.4971318999999998E7,1730175.834738935,1.7998042E7,1.202964E7,1
134.221.96.0-0.0.0.32-0-0-0,134.221.96.0,0,0.0.0.32,0,0,01/01/1970 08:21:25 AM,116644229,18,0,0.0,0.0,0.0,0.0,0.0,0.0,0,0,0,0,0.0,0.15431539266293234,6861425.235294116,9719781.887213234,2.4498883E7,162.0,1.16644229E8,6861425.235294116,9719781.887213234,2.4498883E7,162.0,0,0,0,0,0,0,0,0,0,0,0,0.15431539266293234,0.0,0.0,0.0,0.0,0.0,0.0,0,0,0,0,0,0,0,0,0.0,0.0,0.0,0.0,0,0,0,0,0,0,2,0,0,0,0,0,0,0,667090.8333333335,1093974.070885488,2570305.0,183.0,1.8773586666666668E7,6141697.375941497,2.4498883E7,8570616.0,1
8.6.0.1-8.0.6.4-0-0-0,8.6.0.1,0,8.0.6.4,0,0,01/01/1970 08:19:42 AM,101106972,25,0,0.0,0.0,0.0,0.0,0.0,0.0,0,0,0,0,0.0,0.2472628692707759,4212790.499999999,9881524.461579284,4.129722E7,7.0,1.01106972E8,4212790.499999999,9881524.461579284,4.129722E7,7.0,0,0,0,0,0,0,0,0,0,0,0,0.2472628692707759,0.0,0.0,0.0,0.0,0.0,0.0,0,0,0,0,0,0,0,0,0.0,0.0,0.0,0.0,0,0,0,0,0,0,2,0,0,0,0,0,0,0,6863624.5,4692799.7132650465,1.0181935E7,3545314.0,2.7822002666666668E7,1.2467741171934126E7,4.129722E7,1.6695948E7,1
192.168.1.5-224.0.0.22-0-0-0,192.168.1.5,0,224.0.0.22,0,0,01/01/1970 08:09:45 AM,4895309,9,0,0.0,0.0,0.0,0.0,0.0,0.0,0,0,0,0,0.0,1.838494771218732,611913.625,1350778.2487327114,3937573.0,4980.0,4895309.0,611913.625,1350778.2487327114,3937573.0,4980.0,0,0,0,0,0,0,0,0,0,0,0,1.838494771218732,0.0,0.0,0.0,0.0,0.0,0.0,0,0,0,0,0,0,0,0,0.0,0.0,0.0,0.0,0,0,0,0,0,0,9,0,0,0,0,0,0,0,0,0,0,0,0,0,0,0,1
192.168.1.5-239.255.255.250-61584-1900-17,192.168.1.5,61584,239.255.255.250,1900,17,01/01/1970 08:09:48 AM,40432182,19,0,2483.0,0.0,133.0,123.0,130.68421052631575,3.786711143796131,0,0,0,0,61.41147663017544,0.4699226967270775,2246232.3333333335,3078007.705309929,1.3405403E7,20587.0,4.0432182E7,2246232.3333333335,3078007.705309929,1.3405403E7,20587.0,0,0,0,0,0,0,0,0,0,152,0,0.4699226967270775,0.0,123.0,133.0,130.79999999999998,3.7219123550867446,13.852631578947356,0,0,0,0,0,0,0,0,0.0,137.68421052631578,130.68421052631578,0.0,0,0,0,510,4,5941,1,206,0,0,0,0,18,8,1.2020123E7,0.0,1.2020123E7,1.2020123E7,1.3405403E7,0.0,1.3405403E7,1.3405403E7,1
192.168.1.4-192.168.1.5-49261-445-6,192.168.1.4,49261,192.168.1.5,445,6,01/01/1970 08:21:53 AM,119900453,211707,214715,2.74302269E8,2.73758065E8,1460.0,0.0,1295.6693401729522,451.3407816443219,1460.0,0.0,1274.983419882175,477.1845178256857,4570961.329061868,3556.466963473441,281.1785840753573,13680.856151041564,5330520.0,0.0,1.19900453E8,566.3535894117422,20415.757189080807,5544275.0,0.0,1.19900381E8,558.4190178563105,19415.080423757867,5330520.0,0.0,0,0,0,0,4242508,4304556,1765.6897426400883,1790.7772208333524,0.0,1460.0,1285.2538301170848,464.64766268434647,215897.45043802622,0,0,0,24983,426422,0,0,0,1.0,1285.2568441590724,1295.669340172975,1274.9834198821693,0,0,0,54806033,39048,5629653,23523,30478029,23857,30417562,5531,1520,195238,20,9.1267983E7,0.0,9.1267983E7,9.1267983E7,5330520.0,0.0,5330520.0,5330520.0,1
192.168.1.3-192.168.1.4-67-68-17,192.168.1.3,67,192.168.1.4,68,17,01/01/1970 08:10:15 AM,59483577,4,1,1944.0,300.0,548.0,300.0,486.0,124.00000000000001,300.0,300.0,300.0,0.0,37.72469836506302,0.08405681453891047,1.487089425E7,2.588850703312458E7,5.3664605E7,334053.0,5.9483577E7,1.9827859E7,2.941643911215081E7,5.3664605E7,334053.0,0,0,0,0,0,0,0,0,0,32,8,0.06724545163112837,0.016811362907782092,300.0,548.0,424.0,135.8351942612812,18451.2,0,0,0,0,0,0,0,0,0.0,508.8,486.0,300.0,0,0,0,0,0,0,1,648,0,100,0,0,3,8,5818972.0,0.0,5818972.0,5818972.0,5.3664605E7,0.0,5.3664605E7,5.3664605E7,1
192.168.1.4-224.0.0.22-0-0-0,192.168.1.4,0,224.0.0.22,0,0,01/01/1970 08:10:20 AM,411113,5,0,0.0,0.0,0.0,0.0,0.0,0.0,0,0,0,0,0.0,12.16210628221438,102778.25,154481.81137246115,329057.0,1003.0,411113.0,102778.25,154481.81137246115,329057.0,1003.0,0,0,0,0,0,0,0,0,0,0,0,12.16210628221438,0.0,0.0,0.0,0.0,0.0,0.0,0,0,0,0,0,0,0,0,0.0,0.0,0.0,0.0,0,0,0,0,0,0,0,0,0,0,0,0,0,0,0,0,0,0,0,0,0,0,1
192.168.1.4-239.255.255.250-54067-1900-17,192.168.1.4,54067,239.255.255.250,1900,17,01/01/1970 08:18:42 AM,5994242,6,0,744.0,0.0,125.0,123.0,124.0,1.0954451150103317,0,0,0,0,124.11911297541874,1.0009605885114414,1198848.4,1639410.6971681318,2999632.0,724.0,5994242.0,1198848.4,1639410.6971681318,2999632.0,724.0,0,0,0,0,0,0,0,0,0,48,0,1.0009605885114414,0.0,123.0,125.0,124.14285714285715,1.069044967649698,1.1428571428571441,0,0,0,0,0,0,0,0,0.0,144.83333333333334,124.0,0.0,0,0,0,0,0,0,3,372,0,0,0,0,5,8,0,0,0,0,0,0,0,0,1
134.221.96.0-0.0.0.104-0-0-0,134.221.96.0,0,0.0.0.104,0,0,01/01/1970 08:22:30 AM,112930631,24,0,0.0,0.0,0.0,0.0,0.0,0.0,0,0,0,0,0.0,0.21251984326555298,4910027.4347826075,2120303.176408652,7156522.0,2827254.0,1.12930631E8,4910027.4347826075,2120303.176408652,7156522.0,2827254.0,0,0,0,0,0,0,0,0,0,0,0,0.21251984326555298,0.0,0.0,0.0,0.0,0.0,0.0,0,0,0,0,0,0,0,0,0.0,0.0,0.0,0.0,0,0,0,0,0,0,1,0,0,0,0,0,0,0,2924610.3636363638,34429.35846998235,2967840.0,2827254.0,7075722.0,27347.19891323438,7156522.0,7057007.0,1
134.221.96.0-0.0.0.128-0-0-0,134.221.96.0,0,0.0.0.128,0,0,01/01/1970 08:22:30 AM,112930263,24,0,0.0,0.0,0.0,0.0,0.0,0.0,0,0,0,0,0.0,0.212520535792961,4910011.434782609,2121020.9678909746,7156782.0,2826964.0,1.12930263E8,4910011.434782609,2121020.9678909746,7156782.0,2826964.0,0,0,0,0,0,0,0,0,0,0,0,0.212520535792961,0.0,0.0,0.0,0.0,0.0,0.0,0,0,0,0,0,0,0,0,0.0,0.0,0.0,0.0,0,0,0,0,0,0,1,0,0,0,0,0,0,0,2924223.6363636362,34387.895600844,2967361.0,2826964.0,7076439.818181818,27319.738812141655,7156782.0,7057268.0,1
134.221.96.0-0.0.0.116-0-0-0,134.221.96.0,0,0.0.0.116,0,0,01/01/1970 08:22:30 AM,112930071,24,0,0.0,0.0,0.0,0.0,0.0,0.0,0,0,0,0,0.0,0.2125208971134004,4910003.086956521,2121492.0629532915,7156833.0,2826919.0,1.12930071E8,4910003.086956521,2121492.0629532915,7156833.0,2826919.0,0,0,0,0,0,0,0,0,0,0,0,0.2125208971134004,0.0,0.0,0.0,0.0,0.0,0.0,0,0,0,0,0,0,0,0,0.0,0.0,0.0,0.0,0,0,0,0,0,0,1,0,0,0,0,0,0,0,2924051.7272727275,34348.479599804436,2967138.0,2826919.0,7076912.909090909,27309.092018793148,7156833.0,7057880.0,1
134.221.96.0-0.0.0.28-0-0-0,134.221.96.0,0,0.0.0.28,0,0,01/01/1970 08:22:30 AM,112929957,24,0,0.0,0.0,0.0,0.0,0.0,0.0,0,0,0,0,0.0,0.21252111164799256,4909998.130434783,2121625.723438971,7156849.0,2826877.0,1.12929957E8,4909998.130434783,2121625.723438971,7156849.0,2826877.0,0,0,0,0,0,0,0,0,0,0,0,0.21252111164799256,0.0,0.0,0.0,0.0,0.0,0.0,0,0,0,0,0,0,0,0,0.0,0.0,0.0,0.0,0,0,0,0,0,0,1,0,0,0,0,0,0,0,2924005.272727273,34349.21080633705,2967019.0,2826877.0,7077044.363636363,27314.029817193692,7156849.0,7058177.0,1
134.221.96.0-0.0.0.136-0-0-0,134.221.96.0,0,0.0.0.136,0,0,01/01/1970 08:22:30 AM,112930167,48,0,0.0,0.0,0.0,0.0,0.0,0.0,0,0,0,0,0.0,0.42504143290605423,2402769.5106382975,2882221.155872535,7156722.0,16.0,1.12930167E8,2402769.5106382975,2882221.155872535,7156722.0,16.0,0,0,0,0,0,0,0,0,0,0,0,0.42504143290605423,0.0,0.0,0.0,0.0,0.0,0.0,0,0,0,0,0,0,0,0,0.0,0.0,0.0,0.0,0,0,0,0,0,0,2,0,0,0,0,0,0,0,2924190.3636363638,34347.535953173465,2967080.0,2827025.0,7076852.454545455,27321.612153618,7156722.0,7058015.0,1
134.221.96.0-0.0.1.146-0-0-0,134.221.96.0,0,0.0.1.146,0,0,01/01/1970 08:22:31 AM,119523895,73,0,0.0,0.0,0.0,0.0,0.0,0.0,0,0,0,0,0.0,0.6107565353354658,1660054.097222222,998980.3626182158,4476274.0,53227.0,1.19523895E8,1660054.097222222,998980.3626182158,4476274.0,53227.0,0,0,0,0,0,0,0,0,0,0,0,0.6107565353354658,0.0,0.0,0.0,0.0,0.0,0.0,0,0,0,0,0,0,0,0,0.0,0.0,0.0,0.0,0,0,0,0,0,0,1,0,0,0,0,0,0,0,0,0,0,0,0,0,0,0,1
192.168.1.5-239.255.255.250-1900-1900-17,192.168.1.5,1900,239.255.255.250,1900,17,01/01/1970 08:17:09 AM,8450688,18,0,8607.0,0.0,513.0,433.0,478.1666666666667,30.860692684079158,0,0,0,0,1018.4969555141546,2.1300040896078523,497099.294117647,422398.53773565625,1340673.0,62257.0,8450688.0,497099.294117647,422398.53773565625,1340673.0,62257.0,0,0,0,0,0,0,0,0,0,144,0,2.1300040896078523,0.0,433.0,513.0,480.00000000000006,31.03761159195942,963.3333333333337,0,0,0,0,0,0,0,0,0.0,506.6666666666667,478.1666666666667,0.0,0,0,0,2707,5,1822,6,2869,0,0,0,0,17,8,0,0,0,0,0,0,0,0,1
134.221.96.0-0.0.0.194-0-0-0,134.221.96.0,0,0.0.0.194,0,0,01/01/1970 08:22:47 AM,104313008,32,0,0.0,0.0,0.0,0.0,0.0,0.0,0,0,0,0,0.0,0.3067690273105728,3364935.7419354836,6335744.939403278,1.6531792E7,762.0,1.04313008E8,3364935.7419354836,6335744.939403278,1.6531792E7,762.0,0,0,0,0,0,0,0,0,0,0,0,0.3067690273105728,0.0,0.0,0.0,0.0,0.0,0.0,0,0,0,0,0,0,0,0,0.0,0.0,0.0,0.0,0,0,0,0,0,0,4,0,0,0,0,0,0,0,31995.285714285717,63100.0250916862,175088.0,7583.0,1.486873242857143E7,1131925.664578562,1.6531792E7,1.3283863E7,1
134.221.96.0-0.0.0.42-0-0-0,134.221.96.0,0,0.0.0.42,0,0,01/01/1970 08:22:47 AM,104311974,32,0,0.0,0.0,0.0,0.0,0.0,0.0,0,0,0,0,0.0,0.3067720681807824,3364902.3870967743,6337154.252908169,1.6545236E7,718.0,1.04311974E8,3364902.3870967743,6337154.252908169,1.6545236E7,718.0,0,0,0,0,0,0,0,0,0,0,0,0.3067720681807824,0.0,0.0,0.0,0.0,0.0,0.0,0,0,0,0,0,0,0,0,0.0,0.0,0.0,0.0,0,0,0,0,0,0,4,0,0,0,0,0,0,0,29646.000000000004,58654.69402358178,162659.0,7040.0,1.4871059E7,1135368.0800307302,1.6545236E7,1.32835E7,1
192.168.1.5-192.168.1.255-138-138-17,192.168.1.5,138,192.168.1.255,138,17,01/01/1970 08:22:12 AM,16406156,2,0,405.0,0.0,204.0,201.0,202.5,2.1213203435596424,0,0,0,0,24.685855723912415,0.12190546036499958,1.6406156E7,0.0,1.6406156E7,1.6406156E7,1.6406156E7,1.6406156E7,0.0,1.6406156E7,1.6406156E7,0,0,0,0,0,0,0,0,0,16,0,0.12190546036499958,0.0,201.0,204.0,203.0,1.7320508075688772,3.0,0,0,0,0,0,0,0,0,0.0,304.5,202.5,0.0,0,0,0,0,0,0,2,405,0,0,0,0,1,8,0,0,0,0,1.6406156E7,0.0,1.6406156E7,1.6406156E7,1
192.168.1.4-192.168.1.255-137-137-17,192.168.1.4,137,192.168.1.255,137,17,01/01/1970 08:11:14 AM,1499481,3,0,150.0,0.0,50.0,50.0,50.0,0.0,0,0,0,0,100.0346119757436,2.000692239514872,749740.5,57632.73820060956,790493.0,708988.0,1499481.0,749740.5,57632.73820060956,790493.0,708988.0,0,0,0,0,0,0,0,0,0,24,0,2.000692239514872,0.0,50.0,50.0,50.0,0.0,0.0,0,0,0,0,0,0,0,0,0.0,66.66666666666667,50.0,0.0,0,0,0,0,0,0,0,0,0,0,0,0,2,8,0,0,0,0,0,0,0,0,1
192.168.1.4-192.168.1.5-49270-139-6,192.168.1.4,49270,192.168.1.5,139,6,01/01/1970 08:25:22 AM,359216,4,5,209.0,43.0,137.0,0.0,52.24999999999999,65.91092473937836,39.0,0.0,8.6,17.08215443086732,701.5277715914659,25.054563271123783,44902.0,82391.39650993387,215851.0,90.0,358997.0,119665.66666666667,206618.3879869682,358248.0,270.0,359036.0,89759.0,102583.2095910437,216183.0,237.0,0,0,0,0,92,112,11.135361453832791,13.91920181729099,0.0,137.0,25.2,46.11531440012333,2126.6222222222223,2,2,0,4,8,0,0,0,1.0,28.0,52.25,8.6,0,0,0,252,4,727,0,0,0,0,8192,256,2,20,0,0,0,0,0,0,0,0,1
192.168.1.4-192.168.1.5-49271-139-6,192.168.1.4,49271,192.168.1.5,139,6,01/01/1970 08:25:23 AM,11218587,5,4,209.0,43.0,137.0,0.0,41.8,61.6781971202142,39.0,0.0,10.75,18.9274932307477,22.462721909630865,0.8022400682011024,1402323.375,3883849.4684721143,1.1012735E7,101.0,1.1218046E7,2804511.5,5472995.781036531,1.1012735E7,307.0,1.1218381E7,3739460.3333333335,6476285.772473705,1.1217631E7,245.0,0,0,0,0,112,92,0.4456889267783902,0.35655114142271216,0.0,137.0,25.2,46.11531440012333,2126.6222222222223,2,2,0,4,8,0,0,0,0.0,28.0,41.8,10.75,0,0,0,252,4,388289,5,209,4,43,8192,256,2,20,205311.0,0.0,205311.0,205311.0,1.1012735E7,0.0,1.1012735E7,1.1012735E7,1
192.168.1.4-192.168.1.5-49269-139-6,192.168.1.4,49269,192.168.1.5,139,6,01/01/1970 08:25:22 AM,11631497,11,10,983.0,908.0,238.0,0.0,89.36363636363636,76.20272006598285,223.0,0.0,90.8,79.0917891510308,162.57580602049762,1.8054425840457167,581574.8499999999,2522298.054362858,1.1295563E7,128.0,1.1631162E7,1163116.2000000002,3560808.3828153345,1.1295563E7,397.0,1.1631228E7,1292358.666666667,3831958.1445839154,1.1510695E7,326.0,0,0,0,0,232,212,0.945708020214423,0.8597345638312937,0.0,238.0,85.95454545454547,76.25738201438804,5815.188311688313,2,2,0,16,20,0,0,0,0.0,90.04761904761905,89.36363636363636,90.8,0,0,0,945,8,38895,11,983,10,908,8192,253,8,20,223050.0,0.0,223050.0,223050.0,1.1295563E7,0.0,1.1295563E7,1.1295563E7,1
134.221.96.0-0.0.0.32-0-0-0,134.221.96.0,0,0.0.0.32,0,0,01/01/1970 08:23:34 AM,104570716,16,0,0.0,0.0,0.0,0.0,0.0,0.0,0,0,0,0,0.0,0.15300650709898553,6971381.066666666,9521177.121633215,2.3031988E7,146.0,1.04570716E8,6971381.066666666,9521177.121633215,2.3031988E7,146.0,0,0,0,0,0,0,0,0,0,0,0,0.15300650709898553,0.0,0.0,0.0,0.0,0.0,0.0,0,0,0,0,0,0,0,0,0.0,0.0,0.0,0.0,0,0,0,0,0,0,2,0,0,0,0,0,0,0,238737.1666666667,584247.3141207983,1431327.0,148.0,1.7189646166666668E7,6681178.912525466,2.3031988E7,6920617.0,1
192.168.1.4-192.168.1.5-49261-445-6,192.168.1.4,49261,192.168.1.5,445,6,01/01/1970 08:23:53 AM,119857252,214984,226634,2.76300674E8,2.90190989E8,1460.0,0.0,1285.2150578647806,464.53625653622,1460.0,0.0,1280.4388970763216,471.5028803240226,4726386.209822331,3684.5329976362214,271.4054304974769,11508.693087350171,4255013.0,0.0,1.19857252E8,557.5196736486146,17016.635896582957,4256958.0,0.0,1.19818126E8,528.6879051153273,16165.753478417122,4255297.0,0.0,0,0,0,0,4304324,4543396,1793.6670198312238,1890.8659778049976,0.0,1460.0,1282.7610745914185,468.13341699708036,219148.8961093623,0,0,0,24988,441618,0,0,0,1.0,1282.763979276207,1285.2150578647713,1280.4388970763434,0,0,0,62943518,44768,5518559,26873,34537584,28329,36273873,1520,12932,196616,20,0,0,0,0,0,0,0,0,1
192.168.1.4-192.168.1.5-49272-139-6,192.168.1.4,49272,192.168.1.5,139,6,01/01/1970 08:25:53 AM,17078334,11,11,983.0,908.0,238.0,0.0,89.36363636363636,76.20272006598285,223.0,0.0,82.54545454545456,79.87160150687306,110.725085948079,1.288181856614351,813254.0,3572555.0715519553,1.6401419E7,164.0,1.7078017E7,1707801.7000000002,5164921.831683936,1.6401419E7,484.0,1.7076468E7,1707646.8,5236343.790464696,1.6608169E7,335.0,0,0,0,0,232,232,0.6440909283071755,0.6440909283071755,0.0,238.0,82.21739130434783,76.62954362725736,5872.086956521739,2,2,0,16,21,0,0,0,1.0,85.95454545454545,89.36363636363636,82.54545454545455,0,0,0,945,8,4049,11,983,11,908,8192,253,8,20,674082.0,0.0,674082.0,674082.0,1.6401419E7,0.0,1.6401419E7,1.6401419E7,1
192.168.1.4-192.168.1.5-49273-139-6,192.168.1.4,49273,192.168.1.5,139,6,01/01/1970 08:25:53 AM,16607253,12,13,967.0,1047.0,214.0,0.0,80.58333333333333,68.0260088406477,334.0,0.0,80.53846153846153,101.04587686179595,121.27231397028756,1.5053663601078395,691968.875,2680712.642044054,1.3068446E7,111.0,1.6605772E7,1509615.6363636362,3913290.7962978743,1.3068446E7,336.0,1.6607028E7,1383919.0000000002,3802379.645570581,1.3267518E7,298.0,0,0,0,0,252,272,0.7225758528517631,0.7827905072560766,0.0,334.0,77.46153846153845,84.7741615207043,7186.65846153846,2,2,0,18,24,0,0,0,1.0,80.56,80.58333333333333,80.53846153846153,0,0,0,836,7,2570,6,483,6,523,8192,253,9,20,3534377.0,0.0,3534377.0,3534377.0,1.3068446E7,0.0,1.3068446E7,1.3068446E7,1
134.221.96.0-0.0.1.146-0-0-0,134.221.96.0,0,0.0.1.146,0,0,01/01/1970 08:24:32 AM,118413386,72,0,0.0,0.0,0.0,0.0,0.0,0.0,0,0,0,0,0.0,0.6080393647387129,1667794.1690140844,1108690.1549800232,3938406.0,49313.0,1.18413386E8,1667794.1690140844,1108690.1549800232,3938406.0,49313.0,0,0,0,0,0,0,0,0,0,0,0,0.6080393647387129,0.0,0.0,0.0,0.0,0.0,0.0,0,0,0,0,0,0,0,0,0.0,0.0,0.0,0.0,0,0,0,0,0,0,1,0,0,0,0,0,0,0,0,0,0,0,0,0,0,0,1
134.221.96.0-0.0.0.104-0-0-0,134.221.96.0,0,0.0.0.104,0,0,01/01/1970 08:24:31 AM,119949999,25,0,0.0,0.0,0.0,0.0,0.0,0.0,0,0,0,0,0.0,0.20842017681050584,4997916.625,2086773.405913662,7162871.0,2785779.0,1.19949999E8,4997916.625,2086773.405913662,7162871.0,2785779.0,0,0,0,0,0,0,0,0,0,0,0,0.20842017681050584,0.0,0.0,0.0,0.0,0.0,0.0,0,0,0,0,0,0,0,0,0.0,0.0,0.0,0.0,0,0,0,0,0,0,1,0,0,0,0,0,0,0,2956549.916666667,82518.70465807719,3166836.0,2785779.0,7039283.333333333,79291.79898707102,7162871.0,6822791.0,1
134.221.96.0-0.0.0.128-0-0-0,134.221.96.0,0,0.0.0.128,0,0,01/01/1970 08:24:31 AM,119944272,25,0,0.0,0.0,0.0,0.0,0.0,0.0,0,0,0,0,0.0,0.20843012828490884,4997678.000000001,2084404.1446923616,7162957.0,2779986.0,1.19944272E8,4997678.000000001,2084404.1446923616,7162957.0,2779986.0,0,0,0,0,0,0,0,0,0,0,0,0.20843012828490884,0.0,0.0,0.0,0.0,0.0,0.0,0,0,0,0,0,0,0,0,0.0,0.0,0.0,0.0,0,0,0,0,0,0,1,0,0,0,0,0,0,0,2959026.833333333,93030.6117389064,3206894.0,2779986.0,7036329.166666666,89171.50843773258,7162957.0,6783676.0,1
134.221.96.0-0.0.0.116-0-0-0,134.221.96.0,0,0.0.0.116,0,0,01/01/1970 08:24:31 AM,119939317,25,0,0.0,0.0,0.0,0.0,0.0,0.0,0,0,0,0,0.0,0.20843873906668986,4997471.541666667,2081150.0998534432,7163007.0,2775077.0,1.19939317E8,4997471.541666667,2081150.0998534432,7163007.0,2775077.0,0,0,0,0,0,0,0,0,0,0,0,0.20843873906668986,0.0,0.0,0.0,0.0,0.0,0.0,0,0,0,0,0,0,0,0,0.0,0.0,0.0,0.0,0,0,0,0,0,0,1,0,0,0,0,0,0,0,2962106.166666666,95026.16714150927,3207098.0,2775077.0,7032836.916666666,91874.04714603798,7163007.0,6784194.0,1
134.221.96.0-0.0.0.28-0-0-0,134.221.96.0,0,0.0.0.28,0,0,01/01/1970 08:24:31 AM,119938132,25,0,0.0,0.0,0.0,0.0,0.0,0.0,0,0,0,0,0.0,0.20844079846099323,4997422.166666667,2078922.7728521926,7163038.0,2774174.0,1.19938132E8,4997422.166666667,2078922.7728521926,7163038.0,2774174.0,0,0,0,0,0,0,0,0,0,0,0,0.20844079846099323,0.0,0.0,0.0,0.0,0.0,0.0,0,0,0,0,0,0,0,0,0.0,0.0,0.0,0.0,0,0,0,0,0,0,1,0,0,0,0,0,0,0,2964554.916666667,102204.49436075636,3236487.0,2774174.0,7030289.416666667,99119.80988816087,7163038.0,6755253.0,1
134.221.96.0-0.0.0.136-0-0-0,134.221.96.0,0,0.0.0.136,0,0,01/01/1970 08:24:31 AM,119938544,50,0,0.0,0.0,0.0,0.0,0.0,0.0,0,0,0,0,0.0,0.416880164895115,2447725.387755102,2904454.507690406,7162879.0,122.0,1.19938544E8,2447725.387755102,2904454.507690406,7162879.0,122.0,0,0,0,0,0,0,0,0,0,0,0,0.416880164895115,0.0,0.0,0.0,0.0,0.0,0.0,0,0,0,0,0,0,0,0,0.0,0.0,0.0,0.0,0,0,0,0,0,0,2,0,0,0,0,0,0,0,2967686.75,110906.7445339265,3272018.0,2774333.0,7027177.25,108157.71045529682,7162879.0,6719759.0,1
134.221.96.0-0.0.0.194-0-0-0,134.221.96.0,0,0.0.0.194,0,0,01/01/1970 08:24:47 AM,104315271,32,0,0.0,0.0,0.0,0.0,0.0,0.0,0,0,0,0,0.0,0.3067623723088444,3365008.741935483,6338792.407766283,1.5802924E7,0.0,1.04315271E8,3365008.741935483,6338792.407766283,1.5802924E7,0.0,0,0,0,0,0,0,0,0,0,0,0,0.3067623723088444,0.0,0.0,0.0,0.0,0.0,0.0,0,0,0,0,0,0,0,0,0.0,0.0,0.0,0.0,0,0,0,0,0,0,4,0,0,0,0,0,0,0,8075.285714285714,907.9408413704997,9379.0,7118.0,1.4893434857142858E7,788389.2031345578,1.5802924E7,1.4187371E7,1
134.221.96.0-0.0.0.42-0-0-0,134.221.96.0,0,0.0.0.42,0,0,01/01/1970 08:24:47 AM,104313960,33,0,0.0,0.0,0.0,0.0,0.0,0.0,0,0,0,0,0.0,0.3163526722597819,3259811.2500000005,6002651.7963709785,1.5803601E7,0.0,1.0431396E8,3259811.2500000005,6002651.7963709785,1.5803601E7,0.0,0,0,0,0,0,0,0,0,0,0,0,0.3163526722597819,0.0,0.0,0.0,0.0,0.0,0.0,0,0,0,0,0,0,0,0,0.0,0.0,0.0,0.0,0,0,0,0,0,0,4,0,0,0,0,0,0,0,7323.428571428572,826.6242308616529,8536.0,6498.0,1.303236975E7,3747169.6760153235,1.5803601E7,6022387.0,1
192.168.1.5-192.168.1.255-138-138-17,192.168.1.5,138,192.168.1.255,138,17,01/01/1970 08:25:22 AM,90016013,7,0,1295.0,0.0,201.0,173.0,185.0,14.966629547095769,0,0,0,0,14.38632924122067,0.07776394184443605,1.5002668833333332E7,1.6164984148160633E7,2.9999792E7,14525.0,9.0016013E7,1.5002668833333332E7,1.6164984148160633E7,2.9999792E7,14525.0,0,0,0,0,0,0,0,0,0,56,0,0.07776394184443605,0.0,173.0,201.0,183.5,14.491376746189438,210.0,0,0,0,0,0,0,0,0,0.0,209.71428571428572,185.0,0.0,0,0,0,776,4,1035,2,431,0,0,0,0,6,8,749749.0,0.0,749749.0,749749.0,2.9755421333333332E7,422984.4468421189,2.9999792E7,2.9267001E7,1
134.221.96.0-0.0.0.32-0-0-0,134.221.96.0,0,0.0.0.32,0,0,01/01/1970 08:25:37 AM,98586426,16,0,0.0,0.0,0.0,0.0,0.0,0.0,0,0,0,0,0.0,0.16229414787792387,6572428.400000001,8769057.459949328,2.3999823E7,116.0,9.8586426E7,6572428.400000001,8769057.459949328,2.3999823E7,116.0,0,0,0,0,0,0,0,0,0,0,0,0.16229414787792387,0.0,0.0,0.0,0.0,0.0,0.0,0,0,0,0,0,0,0,0,0.0,0.0,0.0,0.0,0,0,0,0,0,0,2,0,0,0,0,0,0,0,764567.3333333334,1871077.5565894288,4583888.0,116.0,1.5666474833333334E7,6795785.15234169,2.3999823E7,7414773.0,1
192.168.1.4-192.168.1.5-49261-445-6,192.168.1.4,49261,192.168.1.5,445,6,01/01/1970 08:25:53 AM,119989803,209298,208764,2.71753363E8,2.63792568E8,1460.0,0.0,1298.4040124606684,448.9452153553781,1460.0,0.0,1263.5922285451888,490.3863744035174,4463262.024023825,3484.1460653119,287.01506000320296,12285.819316327095,3475347.0,0.0,1.19989803E8,573.2992016130081,18370.73828743109,3704008.0,0.0,1.19989541E8,574.7644026958775,17571.87063143974,3475347.0,0.0,0,0,0,0,4189692,4185372,1744.2982217413926,1739.8478435705074,0.0,1460.0,1281.020781556861,470.4172871053545,221292.4240075615,0,0,0,23344,418062,0,0,0,0.0,1281.023845745368,1298.404012460702,1263.5922285451516,0,0,0,33471620,23792,5743700,14949,19410954,14911,18842326,12932,4077,192812,20,0,0,0,0,0,0,0,0,1
192.168.1.5-239.255.255.250-61584-1900-17,192.168.1.5,61584,239.255.255.250,1900,17,01/01/1970 08:23:41 AM,15027098,6,0,798.0,0.0,133.0,133.0,133.0,0.0,0,0,0,0,53.10406573511399,0.3992786897376992,3005419.6,11598.685628121832,3024252.0,2993762.0,1.5027098E7,3005419.6,11598.685628121832,3024252.0,2993762.0,0,0,0,0,0,0,0,0,0,48,0,0.3992786897376992,0.0,133.0,133.0,133.0,0.0,0.0,0,0,0,0,0,0,0,0,0.0,155.16666666666666,133.0,0.0,0,0,0,0,0,0,1,159,0,0,0,0,5,8,0,0,0,0,0,0,0,0,1
134.221.96.0-0.0.0.20-0-0-0,134.221.96.0,0,0.0.0.20,0,0,01/01/1970 08:18:42 AM,68979187,10,0,0.0,0.0,0.0,0.0,0.0,0.0,0,0,0,0,0.0,0.1449712650281019,7664354.111111111,2.286229994908137E7,6.8630228E7,241.0,6.8979187E7,7664354.111111111,2.286229994908137E7,6.8630228E7,241.0,0,0,0,0,0,0,0,0,0,0,0,0.1449712650281019,0.0,0.0,0.0,0.0,0.0,0.0,0,0,0,0,0,0,0,0,0.0,0.0,0.0,0.0,0,0,0,0,0,0,10,0,0,0,0,0,0,0,348959.0,0.0,348959.0,348959.0,6.8630228E7,0.0,6.8630228E7,6.8630228E7,1
134.221.96.0-0.0.5.180-0-0-0,134.221.96.0,0,0.0.5.180,0,0,01/01/1970 08:18:42 AM,341369,6,0,0.0,0.0,0.0,0.0,0.0,0.0,0,0,0,0,0.0,17.57628841517537,68273.8,151993.18465378636,340167.0,43.0,341369.0,68273.8,151993.18465378636,340167.0,43.0,0,0,0,0,0,0,0,0,0,0,0,17.57628841517537,0.0,0.0,0.0,0.0,0.0,0.0,0,0,0,0,0,0,0,0,0.0,0.0,0.0,0.0,0,0,0,0,0,0,0,0,0,0,0,0,0,0,0,0,0,0,0,0,0,0,1
134.221.96.0-0.0.1.214-0-0-0,134.221.96.0,0,0.0.1.214,0,0,01/01/1970 08:18:44 AM,4981110,3,0,0.0,0.0,0.0,0.0,0.0,0.0,0,0,0,0,0.0,0.6022753964477797,2490555.0,897158.6991931807,3124942.0,1856168.0,4981110.0,2490555.0,897158.6991931807,3124942.0,1856168.0,0,0,0,0,0,0,0,0,0,0,0,0.6022753964477797,0.0,0.0,0.0,0.0,0.0,0.0,0,0,0,0,0,0,0,0,0.0,0.0,0.0,0.0,0,0,0,0,0,0,1,0,0,0,0,0,0,0,0,0,0,0,0,0,0,0,1
192.168.1.4-192.168.1.5-1900-61584-17,192.168.1.4,1900,192.168.1.5,61584,17,01/01/1970 08:09:52 AM,3999514,2,0,892.0,0.0,446.0,446.0,446.0,0.0,0,0,0,0,223.02709779238177,0.5000607573820219,3999514.0,0.0,3999514.0,3999514.0,3999514.0,3999514.0,0.0,3999514.0,3999514.0,0,0,0,0,0,0,0,0,0,16,0,0.5000607573820219,0.0,446.0,446.0,446.0,0.0,0.0,0,0,0,0,0,0,0,0,0.0,669.0,446.0,0.0,0,0,0,0,0,0,2,892,0,0,0,0,1,8,0,0,0,0,0,0,0,0,1
134.221.96.0-0.0.0.104-0-0-0,134.221.96.0,0,0.0.0.104,0,0,01/01/1970 08:26:33 AM,117101766,24,0,0.0,0.0,0.0,0.0,0.0,0.0,0,0,0,0,0.0,0.20494994072079153,5091381.130434782,2119218.3440173557,7122163.0,2879833.0,1.17101766E8,5091381.130434782,2119218.3440173557,7122163.0,2879833.0,0,0,0,0,0,0,0,0,0,0,0,0.20494994072079153,0.0,0.0,0.0,0.0,0.0,0.0,0,0,0,0,0,0,0,0,0.0,0.0,0.0,0.0,0,0,0,0,0,0,1,0,0,0,0,0,0,0,2926666.1818181816,19274.383911389657,2954846.0,2879833.0,7075703.166666666,18779.424837902334,7122163.0,7052245.0,1
134.221.96.0-0.0.0.128-0-0-0,134.221.96.0,0,0.0.0.128,0,0,01/01/1970 08:26:33 AM,117102338,24,0,0.0,0.0,0.0,0.0,0.0,0.0,0,0,0,0,0.0,0.20494893961895108,5091406.0,2118615.5923826336,7128463.0,2873216.0,1.17102338E8,5091406.0,2118615.5923826336,7128463.0,2873216.0,0,0,0,0,0,0,0,0,0,0,0,0.20494893961895108,0.0,0.0,0.0,0.0,0.0,0.0,0,0,0,0,0,0,0,0,0.0,0.0,0.0,0.0,0,0,0,0,0,0,1,0,0,0,0,0,0,0,2927334.454545454,22305.68450132675,2956800.0,2873216.0,7075138.25,21623.468127035252,7128463.0,7044954.0,1
134.221.96.0-0.0.0.116-0-0-0,134.221.96.0,0,0.0.0.116,0,0,01/01/1970 08:26:33 AM,117103068,24,0,0.0,0.0,0.0,0.0,0.0,0.0,0,0,0,0,0.0,0.2049476620031851,5091437.7391304355,2118778.073901049,7135624.0,2865908.0,1.17103068E8,5091437.7391304355,2118778.073901049,7135624.0,2865908.0,0,0,0,0,0,0,0,0,0,0,0,0.2049476620031851,0.0,0.0,0.0,0.0,0.0,0.0,0,0,0,0,0,0,0,0,0.0,0.0,0.0,0.0,0,0,0,0,0,0,1,0,0,0,0,0,0,0,2927230.2727272725,25221.367572322124,2961984.0,2865908.0,7075294.583333334,24310.7429805251,7135624.0,7039874.0,1
134.221.96.0-0.0.0.28-0-0-0,134.221.96.0,0,0.0.0.28,0,0,01/01/1970 08:26:33 AM,117104258,24,0,0.0,0.0,0.0,0.0,0.0,0.0,0,0,0,0,0.0,0.2049455793486177,5091489.47826087,2118901.5435949974,7138109.0,2863380.0,1.17104258E8,5091489.47826087,2118901.5435949974,7138109.0,2863380.0,0,0,0,0,0,0,0,0,0,0,0,0.2049455793486177,0.0,0.0,0.0,0.0,0.0,0.0,0,0,0,0,0,0,0,0,0.0,0.0,0.0,0.0,0,0,0,0,0,0,1,0,0,0,0,0,0,0,2927171.6363636362,26655.822697012103,2966197.0,2863380.0,7075447.500000001,25575.361845836265,7138109.0,7035676.0,1
134.221.96.0-0.0.0.136-0-0-0,134.221.96.0,0,0.0.0.136,0,0,01/01/1970 08:26:33 AM,117104601,48,0,0.0,0.0,0.0,0.0,0.0,0.0,0,0,0,0,0.0,0.4098899581238486,2491587.255319149,2960635.5017410684,7140064.0,9.0,1.17104601E8,2491587.255319149,2960635.5017410684,7140064.0,9.0,0,0,0,0,0,0,0,0,0,0,0,0.4098899581238486,0.0,0.0,0.0,0.0,0.0,0.0,0,0,0,0,0,0,0,0,0.0,0.0,0.0,0.0,0,0,0,0,0,0,2,0,0,0,0,0,0,0,2683197.2499999995,845339.386163615,2966447.0,138.0,7075502.333333334,26009.857541580986,7140064.0,7035440.0,1
134.221.96.0-0.0.1.146-0-0-0,134.221.96.0,0,0.0.1.146,0,0,01/01/1970 08:26:32 AM,119560025,73,0,0.0,0.0,0.0,0.0,0.0,0.0,0,0,0,0,0.0,0.6105719700209163,1660555.9027777778,1100802.5376095818,4249075.0,6611.0,1.19560025E8,1660555.9027777778,1100802.5376095818,4249075.0,6611.0,0,0,0,0,0,0,0,0,0,0,0,0.6105719700209163,0.0,0.0,0.0,0.0,0.0,0.0,0,0,0,0,0,0,0,0,0.0,0.0,0.0,0.0,0,0,0,0,0,0,1,0,0,0,0,0,0,0,0,0,0,0,0,0,0,0,1
134.221.96.0-0.0.0.194-0-0-0,134.221.96.0,0,0.0.0.194,0,0,01/01/1970 08:26:47 AM,104343606,32,0,0.0,0.0,0.0,0.0,0.0,0.0,0,0,0,0,0.0,0.30667906953493634,3365922.7741935486,6328472.046043324,1.5943037E7,699.0,1.04343606E8,3365922.7741935486,6328472.046043324,1.5943037E7,699.0,0,0,0,0,0,0,0,0,0,0,0,0.30667906953493634,0.0,0.0,0.0,0.0,0.0,0.0,0,0,0,0,0,0,0,0,0.0,0.0,0.0,0.0,0,0,0,0,0,0,4,0,0,0,0,0,0,0,31524.42857142857,61317.3135877547,170566.0,7130.0,1.4869521714285715E7,909889.7182805022,1.5943037E7,1.3886984E7,1
134.221.96.0-0.0.0.42-0-0-0,134.221.96.0,0,0.0.0.42,0,0,01/01/1970 08:26:47 AM,104342900,32,0,0.0,0.0,0.0,0.0,0.0,0.0,0,0,0,0,0.0,0.30668114457236667,3365900.0000000005,6331141.379037621,1.5970105E7,693.0,1.043429E8,3365900.0000000005,6331141.379037621,1.5970105E7,693.0,0,0,0,0,0,0,0,0,0,0,0,0.30668114457236667,0.0,0.0,0.0,0.0,0.0,0.0,0,0,0,0,0,0,0,0,0.0,0.0,0.0,0.0,0,0,0,0,0,0,4,0,0,0,0,0,0,0,26973.714285714286,51526.974886022195,143813.0,6391.0,1.4874067714285715E7,915292.6109087947,1.5970105E7,1.3887397E7,1
192.168.1.5-192.168.1.255-138-138-17,192.168.1.5,138,192.168.1.255,138,17,01/01/1970 08:27:22 AM,90031112,4,0,692.0,0.0,173.0,173.0,173.0,0.0,0,0,0,0,7.686231843943014,0.04442908580313881,3.0010370666666668E7,9072.239047409043,3.0015826E7,2.9999898E7,9.0031112E7,3.0010370666666668E7,9072.239047409043,3.0015826E7,2.9999898E7,0,0,0,0,0,0,0,0,0,32,0,0.04442908580313881,0.0,173.0,173.0,173.0,0.0,0.0,0,0,0,0,0,0,0,0,0.0,216.25,173.0,0.0,0,0,0,0,0,0,1,230,0,0,0,0,3,8,0,0,0,0,3.0010370666666668E7,9072.239047409043,3.0015826E7,2.9999898E7,1
134.221.96.0-0.0.0.32-0-0-0,134.221.96.0,0,0.0.0.32,0,0,01/01/1970 08:27:38 AM,112031045,18,0,0.0,0.0,0.0,0.0,0.0,0.0,0,0,0,0,0.0,0.16066975006793874,6590061.470588235,9766767.44675501,2.3499878E7,135.0,1.12031045E8,6590061.470588235,9766767.44675501,2.3499878E7,135.0,0,0,0,0,0,0,0,0,0,0,0,0.16066975006793874,0.0,0.0,0.0,0.0,0.0,0.0,0,0,0,0,0,0,0,0,0.0,0.0,0.0,0.0,0,0,0,0,0,0,2,0,0,0,0,0,0,0,1339320.2,1860343.3734404247,4116962.0,205.0,2.1066817E7,2380605.2817764645,2.3499878E7,1.8293786E7,1
192.168.1.4-239.255.255.250-1900-1900-17,192.168.1.4,1900,239.255.255.250,1900,17,01/01/1970 08:22:28 AM,8516251,18,0,8607.0,0.0,513.0,433.0,478.1666666666667,30.860692684079158,0,0,0,0,1010.6559799611355,2.1136060926339533,500955.9411764706,474547.57767681614,1473871.0,89679.0,8516251.0,500955.9411764706,474547.57767681614,1473871.0,89679.0,0,0,0,0,0,0,0,0,0,144,0,2.1136060926339533,0.0,433.0,513.0,480.00000000000006,31.03761159195942,963.3333333333337,0,0,0,0,0,0,0,0,0.0,506.6666666666667,478.1666666666667,0.0,0,0,0,2707,5,1942,6,2869,0,0,0,0,17,8,0,0,0,0,0,0,0,0,1
192.168.1.4-192.168.1.5-49261-445-6,192.168.1.4,49261,192.168.1.5,445,6,01/01/1970 08:27:53 AM,119135332,212386,211060,2.74652075E8,2.66823433E8,1460.0,0.0,1293.1741028127906,454.4958781360888,1460.0,0.0,1264.2065431630722,489.00010359755044,4545045.528559067,3554.327611224519,281.3478302967372,10768.62570523597,2927449.0,0.0,1.19135138E8,560.9395107940851,15697.905220928898,2930544.0,0.0,1.19132497E8,564.4511582069412,15292.185865509724,2927449.0,0.0,1,0,0,0,4253048,4231580,1782.728905309132,1771.598705915387,0.0,1460.0,1278.7338013966628,472.2319849465973,223003.0476066033,0,0,0,25055,423446,0,0,0,0.0,1278.7368212239578,1293.174102812803,1264.2065431630815,0,0,0,33842219,24134,5567205,15170,19618005,15075,19058816,16383,10909,195515,20,0,0,0,0,0,0,0,0,1
134.221.96.0-0.0.0.104-0-0-0,134.221.96.0,0,0.0.0.104,0,0,01/01/1970 08:28:34 AM,117137092,24,0,0.0,0.0,0.0,0.0,0.0,0.0,0,0,0,0,0.0,0.20488813227495864,5092917.043478263,2124461.366464568,7159142.0,2840275.0,1.17137092E8,5092917.043478263,2124461.366464568,7159142.0,2840275.0,0,0,0,0,0,0,0,0,0,0,0,0.20488813227495864,0.0,0.0,0.0,0.0,0.0,0.0,0,0,0,0,0,0,0,0,0.0,0.0,0.0,0.0,0,0,0,0,0,0,1,0,0,0,0,0,0,0,2924130.6363636362,77745.17681280653,3079698.0,2840275.0,7080971.25,76667.76534458151,7159142.0,6923941.0,1
134.221.96.0-0.0.0.128-0-0-0,134.221.96.0,0,0.0.0.128,0,0,01/01/1970 08:28:34 AM,117131720,24,0,0.0,0.0,0.0,0.0,0.0,0.0,0,0,0,0,0.0,0.20489752903824857,5092683.478260869,2096121.199993625,7159769.0,2848927.0,1.1713172E8,5092683.478260869,2096121.199993625,7159769.0,2848927.0,0,0,0,0,0,0,0,0,0,0,0,0.20489752903824857,0.0,0.0,0.0,0.0,0.0,0.0,0,0,0,0,0,0,0,0,0.0,0.0,0.0,0.0,0,0,0,0,0,0,1,0,0,0,0,0,0,0,2953965.0,102517.4194446973,3171633.0,2848927.0,7053175.416666666,104099.58083703778,7159769.0,6819723.0,1
134.221.96.0-0.0.0.116-0-0-0,134.221.96.0,0,0.0.0.116,0,0,01/01/1970 08:28:34 AM,117128781,24,0,0.0,0.0,0.0,0.0,0.0,0.0,0,0,0,0,0.0,0.20490267033514162,5092555.695652175,2094378.7646789732,7163251.0,2848625.0,1.17128781E8,5092555.695652175,2094378.7646789732,7163251.0,2848625.0,0,0,0,0,0,0,0,0,0,0,0,0.20490267033514162,0.0,0.0,0.0,0.0,0.0,0.0,0,0,0,0,0,0,0,0,0.0,0.0,0.0,0.0,0,0,0,0,0,0,1,0,0,0,0,0,0,0,2955841.1818181816,107192.74815099961,3171370.0,2848625.0,7051210.666666666,108460.5376097963,7163251.0,6819653.0,1
134.221.96.0-0.0.0.28-0-0-0,134.221.96.0,0,0.0.0.28,0,0,01/01/1970 08:28:34 AM,117122058,24,0,0.0,0.0,0.0,0.0,0.0,0.0,0,0,0,0,0.0,0.2049144320875919,5092263.391304348,2083335.9856158306,7164381.0,2848657.0,1.17122058E8,5092263.391304348,2083335.9856158306,7164381.0,2848657.0,0,0,0,0,0,0,0,0,0,0,0,0.2049144320875919,0.0,0.0,0.0,0.0,0.0,0.0,0,0,0,0,0,0,0,0,0.0,0.0,0.0,0.0,0,0,0,0,0,0,1,0,0,0,0,0,0,0,2968671.7272727275,139471.78589527766,3313051.0,2848657.0,7038889.083333334,139334.23424365305,7164381.0,6677789.0,1
134.221.96.0-0.0.0.136-0-0-0,134.221.96.0,0,0.0.0.136,0,0,01/01/1970 08:28:34 AM,117121739,48,0,0.0,0.0,0.0,0.0,0.0,0.0,0,0,0,0,0.0,0.40982998041038304,2491951.8936170214,2948814.018484198,7164248.0,119.0,1.17121739E8,2491951.8936170214,2948814.018484198,7164248.0,119.0,0,0,0,0,0,0,0,0,0,0,0,0.40982998041038304,0.0,0.0,0.0,0.0,0.0,0.0,0,0,0,0,0,0,0,0,0.0,0.0,0.0,0.0,0,0,0,0,0,0,2,0,0,0,0,0,0,0,2721480.8333333335,867152.7364787101,3313237.0,472.0,7038654.166666667,139337.61598547298,7164248.0,6677565.0,1
134.221.96.0-0.0.1.146-0-0-0,134.221.96.0,0,0.0.1.146,0,0,01/01/1970 08:28:35 AM,118509231,73,0,0.0,0.0,0.0,0.0,0.0,0.0,0,0,0,0,0.0,0.615985770762448,1645961.5416666672,1147416.8063793688,4359376.0,7042.0,1.18509231E8,1645961.5416666672,1147416.8063793688,4359376.0,7042.0,0,0,0,0,0,0,0,0,0,0,0,0.615985770762448,0.0,0.0,0.0,0.0,0.0,0.0,0,0,0,0,0,0,0,0,0.0,0.0,0.0,0.0,0,0,0,0,0,0,1,0,0,0,0,0,0,0,0,0,0,0,0,0,0,0,1
134.221.96.0-0.0.0.194-0-0-0,134.221.96.0,0,0.0.0.194,0,0,01/01/1970 08:28:47 AM,104281740,32,0,0.0,0.0,0.0,0.0,0.0,0.0,0,0,0,0,0.0,0.3068610094154547,3363927.096774193,6335991.495418026,1.5735702E7,737.0,1.0428174E8,3363927.096774193,6335991.495418026,1.5735702E7,737.0,0,0,0,0,0,0,0,0,0,0,0,0.3068610094154547,0.0,0.0,0.0,0.0,0.0,0.0,0,0,0,0,0,0,0,0,0.0,0.0,0.0,0.0,0,0,0,0,0,0,4,0,0,0,0,0,0,0,8624.285714285714,1046.996134072091,9881.0,7254.0,1.4887331714285715E7,786436.9364165433,1.5735702E7,1.4247577E7,1
134.221.96.0-0.0.0.42-0-0-0,134.221.96.0,0,0.0.0.42,0,0,01/01/1970 08:28:47 AM,104280617,33,0,0.0,0.0,0.0,0.0,0.0,0.0,0,0,0,0,0.0,0.31645382382039416,3258769.2812500005,6186767.357824582,1.5736298E7,708.0,1.04280617E8,3258769.2812500005,6186767.357824582,1.5736298E7,708.0,0,0,0,0,0,0,0,0,0,0,0,0.31645382382039416,0.0,0.0,0.0,0.0,0.0,0.0,0,0,0,0,0,0,0,0,0.0,0.0,0.0,0.0,0,0,0,0,0,0,4,0,0,0,0,0,0,0,7844.0,1091.6000488579446,9380.0,6599.0,1.473108357142857E7,1011869.475976498,1.5736298E7,1.3153864E7,1
134.221.96.0-0.0.0.32-0-0-0,134.221.96.0,0,0.0.0.32,0,0,01/01/1970 08:29:46 AM,103101167,16,0,0.0,0.0,0.0,0.0,0.0,0.0,0,0,0,0,0.0,0.15518738017776268,6873411.133333334,9263684.28638386,2.4000144E7,170.0,1.03101167E8,6873411.133333334,9263684.28638386,2.4000144E7,170.0,0,0,0,0,0,0,0,0,0,0,0,0.15518738017776268,0.0,0.0,0.0,0.0,0.0,0.0,0,0,0,0,0,0,0,0,0.0,0.0,0.0,0.0,0,0,0,0,0,0,2,0,0,0,0,0,0,0,486103.1666666666,1190049.239561022,2915281.0,170.0,1.6697366E7,6764248.173052996,2.4000144E7,9100320.0,1
192.168.1.5-239.255.255.250-1900-1900-17,192.168.1.5,1900,239.255.255.250,1900,17,01/01/1970 08:24:33 AM,8484826,18,0,8607.0,0.0,513.0,433.0,478.1666666666667,30.860692684079158,0,0,0,0,1014.399116729088,2.1214341932291836,499107.4117647059,433769.0271711517,1392229.0,76326.0,8484826.0,499107.4117647059,433769.0271711517,1392229.0,76326.0,0,0,0,0,0,0,0,0,0,144,0,2.1214341932291836,0.0,433.0,513.0,480.00000000000006,31.03761159195942,963.3333333333337,0,0,0,0,0,0,0,0,0.0,506.6666666666667,478.1666666666667,0.0,0,0,0,2707,5,1844,6,2869,0,0,0,0,17,8,0,0,0,0,0,0,0,0,1
192.168.1.5-192.168.1.255-138-138-17,192.168.1.5,138,192.168.1.255,138,17,01/01/1970 08:29:22 AM,30000111,2,0,346.0,0.0,173.0,173.0,173.0,0.0,0,0,0,0,11.53329066015789,0.06666642000091266,3.0000111E7,0.0,3.0000111E7,3.0000111E7,3.0000111E7,3.0000111E7,0.0,3.0000111E7,3.0000111E7,0,0,0,0,0,0,0,0,0,16,0,0.06666642000091266,0.0,173.0,173.0,173.0,0.0,0.0,0,0,0,0,0,0,0,0,0.0,259.5,173.0,0.0,0,0,0,0,0,0,2,346,0,0,0,0,1,8,0,0,0,0,3.0000111E7,0.0,3.0000111E7,3.0000111E7,1
134.221.96.0-0.0.0.104-0-0-0,134.221.96.0,0,0.0.0.104,0,0,01/01/1970 08:30:34 AM,117006956,24,0,0.0,0.0,0.0,0.0,0.0,0.0,0,0,0,0,0.0,0.20511601036779387,5087258.956521739,1855669.6259512233,7007574.0,3176240.0,1.17006956E8,5087258.956521739,1855669.6259512233,7007574.0,3176240.0,0,0,0,0,0,0,0,0,0,0,0,0.20511601036779387,0.0,0.0,0.0,0.0,0.0,0.0,0,0,0,0,0,0,0,0,0.0,0.0,0.0,0.0,0,0,0,0,0,0,1,0,0,0,0,0,0,0,3192634.0,44903.57779063933,3327959.0,3176240.0,6823998.5,71503.04172360273,7007574.0,6674306.0,1
134.221.96.0-0.0.0.128-0-0-0,134.221.96.0,0,0.0.0.128,0,0,01/01/1970 08:30:34 AM,117007472,24,0,0.0,0.0,0.0,0.0,0.0,0.0,0,0,0,0,0.0,0.2051151058113622,5087281.391304348,1855780.9771504614,7009816.0,3176107.0,1.17007472E8,5087281.391304348,1855780.9771504614,7009816.0,3176107.0,0,0,0,0,0,0,0,0,0,0,0,0.2051151058113622,0.0,0.0,0.0,0.0,0.0,0.0,0,0,0,0,0,0,0,0,0.0,0.0,0.0,0.0,0,0,0,0,0,0,1,0,0,0,0,0,0,0,3192550.818181818,44490.85308649,3326632.0,3176107.0,6824117.75,72150.46063624769,7009816.0,6673656.0,1
134.221.96.0-0.0.0.116-0-0-0,134.221.96.0,0,0.0.0.116,0,0,01/01/1970 08:30:34 AM,117007590,24,0,0.0,0.0,0.0,0.0,0.0,0.0,0,0,0,0,0.0,0.20511489895655488,5087286.521739129,1853532.8818514233,7009878.0,3176046.0,1.1700759E8,5087286.521739129,1853532.8818514233,7009878.0,3176046.0,0,0,0,0,0,0,0,0,0,0,0,0.20511489895655488,0.0,0.0,0.0,0.0,0.0,0.0,0,0,0,0,0,0,0,0,0.0,0.0,0.0,0.0,0,0,0,0,0,0,1,0,0,0,0,0,0,0,3195075.5454545454,53077.92545562353,3355057.0,3176046.0,6821813.25,77809.02581685613,7009878.0,6645180.0,1
134.221.96.0-0.0.0.28-0-0-0,134.221.96.0,0,0.0.0.28,0,0,01/01/1970 08:30:34 AM,117007495,24,0,0.0,0.0,0.0,0.0,0.0,0.0,0,0,0,0,0.0,0.2051150654921721,5087282.391304348,1853459.9420280228,7009805.0,3176081.0,1.17007495E8,5087282.391304348,1853459.9420280228,7009805.0,3176081.0,0,0,0,0,0,0,0,0,0,0,0,0.2051150654921721,0.0,0.0,0.0,0.0,0.0,0.0,0,0,0,0,0,0,0,0,0.0,0.0,0.0,0.0,0,0,0,0,0,0,1,0,0,0,0,0,0,0,3195147.4545454546,53111.1444884473,3355230.0,3176081.0,6821739.416666667,77857.57911545732,7009805.0,6644871.0,1
134.221.96.0-0.0.0.136-0-0-0,134.221.96.0,0,0.0.0.136,0,0,01/01/1970 08:30:34 AM,117007678,48,0,0.0,0.0,0.0,0.0,0.0,0.0,0,0,0,0,0.0,0.41022948938444875,2489525.063829787,2872197.243600744,7009323.0,134.0,1.17007678E8,2489525.063829787,2872197.243600744,7009323.0,134.0,0,0,0,0,0,0,0,0,0,0,0,0.41022948938444875,0.0,0.0,0.0,0.0,0.0,0.0,0,0,0,0,0,0,0,0,0.0,0.0,0.0,0.0,0,0,0,0,0,0,2,0,0,0,0,0,0,0,2929136.5000000005,923697.5497931717,3355413.0,411.0,6821485.250000001,77788.03476712739,7009323.0,6644711.0,1
134.221.96.0-0.0.1.146-0-0-0,134.221.96.0,0,0.0.1.146,0,0,01/01/1970 08:30:36 AM,119309686,73,0,0.0,0.0,0.0,0.0,0.0,0.0,0,0,0,0,0.0,0.6118530896141995,1657078.9722222225,1099700.0902738222,3774818.0,22735.0,1.19309686E8,1657078.9722222225,1099700.0902738222,3774818.0,22735.0,0,0,0,0,0,0,0,0,0,0,0,0.6118530896141995,0.0,0.0,0.0,0.0,0.0,0.0,0,0,0,0,0,0,0,0,0.0,0.0,0.0,0.0,0,0,0,0,0,0,1,0,0,0,0,0,0,0,0,0,0,0,0,0,0,0,1
8.6.0.1-8.0.6.4-0-0-0,8.6.0.1,0,8.0.6.4,0,0,01/01/1970 08:23:40 AM,38834789,6,0,0.0,0.0,0.0,0.0,0.0,0.0,0,0,0,0,0.0,0.15450064631482868,7766957.8,1.6404116698809652E7,3.7100534E7,116.0,3.8834789E7,7766957.8,1.6404116698809652E7,3.7100534E7,116.0,0,0,0,0,0,0,0,0,0,0,0,0.15450064631482868,0.0,0.0,0.0,0.0,0.0,0.0,0,0,0,0,0,0,0,0,0.0,0.0,0.0,0.0,0,0,0,0,0,0,3,0,0,0,0,0,0,0,1033363.0,0.0,1033363.0,1033363.0,3.7100534E7,0.0,3.7100534E7,3.7100534E7,1
192.168.1.4-192.168.1.5-49261-445-6,192.168.1.4,49261,192.168.1.5,445,6,01/01/1970 08:29:53 AM,58586986,99924,102946,1.30794092E8,1.30376264E8,1460.0,0.0,1308.9357111404504,435.564809611244,1460.0,0.0,1266.4529364909906,487.6092845917705,4457822.015285101,3462.714398723293,288.792205807688,33743.27945424414,1.4783263E7,0.0,5.8586986E7,586.321327422115,48257.41136936093,1.4783263E7,0.0,5.8387336E7,567.1701976783747,48013.12130007428,1.4994974E7,0.0,0,0,0,0,2000616,2064260,1705.5664887761934,1757.1479099470998,0.0,1460.0,1287.3787579298994,463.1919129381098,214546.74821126548,0,0,0,11036,202870,0,0,0,1.0,1287.3851037610293,1308.9357111404668,1266.4529364909758,0,0,0,65292534,46333,6643802,24981,32698523,25736,32594066,10909,1435,92722,20,4.3598097E7,0.0,4.3598097E7,4.3598097E7,1.4783263E7,0.0,1.4783263E7,1.4783263E7,1
134.221.96.0-0.0.0.194-0-0-0,134.221.96.0,0,0.0.0.194,0,0,01/01/1970 08:30:48 AM,119964289,36,0,0.0,0.0,0.0,0.0,0.0,0.0,0,0,0,0,0.0,0.30008930407614887,3427551.114285715,6394785.508447897,1.5780417E7,725.0,1.19964289E8,3427551.114285715,6394785.508447897,1.5780417E7,725.0,0,0,0,0,0,0,0,0,0,0,0,0.30008930407614887,0.0,0.0,0.0,0.0,0.0,0.0,0,0,0,0,0,0,0,0,0.0,0.0,0.0,0.0,0,0,0,0,0,0,4,0,0,0,0,0,0,0,8986.25,643.9347238435186,10004.0,8024.0,1.4985457375E7,848812.3909986465,1.5780417E7,1.4158824E7,1
134.221.96.0-0.0.0.42-0-0-0,134.221.96.0,0,0.0.0.42,0,0,01/01/1970 08:30:48 AM,119963473,36,0,0.0,0.0,0.0,0.0,0.0,0.0,0,0,0,0,0.0,0.30009134530474957,3427527.8,6395323.459324012,1.5781277E7,672.0,1.19963473E8,3427527.8,6395323.459324012,1.5781277E7,672.0,0,0,0,0,0,0,0,0,0,0,0,0.30009134530474957,0.0,0.0,0.0,0.0,0.0,0.0,0,0,0,0,0,0,0,0,0.0,0.0,0.0,0.0,0,0,0,0,0,0,4,0,0,0,0,0,0,0,8066.5,584.8736127208534,8846.0,7200.0,1.4986406999999998E7,848874.5833446608,1.5781277E7,1.4159634E7,1
192.168.1.5-224.0.0.22-0-0-0,192.168.1.5,0,224.0.0.22,0,0,01/01/1970 08:23:41 AM,711369,6,0,0.0,0.0,0.0,0.0,0.0,0.0,0,0,0,0,0.0,8.434441197184583,142273.8,141000.536973091,357320.0,1105.0,711369.0,142273.8,141000.536973091,357320.0,1105.0,0,0,0,0,0,0,0,0,0,0,0,8.434441197184583,0.0,0.0,0.0,0.0,0.0,0.0,0,0,0,0,0,0,0,0,0.0,0.0,0.0,0.0,0,0,0,0,0,0,0,0,0,0,0,0,0,0,0,0,0,0,0,0,0,0,1
192.168.1.5-239.255.255.250-61584-1900-17,192.168.1.5,61584,239.255.255.250,1900,17,01/01/1970 08:28:20 AM,5995741,6,0,744.0,0.0,125.0,123.0,124.0,1.0954451150103317,0,0,0,0,124.08808185677134,1.0007103375546076,1199148.2,1641243.4580278455,2998354.0,50.0,5995741.0,1199148.2,1641243.4580278455,2998354.0,50.0,0,0,0,0,0,0,0,0,0,48,0,1.0007103375546076,0.0,123.0,125.0,124.14285714285714,1.0690449676496971,1.1428571428571421,0,0,0,0,0,0,0,0,0.0,144.83333333333334,124.0,0.0,0,0,0,0,0,0,3,372,0,0,0,0,5,8,0,0,0,0,0,0,0,0,1
134.221.96.0-0.0.0.32-0-0-0,134.221.96.0,0,0.0.0.32,0,0,01/01/1970 08:31:51 AM,117585574,18,0,0.0,0.0,0.0,0.0,0.0,0.0,0,0,0,0,0.0,0.15308000282415596,6916798.470588235,9409186.370647684,2.350002E7,213.0,1.17585574E8,6916798.470588235,9409186.370647684,2.350002E7,213.0,0,0,0,0,0,0,0,0,0,0,0,0.15308000282415596,0.0,0.0,0.0,0.0,0.0,0.0,0,0,0,0,0,0,0,0,0.0,0.0,0.0,0.0,0,0,0,0,0,0,2,0,0,0,0,0,0,0,155362.14285714284,410094.50123088644,1085369.0,213.0,1.6642541571428573E7,6950361.271007065,2.350002E7,6084983.0,1
192.168.1.3-192.168.1.4-67-68-17,192.168.1.3,67,192.168.1.4,68,17,01/01/1970 08:24:18 AM,666879,2,0,848.0,0.0,548.0,300.0,424.0,175.36248173426378,0,0,0,0,1271.5949969934575,2.999044804229853,666879.0,0.0,666879.0,666879.0,666879.0,666879.0,0.0,666879.0,666879.0,0,0,0,0,0,0,0,0,0,16,0,2.999044804229853,0.0,300.0,548.0,382.6666666666667,143.1828667590272,20501.333333333336,0,0,0,0,0,0,0,0,0.0,574.0,424.0,0.0,0,0,0,0,0,0,0,0,0,0,0,0,1,8,0,0,0,0,0,0,0,0,1
192.168.1.4-224.0.0.22-0-0-0,192.168.1.4,0,224.0.0.22,0,0,01/01/1970 08:24:19 AM,812647,6,0,0.0,0.0,0.0,0.0,0.0,0.0,0,0,0,0,0.0,7.383279578956176,162529.4,218741.45093877384,474538.0,1241.0,812647.0,162529.4,218741.45093877384,474538.0,1241.0,0,0,0,0,0,0,0,0,0,0,0,7.383279578956176,0.0,0.0,0.0,0.0,0.0,0.0,0,0,0,0,0,0,0,0,0.0,0.0,0.0,0.0,0,0,0,0,0,0,0,0,0,0,0,0,0,0,0,0,0,0,0,0,0,0,1
192.168.1.4-239.255.255.250-54067-1900-17,192.168.1.4,54067,239.255.255.250,1900,17,01/01/1970 08:24:19 AM,15006050,6,0,798.0,0.0,133.0,133.0,133.0,0.0,0,0,0,0,53.17855131763522,0.399838731711543,3001210.0,9293.22691534001,3015268.0,2989252.0,1.500605E7,3001210.0,9293.22691534001,3015268.0,2989252.0,0,0,0,0,0,0,0,0,0,48,0,0.399838731711543,0.0,133.0,133.0,133.0,0.0,0.0,0,0,0,0,0,0,0,0,0.0,155.16666666666666,133.0,0.0,0,0,0,0,0,0,1,159,0,0,0,0,5,8,0,0,0,0,0,0,0,0,1
192.168.1.4-192.168.1.255-138-138-17,192.168.1.4,138,192.168.1.255,138,17,01/01/1970 08:25:22 AM,739969,3,0,522.0,0.0,174.0,174.0,174.0,0.0,0,0,0,0,705.434957410378,4.054223893163092,369984.5,498594.4264434772,722544.0,17425.0,739969.0,369984.5,498594.4264434772,722544.0,17425.0,0,0,0,0,0,0,0,0,0,24,0,4.054223893163092,0.0,174.0,174.0,174.0,0.0,0.0,0,0,0,0,0,0,0,0,0.0,232.0,174.0,0.0,0,0,0,0,0,0,0,0,0,0,0,0,2,8,0,0,0,0,0,0,0,0,1
134.221.96.0-0.0.0.104-0-0-0,134.221.96.0,0,0.0.0.104,0,0,01/01/1970 08:32:34 AM,116821003,24,0,0.0,0.0,0.0,0.0,0.0,0.0,0,0,0,0,0.0,0.2054425093405507,5079174.043478261,1859287.1171468692,6823482.0,3176083.0,1.16821003E8,5079174.043478261,1859287.1171468692,6823482.0,3176083.0,0,0,0,0,0,0,0,0,0,0,0,0.2054425093405507,0.0,0.0,0.0,0.0,0.0,0.0,0,0,0,0,0,0,0,0,0.0,0.0,0.0,0.0,0,0,0,0,0,0,1,0,0,0,0,0,0,0,3179898.3636363633,1775.6484039767947,3182219.0,3176083.0,6820176.75,1447.2748765116658,6823482.0,6818456.0,1
134.221.96.0-0.0.1.146-0-0-0,134.221.96.0,0,0.0.1.146,0,0,01/01/1970 08:32:37 AM,117626042,72,0,0.0,0.0,0.0,0.0,0.0,0.0,0,0,0,0,0.0,0.6121093490504425,1656704.816901408,1013057.9743957865,4063309.0,6651.0,1.17626042E8,1656704.816901408,1013057.9743957865,4063309.0,6651.0,0,0,0,0,0,0,0,0,0,0,0,0.6121093490504425,0.0,0.0,0.0,0.0,0.0,0.0,0,0,0,0,0,0,0,0,0.0,0.0,0.0,0.0,0,0,0,0,0,0,1,0,0,0,0,0,0,0,0,0,0,0,0,0,0,0,1
134.221.96.0-0.0.0.128-0-0-0,134.221.96.0,0,0.0.0.128,0,0,01/01/1970 08:32:34 AM,119999549,25,0,0.0,0.0,0.0,0.0,0.0,0.0,0,0,0,0,0.0,0.2083341163223872,4999981.208333334,1859132.1811234583,6823483.0,3175916.0,1.19999549E8,4999981.208333334,1859132.1811234583,6823483.0,3175916.0,0,0,0,0,0,0,0,0,0,0,0,0.2083341163223872,0.0,0.0,0.0,0.0,0.0,0.0,0,0,0,0,0,0,0,0,0.0,0.0,0.0,0.0,0,0,0,0,0,0,1,0,0,0,0,0,0,0,3180080.8181818184,1722.0165398846539,3181894.0,3175916.0,6819968.75,1490.537372591145,6823483.0,6818241.0,1
134.221.96.0-0.0.0.116-0-0-0,134.221.96.0,0,0.0.0.116,0,0,01/01/1970 08:32:34 AM,119997601,25,0,0.0,0.0,0.0,0.0,0.0,0.0,0,0,0,0,0.0,0.20833749834715445,4999900.041666668,1859106.7031654813,6823609.0,3175777.0,1.19997601E8,4999900.041666668,1859106.7031654813,6823609.0,3175777.0,0,0,0,0,0,0,0,0,0,0,0,0.20833749834715445,0.0,0.0,0.0,0.0,0.0,0.0,0,0,0,0,0,0,0,0,0.0,0.0,0.0,0.0,0,0,0,0,0,0,1,0,0,0,0,0,0,0,3180030.6363636362,1760.8083525885188,3181869.0,3175777.0,6819862.5,1792.2840937549945,6823609.0,6816348.0,1
134.221.96.0-0.0.0.28-0-0-0,134.221.96.0,0,0.0.0.28,0,0,01/01/1970 08:32:34 AM,119996438,25,0,0.0,0.0,0.0,0.0,0.0,0.0,0,0,0,0,0.0,0.2083395175446791,4999851.583333334,1858974.4184556946,6823587.0,3175758.0,1.19996438E8,4999851.583333334,1858974.4184556946,6823587.0,3175758.0,0,0,0,0,0,0,0,0,0,0,0,0.2083395175446791,0.0,0.0,0.0,0.0,0.0,0.0,0,0,0,0,0,0,0,0,0.0,0.0,0.0,0.0,0,0,0,0,0,0,1,0,0,0,0,0,0,0,3180117.7272727275,1799.5753438469103,3181906.0,3175758.0,6819684.416666666,2017.3417909504226,6823587.0,6815164.0,1
134.221.96.0-0.0.0.136-0-0-0,134.221.96.0,0,0.0.0.136,0,0,01/01/1970 08:32:34 AM,119996611,50,0,0.0,0.0,0.0,0.0,0.0,0.0,0,0,0,0,0.0,0.41667843436011703,2448910.4285714296,2834059.529463294,6823332.0,162.0,1.19996611E8,2448910.4285714296,2834059.529463294,6823332.0,162.0,0,0,0,0,0,0,0,0,0,0,0,0.41667843436011703,0.0,0.0,0.0,0.0,0.0,0.0,0,0,0,0,0,0,0,0,0.0,0.0,0.0,0.0,0,0,0,0,0,0,2,0,0,0,0,0,0,0,2915366.0833333335,918044.6548692952,3182142.0,188.0,6819423.416666667,2004.2559924653808,6823332.0,6815027.0,1
8.6.0.1-8.0.6.4-0-0-0,8.6.0.1,0,8.0.6.4,0,0,01/01/1970 08:32:52 AM,86894893,10,0,0.0,0.0,0.0,0.0,0.0,0.0,0,0,0,0,0.0,0.1150815618128444,9654988.111111112,1.9315782312722426E7,4.9028969E7,66.0,8.6894893E7,9654988.111111112,1.9315782312722426E7,4.9028969E7,66.0,0,0,0,0,0,0,0,0,0,0,0,0.1150815618128444,0.0,0.0,0.0,0.0,0.0,0.0,0,0,0,0,0,0,0,0,0.0,0.0,0.0,0.0,0,0,0,0,0,0,5,0,0,0,0,0,0,0,53812.5,74659.86949158162,106605.0,1020.0,4.3355316E7,8023757.020798798,4.9028969E7,3.7681663E7,1
192.168.1.4-192.168.1.5-49261-445-6,192.168.1.4,49261,192.168.1.5,445,6,01/01/1970 08:32:52 AM,510,2,0,1.0,0.0,1.0,0.0,0.5,0.7071067811865476,0,0,0,0,1960.7843137254902,3921.5686274509803,510.0,0.0,510.0,510.0,510.0,510.0,0.0,510.0,510.0,0,0,0,0,0,0,0,0,0,52,0,3921.5686274509803,0.0,0.0,1.0,0.6666666666666667,0.5773502691896257,0.3333333333333333,0,0,0,0,2,0,0,0,0.0,1.0,0.5,0.0,0,0,0,0,0,0,0,0,0,0,1435,0,0,20,0,0,0,0,0,0,0,0,1
134.221.96.0-0.0.0.194-0-0-0,134.221.96.0,0,0.0.0.194,0,0,01/01/1970 08:33:02 AM,105800327,32,0,0.0,0.0,0.0,0.0,0.0,0.0,0,0,0,0,0.0,0.3024565321050473,3412913.7741935477,6429302.308600312,1.5781472E7,688.0,1.05800327E8,3412913.7741935477,6429302.308600312,1.5781472E7,688.0,0,0,0,0,0,0,0,0,0,0,0,0.3024565321050473,0.0,0.0,0.0,0.0,0.0,0.0,0,0,0,0,0,0,0,0,0.0,0.0,0.0,0.0,0,0,0,0,0,0,4,0,0,0,0,0,0,0,9049.57142857143,427.2629390055018,9618.0,8566.0,1.510386457142857E7,844366.8121616057,1.5781472E7,1.4200727E7,1
134.221.96.0-0.0.0.42-0-0-0,134.221.96.0,0,0.0.0.42,0,0,01/01/1970 08:33:02 AM,105799577,32,0,0.0,0.0,0.0,0.0,0.0,0.0,0,0,0,0,0.0,0.3024586761816638,3412889.580645161,6429837.135485355,1.5782551E7,681.0,1.05799577E8,3412889.580645161,6429837.135485355,1.5782551E7,681.0,0,0,0,0,0,0,0,0,0,0,0,0.3024586761816638,0.0,0.0,0.0,0.0,0.0,0.0,0,0,0,0,0,0,0,0,0.0,0.0,0.0,0.0,0,0,0,0,0,0,4,0,0,0,0,0,0,0,8125.857142857142,441.8809902267911,8643.0,7480.0,1.5104813285714285E7,844432.639945645,1.5782551E7,1.4201607E7,1
134.221.96.0-0.0.0.32-0-0-0,134.221.96.0,0,0.0.0.32,0,0,01/01/1970 08:33:58 AM,107585578,16,0,0.0,0.0,0.0,0.0,0.0,0.0,0,0,0,0,0.0,0.1487188180557063,7172371.866666667,9755772.70495019,2.2999561E7,195.0,1.07585578E8,7172371.866666667,9755772.70495019,2.2999561E7,195.0,0,0,0,0,0,0,0,0,0,0,0,0.1487188180557063,0.0,0.0,0.0,0.0,0.0,0.0,0,0,0,0,0,0,0,0,0.0,0.0,0.0,0.0,0,0,0,0,0,0,2,0,0,0,0,0,0,0,1300345.2,1783748.6663441968,3414843.0,195.0,2.02166802E7,3136531.363965089,2.2999561E7,1.5084597E7,1
134.221.96.0-0.0.0.104-0-0-0,134.221.96.0,0,0.0.0.104,0,0,01/01/1970 08:34:34 AM,116825418,24,0,0.0,0.0,0.0,0.0,0.0,0.0,0,0,0,0,0.0,0.20543474537364806,5079366.0,1860092.2332768633,6825705.0,3177399.0,1.16825418E8,5079366.0,1860092.2332768633,6825705.0,3177399.0,0,0,0,0,0,0,0,0,0,0,0,0.20543474537364806,0.0,0.0,0.0,0.0,0.0,0.0,0,0,0,0,0,0,0,0,0.0,0.0,0.0,0.0,0,0,0,0,0,0,1,0,0,0,0,0,0,0,3179268.0,1322.739430122246,3181141.0,3177399.0,6821122.5,2047.015232878322,6825705.0,6817418.0,1
134.221.96.0-0.0.1.146-0-0-0,134.221.96.0,0,0.0.1.146,0,0,01/01/1970 08:34:38 AM,118922021,73,0,0.0,0.0,0.0,0.0,0.0,0.0,0,0,0,0,0.0,0.6138476237298389,1651694.736111111,1117578.84699858,4540154.0,6490.0,1.18922021E8,1651694.736111111,1117578.84699858,4540154.0,6490.0,0,0,0,0,0,0,0,0,0,0,0,0.6138476237298389,0.0,0.0,0.0,0.0,0.0,0.0,0,0,0,0,0,0,0,0,0.0,0.0,0.0,0.0,0,0,0,0,0,0,1,0,0,0,0,0,0,0,0,0,0,0,0,0,0,0,1
134.221.96.0-0.0.0.128-0-0-0,134.221.96.0,0,0.0.0.128,0,0,01/01/1970 08:34:41 AM,119999230,25,0,0.0,0.0,0.0,0.0,0.0,0.0,0,0,0,0,0.0,0.2083346701474668,4999967.916666666,1860430.3030166202,6825557.0,3174972.0,1.1999923E8,4999967.916666666,1860430.3030166202,6825557.0,3174972.0,0,0,0,0,0,0,0,0,0,0,0,0.2083346701474668,0.0,0.0,0.0,0.0,0.0,0.0,0,0,0,0,0,0,0,0,0.0,0.0,0.0,0.0,0,0,0,0,0,0,1,0,0,0,0,0,0,0,3178709.75,1710.2078090103196,3181227.0,3174972.0,6821226.083333334,1843.4226792144407,6825557.0,6818221.0,1
134.221.96.0-0.0.0.116-0-0-0,134.221.96.0,0,0.0.0.116,0,0,01/01/1970 08:34:41 AM,119999212,25,0,0.0,0.0,0.0,0.0,0.0,0.0,0,0,0,0,0.0,0.20833470139787252,4999967.166666667,1860497.2663437533,6825524.0,3174984.0,1.19999212E8,4999967.166666667,1860497.2663437533,6825524.0,3174984.0,0,0,0,0,0,0,0,0,0,0,0,0.20833470139787252,0.0,0.0,0.0,0.0,0.0,0.0,0,0,0,0,0,0,0,0,0.0,0.0,0.0,0.0,0,0,0,0,0,0,1,0,0,0,0,0,0,0,3178643.416666667,1692.5457672521115,3181214.0,3174984.0,6821290.916666666,1794.646303888796,6825524.0,6818375.0,1
134.221.96.0-0.0.0.28-0-0-0,134.221.96.0,0,0.0.0.28,0,0,01/01/1970 08:34:41 AM,119999301,25,0,0.0,0.0,0.0,0.0,0.0,0.0,0,0,0,0,0.0,0.20833454688206893,4999970.874999999,1860441.2855448246,6825411.0,3175099.0,1.19999301E8,4999970.874999999,1860441.2855448246,6825411.0,3175099.0,0,0,0,0,0,0,0,0,0,0,0,0.20833454688206893,0.0,0.0,0.0,0.0,0.0,0.0,0,0,0,0,0,0,0,0,0.0,0.0,0.0,0.0,0,0,0,0,0,0,1,0,0,0,0,0,0,0,3178701.9166666665,1690.2178696753258,3181279.0,3175099.0,6821239.833333334,1773.5107879996249,6825411.0,6818343.0,1
134.221.96.0-0.0.0.136-0-0-0,134.221.96.0,0,0.0.0.136,0,0,01/01/1970 08:34:41 AM,119999598,50,0,0.0,0.0,0.0,0.0,0.0,0.0,0,0,0,0,0.0,0.41666806250467603,2448971.387755101,2834587.5143963173,6825026.0,163.0,1.19999598E8,2448971.387755101,2834587.5143963173,6825026.0,163.0,0,0,0,0,0,0,0,0,0,0,0,0.41666806250467603,0.0,0.0,0.0,0.0,0.0,0.0,0,0,0,0,0,0,0,0,0.0,0.0,0.0,0.0,0,0,0,0,0,0,2,0,0,0,0,0,0,0,3178922.75,1670.0008233530036,3181550.0,3175416.0,6821020.083333334,1745.8551672895799,6825026.0,6818177.0,1
8.6.0.1-8.0.6.4-0-0-0,8.6.0.1,0,8.0.6.4,0,0,01/01/1970 08:34:52 AM,1308,4,0,0.0,0.0,0.0,0.0,0.0,0.0,0,0,0,0,0.0,3058.1039755351685,436.0,237.7666923688009,667.0,192.0,1308.0,436.0,237.7666923688009,667.0,192.0,0,0,0,0,0,0,0,0,0,0,0,3058.1039755351685,0.0,0.0,0.0,0.0,0.0,0.0,0,0,0,0,0,0,0,0,0.0,0.0,0.0,0.0,0,0,0,0,0,0,0,0,0,0,0,0,0,0,0,0,0,0,0,0,0,0,1
192.168.1.4-192.168.1.5-49261-445-6,192.168.1.4,49261,192.168.1.5,445,6,01/01/1970 08:34:52 AM,560,2,0,1.0,0.0,1.0,0.0,0.5,0.7071067811865476,0,0,0,0,1785.7142857142858,3571.4285714285716,560.0,0.0,560.0,560.0,560.0,560.0,0.0,560.0,560.0,0,0,0,0,0,0,0,0,0,52,0,3571.4285714285716,0.0,0.0,1.0,0.6666666666666667,0.5773502691896257,0.3333333333333333,0,0,0,0,2,0,0,0,0.0,1.0,0.5,0.0,0,0,0,0,0,0,0,0,0,0,1435,0,0,20,0,0,0,0,0,0,0,0,1
134.221.96.0-0.0.0.194-0-0-0,134.221.96.0,0,0.0.0.194,0,0,01/01/1970 08:35:02 AM,119999224,33,0,0.0,0.0,0.0,0.0,0.0,0.0,0,0,0,0,0.0,0.2750017783448333,3749975.7500000005,6605886.786092498,1.5780394E7,713.0,1.19999224E8,3749975.7500000005,6605886.786092498,1.5780394E7,713.0,0,0,0,0,0,0,0,0,0,0,0,0.2750017783448333,0.0,0.0,0.0,0.0,0.0,0.0,0,0,0,0,0,0,0,0,0.0,0.0,0.0,0.0,0,0,0,0,0,0,4,0,0,0,0,0,0,0,9166.0,212.59350883787602,9499.0,8846.0,1.4990737E7,843980.5536913411,1.5780394E7,1.4201142E7,1
134.221.96.0-0.0.0.42-0-0-0,134.221.96.0,0,0.0.0.42,0,0,01/01/1970 08:35:02 AM,119999190,34,0,0.0,0.0,0.0,0.0,0.0,0.0,0,0,0,0,0.0,0.2833352458462428,3636339.090909091,6292686.555395638,1.5781755E7,675.0,1.1999919E8,3636339.090909091,6292686.555395638,1.5781755E7,675.0,0,0,0,0,0,0,0,0,0,0,0,0.2833352458462428,0.0,0.0,0.0,0.0,0.0,0.0,0,0,0,0,0,0,0,0,0.0,0.0,0.0,0.0,0,0,0,0,0,0,3,0,0,0,0,0,0,0,8088.0,387.987849588839,8733.0,7549.0,1.3326054E7,3626928.7852988993,1.5781755E7,6286003.0,1
192.168.1.4-239.255.255.250-1900-1900-17,192.168.1.4,1900,239.255.255.250,1900,17,01/01/1970 08:29:52 AM,8516241,18,0,8607.0,0.0,513.0,433.0,478.1666666666667,30.860692684079158,0,0,0,0,1010.6571667006605,2.1136085744872646,500955.35294117645,467871.19043398864,1421248.0,1314.0,8516241.0,500955.35294117645,467871.19043398864,1421248.0,1314.0,0,0,0,0,0,0,0,0,0,144,0,2.1136085744872646,0.0,433.0,513.0,480.00000000000006,31.03761159195942,963.3333333333337,0,0,0,0,0,0,0,0,0.0,506.6666666666667,478.1666666666667,0.0,0,0,0,2707,5,1888,6,2869,0,0,0,0,17,8,0,0,0,0,0,0,0,0,1
134.221.96.0-0.0.0.48-0-0-0,134.221.96.0,0,0.0.0.48,0,0,01/01/1970 08:25:22 AM,30882120,6,0,0.0,0.0,0.0,0.0,0.0,0.0,0,0,0,0,0.0,0.19428717976615595,6176424.0,1.3327696633476093E7,3.0014738E7,406.0,3.088212E7,6176424.0,1.3327696633476093E7,3.0014738E7,406.0,0,0,0,0,0,0,0,0,0,0,0,0.19428717976615595,0.0,0.0,0.0,0.0,0.0,0.0,0,0,0,0,0,0,0,0,0.0,0.0,0.0,0.0,0,0,0,0,0,0,6,0,0,0,0,0,0,0,383650.0,0.0,383650.0,383650.0,3.0014738E7,0.0,3.0014738E7,3.0014738E7,1
134.221.96.0-0.0.0.60-0-0-0,134.221.96.0,0,0.0.0.60,0,0,01/01/1970 08:25:22 AM,30880020,5,0,0.0,0.0,0.0,0.0,0.0,0.0,0,0,0,0,0.0,0.1619169935770767,7720005.0,1.4864972590205405E7,3.001551E7,18493.0,3.088002E7,7720005.0,1.4864972590205405E7,3.001551E7,18493.0,0,0,0,0,0,0,0,0,0,0,0,0.1619169935770767,0.0,0.0,0.0,0.0,0.0,0.0,0,0,0,0,0,0,0,0,0.0,0.0,0.0,0.0,0,0,0,0,0,0,5,0,0,0,0,0,0,0,381986.0,0.0,381986.0,381986.0,3.001551E7,0.0,3.001551E7,3.001551E7,1
192.168.1.4-192.168.1.5-49275-139-6,192.168.1.4,49275,192.168.1.5,139,6,01/01/1970 08:37:56 AM,16950,4,4,209.0,43.0,137.0,0.0,52.24999999999999,65.91092473937836,39.0,0.0,10.75,18.9274932307477,14867.256637168142,471.97640117994104,2421.428571428571,5721.628522753024,15393.0,92.0,16711.0,5570.333333333333,8961.861767140426,15918.0,300.0,16742.0,5580.666666666667,8709.981936452758,15632.0,252.0,0,0,0,0,92,92,235.98820058997052,235.98820058997052,0.0,137.0,28.0,48.00260409602796,2304.25,2,2,0,4,7,0,0,0,1.0,31.5,52.25,10.75,0,0,0,252,4,247544,0,0,0,0,8192,256,2,20,0,0,0,0,0,0,0,0,1
134.221.96.0-0.0.0.32-0-0-0,134.221.96.0,0,0.0.0.32,0,0,01/01/1970 08:36:01 AM,103085574,16,0,0.0,0.0,0.0,0.0,0.0,0.0,0,0,0,0,0.0,0.15521085423650063,6872371.599999999,9296745.985104088,2.4499419E7,220.0,1.03085574E8,6872371.599999999,9296745.985104088,2.4499419E7,220.0,0,0,0,0,0,0,0,0,0,0,0,0.15521085423650063,0.0,0.0,0.0,0.0,0.0,0.0,0,0,0,0,0,0,0,0,0.0,0.0,0.0,0.0,0,0,0,0,0,0,2,0,0,0,0,0,0,0,652937.1666666666,1598319.4190847354,3915493.0,231.0,1.6527929333333334E7,7267648.484326568,2.4499419E7,8085030.0,1
192.168.1.4-192.168.1.5-49276-139-6,192.168.1.4,49276,192.168.1.5,139,6,01/01/1970 08:37:57 AM,13209524,5,4,209.0,43.0,137.0,0.0,41.8,61.6781971202142,39.0,0.0,10.75,18.9274932307477,19.07714464200224,0.6813265943572229,1651190.5000000002,4588242.739064863,1.3005157E7,92.0,1.3209266E7,3302316.5,6469265.235084558,1.3005157E7,362.0,1.3209254E7,4403084.666666667,7625474.3501185775,1.3208224E7,281.0,0,0,0,0,112,92,0.37851477464290156,0.30281181971432125,0.0,137.0,25.2,46.11531440012333,2126.6222222222223,2,2,0,4,8,0,0,0,0.0,28.0,41.8,10.75,0,0,0,252,4,268656,5,209,4,43,8192,256,2,20,204109.0,0.0,204109.0,204109.0,1.3005157E7,0.0,1.3005157E7,1.3005157E7,1
192.168.1.4-192.168.1.5-49274-139-6,192.168.1.4,49274,192.168.1.5,139,6,01/01/1970 08:37:56 AM,13254261,11,10,983.0,908.0,238.0,0.0,89.36363636363636,76.20272006598285,223.0,0.0,90.8,79.0917891510308,142.671100259758,1.5843961424933461,662713.05,2908418.0876519093,1.3017558E7,106.0,1.3254085E7,1325408.5,4108741.7585604056,1.3017558E7,303.0,1.3254064E7,1472673.7777777778,4410073.300066275,1.3232868E7,287.0,0,0,0,0,232,212,0.8299217889250861,0.7544743535682601,0.0,238.0,85.95454545454547,76.25738201438804,5815.188311688313,2,2,0,16,20,0,0,0,0.0,90.04761904761905,89.36363636363636,90.8,0,0,0,945,8,95674,11,983,10,908,8192,253,8,20,232551.0,0.0,232551.0,232551.0,1.3017558E7,0.0,1.3017558E7,1.3017558E7,1
192.168.1.4-192.168.1.5-49278-139-6,192.168.1.4,49278,192.168.1.5,139,6,01/01/1970 08:38:27 AM,17528,4,4,209.0,43.0,137.0,0.0,52.24999999999999,65.91092473937836,39.0,0.0,10.75,18.9274932307477,14376.996805111823,456.4125969876769,2504.0000000000005,6055.779250710295,16236.0,113.0,17323.0,5774.333333333333,9346.248570059182,16566.0,293.0,17348.0,5782.666666666667,9232.353022568695,16441.0,263.0,0,0,0,0,92,92,228.20629849383846,228.20629849383846,0.0,137.0,28.0,48.00260409602796,2304.25,2,2,0,4,7,0,0,0,1.0,31.5,52.25,10.75,0,0,0,252,4,317380,0,0,0,0,8192,256,2,20,0,0,0,0,0,0,0,0,1
134.221.96.0-0.0.0.104-0-0-0,134.221.96.0,0,0.0.0.104,0,0,01/01/1970 08:36:34 AM,116820366,24,0,0.0,0.0,0.0,0.0,0.0,0.0,0,0,0,0,0.0,0.20544362958082155,5079146.347826088,1858641.2753868105,6822068.0,3178231.0,1.16820366E8,5079146.347826088,1858641.2753868105,6822068.0,3178231.0,0,0,0,0,0,0,0,0,0,0,0,0.20544362958082155,0.0,0.0,0.0,0.0,0.0,0.0,0,0,0,0,0,0,0,0,0.0,0.0,0.0,0.0,0,0,0,0,0,0,1,0,0,0,0,0,0,0,3180530.272727273,1509.8335730079334,3183455.0,3178231.0,6819544.416666666,1399.1377512490333,6822068.0,6817287.0,1
192.168.1.4-192.168.1.5-49279-139-6,192.168.1.4,49279,192.168.1.5,139,6,01/01/1970 08:38:27 AM,13160911,5,4,209.0,43.0,137.0,0.0,41.8,61.6781971202142,39.0,0.0,10.75,18.9274932307477,19.147610678318543,0.6838432385113766,1645113.875,4571792.668425888,1.2958385E7,149.0,1.3160643E7,3290160.75,6446179.2906183,1.2958385E7,386.0,1.3160674E7,4386891.333333333,7597588.618034431,1.3159831E7,309.0,0,0,0,0,112,92,0.3799129102840981,0.3039303282272785,0.0,137.0,25.2,46.11531440012333,2126.6222222222223,2,2,0,4,8,0,0,0,0.0,28.0,41.8,10.75,0,0,0,252,4,363112,5,209,4,43,8192,256,2,20,202258.0,0.0,202258.0,202258.0,1.2958385E7,0.0,1.2958385E7,1.2958385E7,1
192.168.1.4-192.168.1.5-49277-139-6,192.168.1.4,49277,192.168.1.5,139,6,01/01/1970 08:38:27 AM,13194332,11,10,983.0,908.0,238.0,0.0,89.36363636363636,76.20272006598285,223.0,0.0,90.8,79.0917891510308,143.3191161174359,1.5915925110873366,659716.6000000001,2898277.7121494687,1.2971495E7,125.0,1.3193948E7,1319394.8,4094669.153667344,1.2971495E7,405.0,1.3194052E7,1466005.7777777778,4394578.991096325,1.3184883E7,354.0,0,0,0,0,232,212,0.8336913153314621,0.7579011957558746,0.0,238.0,85.95454545454547,76.25738201438804,5815.188311688313,2,2,0,16,20,0,0,0,0.0,90.04761904761905,89.36363636363636,90.8,0,0,0,945,8,213262,11,983,10,908,8192,253,8,20,219822.0,0.0,219822.0,219822.0,1.2971495E7,0.0,1.2971495E7,1.2971495E7,1
134.221.96.0-0.0.1.146-0-0-0,134.221.96.0,0,0.0.1.146,0,0,01/01/1970 08:36:39 AM,119336759,73,0,0.0,0.0,0.0,0.0,0.0,0.0,0,0,0,0,0.0,0.6117142832746111,1657454.986111111,1190938.2697268864,5227312.0,7414.0,1.19336759E8,1657454.986111111,1190938.2697268864,5227312.0,7414.0,0,0,0,0,0,0,0,0,0,0,0,0.6117142832746111,0.0,0.0,0.0,0.0,0.0,0.0,0,0,0,0,0,0,0,0,0.0,0.0,0.0,0.0,0,0,0,0,0,0,1,0,0,0,0,0,0,0,7.1906258E7,0.0,7.1906258E7,7.1906258E7,5227312.0,0.0,5227312.0,5227312.0,1
192.168.1.4-239.255.255.250-54067-1900-17,192.168.1.4,54067,239.255.255.250,1900,17,01/01/1970 08:34:19 AM,14993015,6,0,798.0,0.0,133.0,133.0,133.0,0.0,0,0,0,0,53.22478500821883,0.40018635344525433,2998603.0,9447.59141262995,3012311.0,2987771.0,1.4993015E7,2998603.0,9447.59141262995,3012311.0,2987771.0,0,0,0,0,0,0,0,0,0,48,0,0.40018635344525433,0.0,133.0,133.0,133.0,0.0,0.0,0,0,0,0,0,0,0,0,0.0,155.16666666666666,133.0,0.0,0,0,0,0,0,0,1,159,0,0,0,0,5,8,0,0,0,0,0,0,0,0,1
134.221.96.0-0.0.0.20-0-0-0,134.221.96.0,0,0.0.0.20,0,0,01/01/1970 08:28:20 AM,69002412,11,0,0.0,0.0,0.0,0.0,0.0,0.0,0,0,0,0,0.0,0.15941471727104262,6900241.2,2.1688278998268146E7,6.8625783E7,143.0,6.9002412E7,6900241.2,2.1688278998268146E7,6.8625783E7,143.0,0,0,0,0,0,0,0,0,0,0,0,0.15941471727104262,0.0,0.0,0.0,0.0,0.0,0.0,0,0,0,0,0,0,0,0,0.0,0.0,0.0,0.0,0,0,0,0,0,0,11,0,0,0,0,0,0,0,376629.0,0.0,376629.0,376629.0,6.8625783E7,0.0,6.8625783E7,6.8625783E7,1
134.221.96.0-0.0.5.180-0-0-0,134.221.96.0,0,0.0.5.180,0,0,01/01/1970 08:28:20 AM,161552,6,0,0.0,0.0,0.0,0.0,0.0,0.0,0,0,0,0,0.0,37.139744478557986,32310.4,71759.26568952612,160677.0,62.0,161552.0,32310.4,71759.26568952612,160677.0,62.0,0,0,0,0,0,0,0,0,0,0,0,37.139744478557986,0.0,0.0,0.0,0.0,0.0,0.0,0,0,0,0,0,0,0,0,0.0,0.0,0.0,0.0,0,0,0,0,0,0,0,0,0,0,0,0,0,0,0,0,0,0,0,0,0,0,1
134.221.96.0-0.0.1.214-0-0-0,134.221.96.0,0,0.0.1.214,0,0,01/01/1970 08:28:21 AM,7375554,3,0,0.0,0.0,0.0,0.0,0.0,0.0,0,0,0,0,0.0,0.4067491065755874,3687777.0,972898.3207396341,4375720.0,2999834.0,7375554.0,3687777.0,972898.3207396341,4375720.0,2999834.0,0,0,0,0,0,0,0,0,0,0,0,0.4067491065755874,0.0,0.0,0.0,0.0,0.0,0.0,0,0,0,0,0,0,0,0,0.0,0.0,0.0,0.0,0,0,0,0,0,0,1,0,0,0,0,0,0,0,0,0,0,0,0,0,0,0,1
134.221.96.0-0.0.0.136-0-0-0,134.221.96.0,0,0.0.0.136,0,0,01/01/1970 08:36:44 AM,119999825,49,0,0.0,0.0,0.0,0.0,0.0,0.0,0,0,0,0,0.0,0.4083339288203129,2499996.3541666665,2841231.109199541,6821803.0,178.0,1.19999825E8,2499996.3541666665,2841231.109199541,6821803.0,178.0,0,0,0,0,0,0,0,0,0,0,0,0.4083339288203129,0.0,0.0,0.0,0.0,0.0,0.0,0,0,0,0,0,0,0,0,0.0,0.0,0.0,0.0,0,0,0,0,0,0,2,0,0,0,0,0,0,0,2915669.4999999995,918117.8439162173,3183891.0,257.0,6819406.166666666,1400.028949917209,6821803.0,6817135.0,1
192.168.1.5-192.168.1.4-1900-54067-17,192.168.1.5,1900,192.168.1.4,54067,17,01/01/1970 08:18:43 AM,6469816,3,0,1338.0,0.0,446.0,446.0,446.0,0.0,0,0,0,0,206.8064995975156,0.46369170313344305,3234908.0,862084.7886327655,3844494.0,2625322.0,6469816.0,3234908.0,862084.7886327655,3844494.0,2625322.0,0,0,0,0,0,0,0,0,0,24,0,0.46369170313344305,0.0,446.0,446.0,446.0,0.0,0.0,0,0,0,0,0,0,0,0,0.0,594.6666666666666,446.0,0.0,0,0,0,0,0,0,1,669,0,0,0,0,2,8,0,0,0,0,0,0,0,0,1
134.221.96.0-0.0.0.128-0-0-0,134.221.96.0,0,0.0.0.128,0,0,01/01/1970 08:36:44 AM,119999810,25,0,0.0,0.0,0.0,0.0,0.0,0.0,0,0,0,0,0.0,0.20833366319496674,4999992.083333335,1858739.3247282444,6821997.0,3178417.0,1.1999981E8,4999992.083333335,1858739.3247282444,6821997.0,3178417.0,0,0,0,0,0,0,0,0,0,0,0,0.20833366319496674,0.0,0.0,0.0,0.0,0.0,0.0,0,0,0,0,0,0,0,0,0.0,0.0,0.0,0.0,0,0,0,0,0,0,1,0,0,0,0,0,0,0,3180528.9090909096,1430.7510233822693,3183566.0,3178417.0,6819595.166666667,1381.1175865502157,6821997.0,6817428.0,1
134.221.96.0-0.0.0.116-0-0-0,134.221.96.0,0,0.0.0.116,0,0,01/01/1970 08:36:44 AM,119999811,25,0,0.0,0.0,0.0,0.0,0.0,0.0,0,0,0,0,0.0,0.20833366145885013,4999992.125,1858823.6259513195,6822042.0,3178384.0,1.19999811E8,4999992.125,1858823.6259513195,6822042.0,3178384.0,0,0,0,0,0,0,0,0,0,0,0,0.20833366145885013,0.0,0.0,0.0,0.0,0.0,0.0,0,0,0,0,0,0,0,0,0.0,0.0,0.0,0.0,0,0,0,0,0,0,1,0,0,0,0,0,0,0,3180445.4545454546,1398.7627649916963,3183455.0,3178384.0,6819677.75,1367.7800278353816,6822042.0,6817511.0,1
134.221.96.0-0.0.0.28-0-0-0,134.221.96.0,0,0.0.0.28,0,0,01/01/1970 08:36:44 AM,119999813,27,0,0.0,0.0,0.0,0.0,0.0,0.0,0,0,0,0,0.0,0.22500035062554638,4615377.423076922,2196965.603397289,6822056.0,568.0,1.19999813E8,4615377.423076922,2196965.603397289,6822056.0,568.0,0,0,0,0,0,0,0,0,0,0,0,0.22500035062554638,0.0,0.0,0.0,0.0,0.0,0.0,0,0,0,0,0,0,0,0,0.0,0.0,0.0,0.0,0,0,0,0,0,0,1,0,0,0,0,0,0,0,3180482.727272727,1434.3555410642243,3183633.0,3178384.0,6819635.166666666,1393.1984674471,6822056.0,6817460.0,1
192.168.1.4-192.168.1.5-49285-139-6,192.168.1.4,49285,192.168.1.5,139,6,01/01/1970 08:38:57 AM,18905,4,4,209.0,43.0,137.0,0.0,52.24999999999999,65.91092473937836,39.0,0.0,10.75,18.9274932307477,13329.80692938376,423.1684739486908,2700.714285714286,6539.221939300468,17529.0,93.0,18602.0,6200.666666666667,10058.621890365168,17815.0,314.0,18684.0,6228.0,10051.117151839391,17832.0,238.0,0,0,0,0,92,92,211.5842369743454,211.5842369743454,0.0,137.0,28.0,48.00260409602796,2304.25,2,2,0,4,7,0,0,0,1.0,31.5,52.25,10.75,0,0,0,252,4,332015,0,0,0,0,8192,256,2,20,0,0,0,0,0,0,0,0,1
134.221.96.0-0.0.0.194-0-0-0,134.221.96.0,0,0.0.0.194,0,0,01/01/1970 08:37:02 AM,119993427,32,0,0.0,0.0,0.0,0.0,0.0,0.0,0,0,0,0,0.0,0.2666812741334573,3870755.709677419,6678506.066624073,1.5782724E7,0.0,1.19993427E8,3870755.709677419,6678506.066624073,1.5782724E7,0.0,0,0,0,0,0,0,0,0,0,0,0,0.2666812741334573,0.0,0.0,0.0,0.0,0.0,0.0,0,0,0,0,0,0,0,0,0.0,0.0,0.0,0.0,0,0,0,0,0,0,4,0,0,0,0,0,0,0,9487.875,5614.293020942173,22205.0,2562.0,1.49896905E7,846103.9139114567,1.5782724E7,1.418853E7,1
134.221.96.0-0.0.0.42-0-0-0,134.221.96.0,0,0.0.0.42,0,0,01/01/1970 08:37:02 AM,119994031,32,0,0.0,0.0,0.0,0.0,0.0,0.0,0,0,0,0,0.0,0.2666799317709395,3870775.1935483865,6679092.255481467,1.5784031E7,0.0,1.19994031E8,3870775.1935483865,6679092.255481467,1.5784031E7,0.0,0,0,0,0,0,0,0,0,0,0,0,0.2666799317709395,0.0,0.0,0.0,0.0,0.0,0.0,0,0,0,0,0,0,0,0,0.0,0.0,0.0,0.0,0,0,0,0,0,0,4,0,0,0,0,0,0,0,8572.25,5503.697893235057,21198.0,2266.0,1.4990681625E7,846270.001617001,1.5784031E7,1.4189483E7,1
192.168.1.4-192.168.1.5-49286-139-6,192.168.1.4,49286,192.168.1.5,139,6,01/01/1970 08:38:57 AM,13114336,5,4,209.0,43.0,137.0,0.0,41.8,61.6781971202142,39.0,0.0,10.75,18.9274932307477,19.21561259372949,0.6862718783474817,1639291.9999999998,4548296.950322301,1.289416E7,95.0,1.3114068E7,3278517.0,6411258.382044043,1.289416E7,301.0,1.311413E7,4371376.666666667,7570717.294251605,1.3113288E7,249.0,0,0,0,0,112,92,0.38126215463748986,0.30500972370999185,0.0,137.0,25.2,46.11531440012333,2126.6222222222223,2,2,0,4,8,0,0,0,0.0,28.0,41.8,10.75,0,0,0,252,4,337349,5,209,4,43,8192,256,2,20,219908.0,0.0,219908.0,219908.0,1.289416E7,0.0,1.289416E7,1.289416E7,1
192.168.1.4-192.168.1.5-49284-139-6,192.168.1.4,49284,192.168.1.5,139,6,01/01/1970 08:38:57 AM,13148643,11,10,983.0,908.0,238.0,0.0,89.36363636363636,76.20272006598285,223.0,0.0,90.8,79.0917891510308,143.81712242092206,1.597122988280996,657432.15,2887447.23471642,1.2923132E7,137.0,1.3148277E7,1314827.7,4079302.4497783943,1.2923132E7,440.0,1.314834E7,1460926.6666666667,4379675.780160559,1.3140062E7,351.0,0,0,0,0,232,212,0.8365882319567122,0.7605347563242838,0.0,238.0,85.95454545454547,76.25738201438804,5815.188311688313,2,2,0,16,20,0,0,0,0.0,90.04761904761905,89.36363636363636,90.8,0,0,0,945,8,241630,11,983,10,908,8192,253,8,20,222670.0,0.0,222670.0,222670.0,1.2923132E7,0.0,1.2923132E7,1.2923132E7,1
192.168.1.5-239.255.255.250-1900-1900-17,192.168.1.5,1900,239.255.255.250,1900,17,01/01/1970 08:31:57 AM,8482594,18,0,8607.0,0.0,513.0,433.0,478.1666666666667,30.860692684079158,0,0,0,0,1014.6660325839006,2.121992399966331,498976.1176470588,433324.04964095325,1360441.0,75527.0,8482594.0,498976.1176470588,433324.04964095325,1360441.0,75527.0,0,0,0,0,0,0,0,0,0,144,0,2.121992399966331,0.0,433.0,513.0,480.00000000000006,31.03761159195942,963.3333333333337,0,0,0,0,0,0,0,0,0.0,506.6666666666667,478.1666666666667,0.0,0,0,0,2707,5,1844,6,2869,0,0,0,0,17,8,0,0,0,0,0,0,0,0,1
192.168.1.5-192.168.1.255-138-138-17,192.168.1.5,138,192.168.1.255,138,17,01/01/1970 08:37:21 AM,96091408,7,0,1407.0,0.0,201.0,201.0,201.0,0.0,0,0,0,0,14.64230808232095,0.07284730389214403,1.6015234666666666E7,1.7660981937338304E7,3.5982278E7,14872.0,9.6091408E7,1.6015234666666666E7,1.7660981937338304E7,3.5982278E7,14872.0,0,0,0,0,0,0,0,0,0,56,0,0.07284730389214403,0.0,201.0,201.0,201.0,0.0,0.0,0,0,0,0,0,0,0,0,0.0,229.71428571428572,201.0,0.0,0,0,0,0,0,0,2,469,0,0,0,0,6,8,15872.0,555.7859300126264,16265.0,15479.0,3.2014930666666668E7,3435824.604435496,3.5982278E7,3.0028599E7,1
192.168.1.4-192.168.1.5-49288-139-6,192.168.1.4,49288,192.168.1.5,139,6,01/01/1970 08:39:27 AM,15923,4,4,209.0,43.0,137.0,0.0,52.24999999999999,65.91092473937836,39.0,0.0,10.75,18.9274932307477,15826.163411417447,502.41788607674437,2274.7142857142862,5454.578190666556,14643.0,90.0,15732.0,5244.0,8439.946623053964,14989.0,277.0,15736.0,5245.333333333333,8306.365350340264,14834.0,254.0,0,0,0,0,92,92,251.20894303837218,251.20894303837218,0.0,137.0,28.0,48.00260409602796,2304.25,2,2,0,4,7,0,0,0,1.0,31.5,52.25,10.75,0,0,0,252,4,310344,0,0,0,0,8192,256,2,20,0,0,0,0,0,0,0,0,1
192.168.1.4-192.168.1.5-49289-139-6,192.168.1.4,49289,192.168.1.5,139,6,01/01/1970 08:39:27 AM,13066236,5,4,209.0,43.0,137.0,0.0,41.8,61.6781971202142,39.0,0.0,10.75,18.9274932307477,19.286349948064615,0.6887982124308791,1633279.5,4538346.589817328,1.2863767E7,105.0,1.3065956E7,3266489.0,6398886.4570798045,1.2863767E7,354.0,1.3065987E7,4355329.0,7542925.383822181,1.3065149E7,272.0,0,0,0,0,112,92,0.3826656735727106,0.3061325388581685,0.0,137.0,25.2,46.11531440012333,2126.6222222222223,2,2,0,4,8,0,0,0,0.0,28.0,41.8,10.75,0,0,0,252,4,343792,5,209,4,43,8192,256,2,20,202189.0,0.0,202189.0,202189.0,1.2863767E7,0.0,1.2863767E7,1.2863767E7,1
192.168.1.4-192.168.1.5-49287-139-6,192.168.1.4,49287,192.168.1.5,139,6,01/01/1970 08:39:27 AM,13099068,11,10,983.0,908.0,238.0,0.0,89.36363636363636,76.20272006598285,223.0,0.0,90.8,79.0917891510308,144.36141563659336,1.6031674925269492,654953.4,2877069.9077271284,1.2876629E7,165.0,1.3098693E7,1309869.3,4064684.0011638748,1.2876629E7,552.0,1.3098748E7,1455416.4444444445,4362935.492673486,1.3089911E7,503.0,0,0,0,0,232,212,0.8397544008474496,0.7634130916794996,0.0,238.0,85.95454545454547,76.25738201438804,5815.188311688313,2,2,0,16,20,0,0,0,0.0,90.04761904761905,89.36363636363636,90.8,0,0,0,945,8,209714,11,983,10,908,8192,253,8,20,218956.0,0.0,218956.0,218956.0,1.2876629E7,0.0,1.2876629E7,1.2876629E7,1
134.221.96.0-0.0.0.48-0-0-0,134.221.96.0,0,0.0.0.48,0,0,01/01/1970 08:37:56 AM,90190434,12,0,0.0,0.0,0.0,0.0,0.0,0.0,0,0,0,0,0.0,0.1330518045849519,8199130.363636364,1.400870953866035E7,3.0011862E7,12868.0,9.0190434E7,8199130.363636364,1.400870953866035E7,3.0011862E7,12868.0,0,0,0,0,0,0,0,0,0,0,0,0.1330518045849519,0.0,0.0,0.0,0.0,0.0,0.0,0,0,0,0,0,0,0,0,0.0,0.0,0.0,0.0,0,0,0,0,0,0,4,0,0,0,0,0,0,0,40446.0,6680.322671847521,48151.0,36275.0,3.0010660666666668E7,1518.4325251170476,3.0011862E7,3.0008954E7,1
134.221.96.0-0.0.0.60-0-0-0,134.221.96.0,0,0.0.0.60,0,0,01/01/1970 08:37:56 AM,90189844,12,0,0.0,0.0,0.0,0.0,0.0,0.0,0,0,0,0,0.0,0.13305267497746198,8199076.7272727275,1.400925848273154E7,3.0012562E7,12103.0,9.0189844E7,8199076.7272727275,1.400925848273154E7,3.0012562E7,12103.0,0,0,0,0,0,0,0,0,0,0,0,0.13305267497746198,0.0,0.0,0.0,0.0,0.0,0.0,0,0,0,0,0,0,0,0,0.0,0.0,0.0,0.0,0,0,0,0,0,0,4,0,0,0,0,0,0,0,39706.0,6694.333125861007,47422.0,35446.0,3.0011461666666668E7,1490.0403797660429,3.0012562E7,3.0009766E7,1
192.168.1.4-192.168.1.255-138-138-17,192.168.1.4,138,192.168.1.255,138,17,01/01/1970 08:37:56 AM,90163433,8,0,1392.0,0.0,174.0,174.0,174.0,0.0,0,0,0,0,15.438631312984722,0.08872776616657886,1.288049042857143E7,1.6038631161688196E7,3.002768E7,20165.0,9.0163433E7,1.288049042857143E7,1.6038631161688196E7,3.002768E7,20165.0,0,0,0,0,0,0,0,0,0,64,0,0.08872776616657886,0.0,174.0,174.0,174.0,0.0,0.0,0,0,0,0,0,0,0,0,0.0,195.75,174.0,0.0,0,0,0,0,0,0,2,464,0,0,0,0,7,8,20988.0,715.6514514762057,21464.0,20165.0,3.0026508333333332E7,1372.6989230466138,3.002768E7,3.0024998E7,1
192.168.1.4-192.168.1.5-49291-139-6,192.168.1.4,49291,192.168.1.5,139,6,01/01/1970 08:39:57 AM,17660,4,4,209.0,43.0,137.0,0.0,52.24999999999999,65.91092473937836,39.0,0.0,10.75,18.9274932307477,14269.535673839186,453.0011325028313,2522.857142857143,6044.974977300608,16230.0,90.0,17349.0,5783.0,9314.158469770631,16537.0,275.0,17475.0,5825.0,9282.293520461417,16541.0,276.0,0,0,0,0,92,92,226.50056625141565,226.50056625141565,0.0,137.0,28.0,48.00260409602796,2304.25,2,2,0,4,7,0,0,0,1.0,31.5,52.25,10.75,0,0,0,252,4,298578,0,0,0,0,8192,256,2,20,0,0,0,0,0,0,0,0,1
134.221.96.0-0.0.0.32-0-0-0,134.221.96.0,0,0.0.0.32,0,0,01/01/1970 08:38:06 AM,106585096,16,0,0.0,0.0,0.0,0.0,0.0,0.0,0,0,0,0,0.0,0.15011479653778237,7105673.066666666,1.0077223567734946E7,2.3499808E7,181.0,1.06585096E8,7105673.066666666,1.0077223567734946E7,2.3499808E7,181.0,0,0,0,0,0,0,0,0,0,0,0,0.15011479653778237,0.0,0.0,0.0,0.0,0.0,0.0,0,0,0,0,0,0,0,0,0.0,0.0,0.0,0.0,0,0,0,0,0,0,2,0,0,0,0,0,0,0,834345.0,1343166.5617277331,3085307.0,265.0,2.0482638E7,4203631.840184806,2.3499808E7,1.3390948E7,1
192.168.1.4-192.168.1.5-49292-139-6,192.168.1.4,49292,192.168.1.5,139,6,01/01/1970 08:39:57 AM,13017913,5,4,209.0,43.0,137.0,0.0,41.8,61.6781971202142,39.0,0.0,10.75,18.9274932307477,19.35794163012151,0.6913550582186254,1627239.125,4521971.25369837,1.281722E7,95.0,1.3017651E7,3254412.75,6375896.153315829,1.281722E7,346.0,1.3017662E7,4339220.666666667,7514936.5978513975,1.3016722E7,305.0,0,0,0,0,112,92,0.38408614345479186,0.3072689147638335,0.0,137.0,25.2,46.11531440012333,2126.6222222222223,2,2,0,4,8,0,0,0,0.0,28.0,41.8,10.75,0,0,0,252,4,298224,5,209,4,43,8192,256,2,20,200431.0,0.0,200431.0,200431.0,1.281722E7,0.0,1.281722E7,1.281722E7,1
192.168.1.4-192.168.1.5-49290-139-6,192.168.1.4,49290,192.168.1.5,139,6,01/01/1970 08:39:57 AM,13057497,11,10,983.0,908.0,238.0,0.0,89.36363636363636,76.20272006598285,223.0,0.0,90.8,79.0917891510308,144.8210173818152,1.6082714780635217,652874.8500000001,2866747.813392277,1.2830621E7,125.0,1.3057081E7,1305708.0999999999,4050005.160928329,1.2830621E7,381.0,1.3057241E7,1450804.5555555555,4348873.720694018,1.3047801E7,335.0,0,0,0,0,232,212,0.8424279170808924,0.7658435609826294,0.0,238.0,85.95454545454547,76.25738201438804,5815.188311688313,2,2,0,16,20,0,0,0,0.0,90.04761904761905,89.36363636363636,90.8,0,0,0,945,8,205588,11,983,10,908,8192,253,8,20,223902.0,0.0,223902.0,223902.0,1.2830621E7,0.0,1.2830621E7,1.2830621E7,1
134.221.96.0-0.0.0.104-0-0-0,134.221.96.0,0,0.0.0.104,0,0,01/01/1970 08:38:34 AM,119999651,25,0,0.0,0.0,0.0,0.0,0.0,0.0,0,0,0,0,0.0,0.20833393923787327,4999985.458333333,1858973.1558135266,6821185.0,3178914.0,1.19999651E8,4999985.458333333,1858973.1558135266,6821185.0,3178914.0,0,0,0,0,0,0,0,0,0,0,0,0.20833393923787327,0.0,0.0,0.0,0.0,0.0,0.0,0,0,0,0,0,0,0,0,0.0,0.0,0.0,0.0,0,0,0,0,0,0,1,0,0,0,0,0,0,0,3180011.727272727,1125.9414807980934,3182316.0,3178914.0,6819817.583333333,1243.9709480920474,6821185.0,6817551.0,1
134.221.96.0-0.0.1.146-0-0-0,134.221.96.0,0,0.0.1.146,0,0,01/01/1970 08:38:41 AM,118936509,73,0,0.0,0.0,0.0,0.0,0.0,0.0,0,0,0,0,0.0,0.6137728491761937,1651895.9583333335,1038241.4154550319,3906359.0,22395.0,1.18936509E8,1651895.9583333335,1038241.4154550319,3906359.0,22395.0,0,0,0,0,0,0,0,0,0,0,0,0.6137728491761937,0.0,0.0,0.0,0.0,0.0,0.0,0,0,0,0,0,0,0,0,0.0,0.0,0.0,0.0,0,0,0,0,0,0,1,0,0,0,0,0,0,0,0,0,0,0,0,0,0,0,1
134.221.96.0-0.0.0.136-0-0-0,134.221.96.0,0,0.0.0.136,0,0,01/01/1970 08:38:44 AM,116820516,47,0,0.0,0.0,0.0,0.0,0.0,0.0,0,0,0,0,0.0,0.40232659133263887,2539576.4347826084,2877654.925859408,6821427.0,155.0,1.16820516E8,2539576.4347826084,2877654.925859408,6821427.0,155.0,0,0,0,0,0,0,0,0,0,0,0,0.40232659133263887,0.0,0.0,0.0,0.0,0.0,0.0,0,0,0,0,0,0,0,0,0.0,0.0,0.0,0.0,0,0,0,0,0,0,2,0,0,0,0,0,0,0,3180568.2727272734,1090.756993184704,3182696.0,3179030.0,6819509.166666666,1330.7707837143425,6821427.0,6817020.0,1
192.168.1.4-192.168.1.5-49261-445-6,192.168.1.4,49261,192.168.1.5,445,6,01/01/1970 08:36:52 AM,119999132,3,1,1.0,1.0,1.0,0.0,0.33333333333333337,0.5773502691896257,1.0,1.0,1.0,0.0,0.016666787223094247,0.033333574446188494,3.999971066666667E7,6.92806391565558E7,1.19998102E8,509.0,1.19999132E8,5.9999566E7,8.485146316843364E7,1.19998611E8,521.0,0,0,0,0,0,0,0,0,0,84,20,0.02500018083464137,0.008333393611547123,0.0,1.0,0.6,0.5477225575051661,0.29999999999999993,0,0,0,0,4,0,0,0,0.0,0.75,0.3333333333333333,1.0,0,0,0,0,0,0,3,1,1,1,1435,1435,0,20,521.0,0.0,521.0,521.0,1.19998102E8,0.0,1.19998102E8,1.19998102E8,1
134.221.96.0-0.0.0.128-0-0-0,134.221.96.0,0,0.0.0.128,0,0,01/01/1970 08:38:51 AM,119998395,25,0,0.0,0.0,0.0,0.0,0.0,0.0,0,0,0,0,0.0,0.20833611982893604,4999933.125,1858749.7982453573,6821666.0,3178785.0,1.19998395E8,4999933.125,1858749.7982453573,6821666.0,3178785.0,0,0,0,0,0,0,0,0,0,0,0,0.20833611982893604,0.0,0.0,0.0,0.0,0.0,0.0,0,0,0,0,0,0,0,0,0.0,0.0,0.0,0.0,0,0,0,0,0,0,1,0,0,0,0,0,0,0,3180319.6666666665,1070.783598656404,3182231.0,3178785.0,6819546.583333334,1374.0674496038457,6821666.0,6817395.0,1
134.221.96.0-0.0.0.116-0-0-0,134.221.96.0,0,0.0.0.116,0,0,01/01/1970 08:38:51 AM,119998618,25,0,0.0,0.0,0.0,0.0,0.0,0.0,0,0,0,0,0.0,0.20833573266652122,4999942.416666666,1858816.397062574,6821758.0,3178688.0,1.19998618E8,4999942.416666666,1858816.397062574,6821758.0,3178688.0,0,0,0,0,0,0,0,0,0,0,0,0.20833573266652122,0.0,0.0,0.0,0.0,0.0,0.0,0,0,0,0,0,0,0,0,0.0,0.0,0.0,0.0,0,0,0,0,0,0,1,0,0,0,0,0,0,0,3180263.75,1055.2436276218743,3182152.0,3178688.0,6819621.083333333,1351.9913567725616,6821758.0,6817439.0,1
134.221.96.0-0.0.0.28-0-0-0,134.221.96.0,0,0.0.0.28,0,0,01/01/1970 08:38:51 AM,119998541,25,0,0.0,0.0,0.0,0.0,0.0,0.0,0,0,0,0,0.0,0.2083358663502417,4999939.208333333,1858703.4764447804,6821571.0,3178875.0,1.19998541E8,4999939.208333333,1858703.4764447804,6821571.0,3178875.0,0,0,0,0,0,0,0,0,0,0,0,0.2083358663502417,0.0,0.0,0.0,0.0,0.0,0.0,0,0,0,0,0,0,0,0,0.0,0.0,0.0,0.0,0,0,0,0,0,0,1,0,0,0,0,0,0,0,3180371.083333333,1064.5546621887024,3182403.0,3178875.0,6819507.333333334,1340.4400453402166,6821571.0,6817332.0,1
8.6.0.1-8.0.6.4-0-0-0,8.6.0.1,0,8.0.6.4,0,0,01/01/1970 08:36:52 AM,64504032,8,0,0.0,0.0,0.0,0.0,0.0,0.0,0,0,0,0,0.0,0.1240232548563786,9214861.714285715,2.4379485919907942E7,6.4502339E7,77.0,6.4504032E7,9214861.714285715,2.4379485919907942E7,6.4502339E7,77.0,0,0,0,0,0,0,0,0,0,0,0,0.1240232548563786,0.0,0.0,0.0,0.0,0.0,0.0,0,0,0,0,0,0,0,0,0.0,0.0,0.0,0.0,0,0,0,0,0,0,8,0,0,0,0,0,0,0,1284.0,0.0,1284.0,1284.0,6.4502339E7,0.0,6.4502339E7,6.4502339E7,1
134.221.96.0-0.0.0.194-0-0-0,134.221.96.0,0,0.0.0.194,0,0,01/01/1970 08:39:02 AM,119999689,33,0,0.0,0.0,0.0,0.0,0.0,0.0,0,0,0,0,0.0,0.27500071271018045,3749990.2812500005,6605945.878521655,1.5781001E7,676.0,1.19999689E8,3749990.2812500005,6605945.878521655,1.5781001E7,676.0,0,0,0,0,0,0,0,0,0,0,0,0.27500071271018045,0.0,0.0,0.0,0.0,0.0,0.0,0,0,0,0,0,0,0,0,0.0,0.0,0.0,0.0,0,0,0,0,0,0,4,0,0,0,0,0,0,0,8267.625,2511.7019237105806,9627.0,2084.0,1.4990867125E7,843682.6171255632,1.5781001E7,1.4201321E7,1
134.221.96.0-0.0.0.42-0-0-0,134.221.96.0,0,0.0.0.42,0,0,01/01/1970 08:39:02 AM,119999725,34,0,0.0,0.0,0.0,0.0,0.0,0.0,0,0,0,0,0.0,0.2833339826403769,3636355.3030303037,6235438.037702817,1.5782465E7,677.0,1.19999725E8,3636355.3030303037,6235438.037702817,1.5782465E7,677.0,0,0,0,0,0,0,0,0,0,0,0,0.2833339826403769,0.0,0.0,0.0,0.0,0.0,0.0,0,0,0,0,0,0,0,0,0.0,0.0,0.0,0.0,0,0,0,0,0,0,3,0,0,0,0,0,0,0,7343.75,2237.6839908389975,8824.0,1893.0,1.3326097777777776E7,3207010.9421223435,1.5782465E7,6885887.0,1
192.168.1.5-224.0.0.252-62154-5355-17,192.168.1.5,62154,224.0.0.252,5355,17,01/01/1970 08:23:41 AM,105588,2,0,42.0,0.0,21.0,21.0,21.0,0.0,0,0,0,0,397.77247414478916,18.941546387847104,105588.0,0.0,105588.0,105588.0,105588.0,105588.0,0.0,105588.0,105588.0,0,0,0,0,0,0,0,0,0,16,0,18.941546387847104,0.0,21.0,21.0,21.0,0.0,0.0,0,0,0,0,0,0,0,0,0.0,31.5,21.0,0.0,0,0,0,0,0,0,0,0,0,0,0,0,1,8,0,0,0,0,0,0,0,0,1
134.221.96.0-0.0.0.128-0-0-0,134.221.96.0,0,0.0.0.128,0,0,01/01/1970 08:40:54 AM,49999406,11,0,0.0,0.0,0.0,0.0,0.0,0.0,0,0,0,0,0.0,0.22000261363104995,4999940.600000001,1918545.5238713287,6821118.0,3178159.0,4.9999406E7,4999940.600000001,1918545.5238713287,6821118.0,3178159.0,0,0,0,0,0,0,0,0,0,0,0,0.22000261363104995,0.0,0.0,0.0,0.0,0.0,0.0,0,0,0,0,0,0,0,0,0.0,0.0,0.0,0.0,0,0,0,0,0,0,1,0,0,0,0,0,0,0,3180271.25,766.8286966461284,3180962.0,3179594.0,6820032.4,1162.6337772489674,6821118.0,6818463.0,1
192.168.1.5-224.0.0.252-61123-5355-17,192.168.1.5,61123,224.0.0.252,5355,17,01/01/1970 08:33:41 AM,108050,2,0,42.0,0.0,21.0,21.0,21.0,0.0,0,0,0,0,388.7089310504396,18.509949097639982,108050.0,0.0,108050.0,108050.0,108050.0,108050.0,0.0,108050.0,108050.0,0,0,0,0,0,0,0,0,0,16,0,18.509949097639982,0.0,21.0,21.0,21.0,0.0,0.0,0,0,0,0,0,0,0,0,0.0,31.5,21.0,0.0,0,0,0,0,0,0,0,0,0,0,0,0,1,8,0,0,0,0,0,0,0,0,1
134.221.96.0-0.0.0.48-0-0-0,134.221.96.0,0,0.0.0.48,0,0,01/01/1970 08:39:57 AM,40769,3,0,0.0,0.0,0.0,0.0,0.0,0.0,0,0,0,0,0.0,73.58532218106895,20384.5,9655.543097102307,27212.0,13557.0,40769.0,20384.5,9655.543097102307,27212.0,13557.0,0,0,0,0,0,0,0,0,0,0,0,73.58532218106895,0.0,0.0,0.0,0.0,0.0,0.0,0,0,0,0,0,0,0,0,0.0,0.0,0.0,0.0,0,0,0,0,0,0,0,0,0,0,0,0,0,0,0,0,0,0,0,0,0,0,1
134.221.96.0-0.0.0.28-0-0-0,134.221.96.0,0,0.0.0.28,0,0,01/01/1970 08:40:54 AM,49999209,11,0,0.0,0.0,0.0,0.0,0.0,0.0,0,0,0,0,0.0,0.2200034804550608,4999920.9,1919166.0442234597,6824014.0,3176903.0,4.9999209E7,4999920.9,1919166.0442234597,6824014.0,3176903.0,0,0,0,0,0,0,0,0,0,0,0,0.2200034804550608,0.0,0.0,0.0,0.0,0.0,0.0,0,0,0,0,0,0,0,0,0.0,0.0,0.0,0.0,0,0,0,0,0,0,1,0,0,0,0,0,0,0,3179576.5,1871.3222597938982,3180944.0,3176903.0,6820600.8,2179.9264207767046,6824014.0,6818302.0,1
192.168.1.4-224.0.0.252-52535-5355-17,192.168.1.4,52535,224.0.0.252,5355,17,01/01/1970 08:00:18 AM,104619,2,0,42.0,0.0,21.0,21.0,21.0,0.0,0,0,0,0,401.4567143635477,19.116986398264178,104619.0,0.0,104619.0,104619.0,104619.0,104619.0,0.0,104619.0,104619.0,0,0,0,0,0,0,0,0,0,16,0,19.116986398264178,0.0,21.0,21.0,21.0,0.0,0.0,0,0,0,0,0,0,0,0,0.0,31.5,21.0,0.0,0,0,0,0,0,0,0,0,0,0,0,0,1,8,0,0,0,0,0,0,0,0,1
192.168.1.5-224.0.0.252-51168-5355-17,192.168.1.5,51168,224.0.0.252,5355,17,01/01/1970 08:33:41 AM,106343,2,0,42.0,0.0,21.0,21.0,21.0,0.0,0,0,0,0,394.94842161684363,18.807067696040175,106343.0,0.0,106343.0,106343.0,106343.0,106343.0,0.0,106343.0,106343.0,0,0,0,0,0,0,0,0,0,16,0,18.807067696040175,0.0,21.0,21.0,21.0,0.0,0.0,0,0,0,0,0,0,0,0,0.0,31.5,21.0,0.0,0,0,0,0,0,0,0,0,0,0,0,0,1,8,0,0,0,0,0,0,0,0,1
0.0.0.0-255.255.255.255-68-67-17,0.0.0.0,68,255.255.255.255,67,17,01/01/1970 08:00:14 AM,18985,2,0,602.0,0.0,302.0,300.0,301.0,1.4142135623730951,0,0,0,0,31709.244140110615,105.34632604687913,18985.0,0.0,18985.0,18985.0,18985.0,18985.0,0.0,18985.0,18985.0,0,0,0,0,0,0,0,0,0,16,0,105.34632604687913,0.0,300.0,302.0,300.6666666666667,1.1547005383792515,1.3333333333333333,0,0,0,0,0,0,0,0,0.0,451.0,301.0,0.0,0,0,0,0,0,0,0,0,0,0,0,0,1,8,0,0,0,0,0,0,0,0,1
192.168.1.5-224.0.0.252-61581-5355-17,192.168.1.5,61581,224.0.0.252,5355,17,01/01/1970 08:09:45 AM,112760,2,0,42.0,0.0,21.0,21.0,21.0,0.0,0,0,0,0,372.47250798155375,17.7367860943597,112760.0,0.0,112760.0,112760.0,112760.0,112760.0,0.0,112760.0,112760.0,0,0,0,0,0,0,0,0,0,16,0,17.7367860943597,0.0,21.0,21.0,21.0,0.0,0.0,0,0,0,0,0,0,0,0,0.0,31.5,21.0,0.0,0,0,0,0,0,0,0,0,0,0,0,0,1,8,0,0,0,0,0,0,0,0,1
192.168.1.5-224.0.0.252-64142-5355-17,192.168.1.5,64142,224.0.0.252,5355,17,01/01/1970 08:09:50 AM,113012,2,0,42.0,0.0,21.0,21.0,21.0,0.0,0,0,0,0,371.6419495274838,17.697235691784943,113012.0,0.0,113012.0,113012.0,113012.0,113012.0,0.0,113012.0,113012.0,0,0,0,0,0,0,0,0,0,16,0,17.697235691784943,0.0,21.0,21.0,21.0,0.0,0.0,0,0,0,0,0,0,0,0,0.0,31.5,21.0,0.0,0,0,0,0,0,0,0,0,0,0,0,0,1,8,0,0,0,0,0,0,0,0,1
192.168.1.5-255.255.255.255-68-67-17,192.168.1.5,68,255.255.255.255,67,17,01/01/1970 08:09:29 AM,5087562,3,0,904.0,0.0,302.0,300.0,301.3333333333333,1.1547005383792515,0,0,0,0,177.68825225127478,0.5896734034887438,2543781.0,3486920.3147261627,5009406.0,78156.0,5087562.0,2543781.0,3486920.3147261627,5009406.0,78156.0,0,0,0,0,0,0,0,0,0,24,0,0.5896734034887438,0.0,300.0,302.0,301.0,1.154700538379246,1.3333333333333206,0,0,0,0,0,0,0,0,0.0,401.3333333333333,301.3333333333333,0.0,0,0,0,0,0,0,3,904,0,0,0,0,2,8,78156.0,0.0,78156.0,78156.0,5009406.0,0.0,5009406.0,5009406.0,1
192.168.1.4-224.0.0.252-54064-5355-17,192.168.1.4,54064,224.0.0.252,5355,17,01/01/1970 08:00:16 AM,109123,2,0,42.0,0.0,21.0,21.0,21.0,0.0,0,0,0,0,384.8867791391366,18.32794186376841,109123.0,0.0,109123.0,109123.0,109123.0,109123.0,0.0,109123.0,109123.0,0,0,0,0,0,0,0,0,0,16,0,18.32794186376841,0.0,21.0,21.0,21.0,0.0,0.0,0,0,0,0,0,0,0,0,0.0,31.5,21.0,0.0,0,0,0,0,0,0,0,0,0,0,0,0,1,8,0,0,0,0,0,0,0,0,1
192.168.1.5-224.0.0.252-52160-5355-17,192.168.1.5,52160,224.0.0.252,5355,17,01/01/1970 08:10:11 AM,98832,2,0,48.0,0.0,24.0,24.0,24.0,0.0,0,0,0,0,485.67265662943174,20.23636069289299,98832.0,0.0,98832.0,98832.0,98832.0,98832.0,0.0,98832.0,98832.0,0,0,0,0,0,0,0,0,0,16,0,20.23636069289299,0.0,24.0,24.0,24.0,0.0,0.0,0,0,0,0,0,0,0,0,0.0,36.0,24.0,0.0,0,0,0,0,0,0,0,0,0,0,0,0,1,8,0,0,0,0,0,0,0,0,1
192.168.1.5-224.0.0.252-49560-5355-17,192.168.1.5,49560,224.0.0.252,5355,17,01/01/1970 08:10:18 AM,105635,2,0,48.0,0.0,24.0,24.0,24.0,0.0,0,0,0,0,454.3948501916978,18.93311875798741,105635.0,0.0,105635.0,105635.0,105635.0,105635.0,0.0,105635.0,105635.0,0,0,0,0,0,0,0,0,0,16,0,18.93311875798741,0.0,24.0,24.0,24.0,0.0,0.0,0,0,0,0,0,0,0,0,0.0,36.0,24.0,0.0,0,0,0,0,0,0,0,0,0,0,0,0,1,8,0,0,0,0,0,0,0,0,1
192.168.1.4-239.255.255.250-54067-1900-17,192.168.1.4,54067,239.255.255.250,1900,17,01/01/1970 08:38:42 AM,5997327,6,0,744.0,0.0,125.0,123.0,124.0,1.0954451150103317,0,0,0,0,124.05526662127977,1.0004456985587078,1199465.4,1641035.7416078115,2999507.0,672.0,5997327.0,1199465.4,1641035.7416078115,2999507.0,672.0,0,0,0,0,0,0,0,0,0,48,0,1.0004456985587078,0.0,123.0,125.0,124.14285714285715,1.069044967649698,1.1428571428571441,0,0,0,0,0,0,0,0,0.0,144.83333333333334,124.0,0.0,0,0,0,0,0,0,3,372,0,0,0,0,5,8,0,0,0,0,0,0,0,0,1
192.168.1.5-192.168.1.4-49252-2869-6,192.168.1.5,49252,192.168.1.4,2869,6,01/01/1970 08:00:20 AM,868,2,1,0.0,0.0,0.0,0.0,0.0,0.0,0.0,0.0,0.0,0.0,0.0,3456.221198156682,434.0,469.51890270786754,766.0,102.0,766.0,766.0,0.0,766.0,766.0,0,0,0,0,0,0,0,0,0,40,20,2304.147465437788,1152.073732718894,0.0,0.0,0.0,0.0,0.0,1,0,0,0,3,0,0,0,0.0,0.0,0.0,0.0,0,0,0,0,0,0,0,0,0,0,64240,64240,0,20,0,0,0,0,0,0,0,0,1
192.168.1.4-192.168.1.5-3702-55582-17,192.168.1.4,3702,192.168.1.5,55582,17,01/01/1970 08:10:14 AM,225691,2,0,2472.0,0.0,1236.0,1236.0,1236.0,0.0,0,0,0,0,10953.028698530292,8.861673704312533,225691.0,0.0,225691.0,225691.0,225691.0,225691.0,0.0,225691.0,225691.0,0,0,0,0,0,0,0,0,0,16,0,8.861673704312533,0.0,1236.0,1236.0,1236.0,0.0,0.0,0,0,0,0,0,0,0,0,0.0,1854.0,1236.0,0.0,0,0,0,0,0,0,0,0,0,0,0,0,1,8,0,0,0,0,0,0,0,0,1
192.168.1.4-8.8.8.8-64510-53-17,192.168.1.4,64510,8.8.8.8,53,17,01/01/1970 08:10:28 AM,22600,1,1,43.0,98.0,43.0,43.0,43.0,0.0,98.0,98.0,98.0,0.0,6238.938053097346,88.49557522123894,22600.0,0.0,22600.0,22600.0,0,0,0,0,0,0,0,0,0,0,0,0,0,0,8,8,44.24778761061947,44.24778761061947,43.0,98.0,61.33333333333333,31.754264805429415,1008.3333333333333,0,0,0,0,0,0,0,0,1.0,92.0,43.0,98.0,0,0,0,0,0,0,0,0,0,0,0,0,0,8,0,0,0,0,0,0,0,0,1
134.221.96.0-0.0.1.146-0-0-0,134.221.96.0,0,0.0.1.146,0,0,01/01/1970 08:40:43 AM,59828458,37,0,0.0,0.0,0.0,0.0,0.0,0.0,0,0,0,0,0.0,0.6184347923524955,1661901.6111111105,1242347.81577319,4509261.0,8223.0,5.9828458E7,1661901.6111111105,1242347.81577319,4509261.0,8223.0,0,0,0,0,0,0,0,0,0,0,0,0.6184347923524955,0.0,0.0,0.0,0.0,0.0,0.0,0,0,0,0,0,0,0,0,0.0,0.0,0.0,0.0,0,0,0,0,0,0,1,0,0,0,0,0,0,0,0,0,0,0,0,0,0,0,1
134.221.96.0-0.0.0.172-0-0-0,134.221.96.0,0,0.0.0.172,0,0,01/01/1970 08:00:22 AM,3103,2,0,0.0,0.0,0.0,0.0,0.0,0.0,0,0,0,0,0.0,644.5375443119563,3103.0,0.0,3103.0,3103.0,3103.0,3103.0,0.0,3103.0,3103.0,0,0,0,0,0,0,0,0,0,0,0,644.5375443119563,0.0,0.0,0.0,0.0,0.0,0.0,0,0,0,0,0,0,0,0,0.0,0.0,0.0,0.0,0,0,0,0,0,0,0,0,0,0,0,0,0,0,0,0,0,0,0,0,0,0,1
134.221.96.0-0.0.0.32-0-0-0,134.221.96.0,0,0.0.0.32,0,0,01/01/1970 08:40:07 AM,82000629,14,0,0.0,0.0,0.0,0.0,0.0,0.0,0,0,0,0,0.0,0.1707303976899982,6307740.692307691,8809652.151224751,2.3000223E7,219.0,8.2000629E7,6307740.692307691,8809652.151224751,2.3000223E7,219.0,0,0,0,0,0,0,0,0,0,0,0,0.1707303976899982,0.0,0.0,0.0,0.0,0.0,0.0,0,0,0,0,0,0,0,0,0.0,0.0,0.0,0.0,0,0,0,0,0,0,2,0,0,0,0,0,0,0,339.4,130.61699736251788,507.0,219.0,1.58167838E7,6877794.372944621,2.3000223E7,8919390.0,1
134.221.96.0-0.0.0.116-0-0-0,134.221.96.0,0,0.0.0.116,0,0,01/01/1970 08:40:54 AM,49999334,11,0,0.0,0.0,0.0,0.0,0.0,0.0,0,0,0,0,0.0,0.22000293043903346,4999933.399999999,1919122.771931558,6823538.0,3177195.0,4.9999334E7,4999933.399999999,1919122.771931558,6823538.0,3177195.0,0,0,0,0,0,0,0,0,0,0,0,0.22000293043903346,0.0,0.0,0.0,0.0,0.0,0.0,0,0,0,0,0,0,0,0,0.0,0.0,0.0,0.0,0,0,0,0,0,0,1,0,0,0,0,0,0,0,3179615.5,1725.7223608294198,3180886.0,3177195.0,6820572.4,1952.1814208724797,6823538.0,6818443.0,1
192.168.1.5-239.255.255.250-55582-3702-17,192.168.1.5,55582,239.255.255.250,3702,17,01/01/1970 08:10:14 AM,118137,2,0,1312.0,0.0,656.0,656.0,656.0,0.0,0,0,0,0,11105.75010369317,16.929497109288366,118137.0,0.0,118137.0,118137.0,118137.0,118137.0,0.0,118137.0,118137.0,0,0,0,0,0,0,0,0,0,16,0,16.929497109288366,0.0,656.0,656.0,656.0,0.0,0.0,0,0,0,0,0,0,0,0,0.0,984.0,656.0,0.0,0,0,0,0,0,0,0,0,0,0,0,0,1,8,0,0,0,0,0,0,0,0,1
192.168.1.5-224.0.0.252-60238-5355-17,192.168.1.5,60238,224.0.0.252,5355,17,01/01/1970 08:10:16 AM,97465,2,0,48.0,0.0,24.0,24.0,24.0,0.0,0,0,0,0,492.4844816087827,20.520186733699276,97465.0,0.0,97465.0,97465.0,97465.0,97465.0,0.0,97465.0,97465.0,0,0,0,0,0,0,0,0,0,16,0,20.520186733699276,0.0,24.0,24.0,24.0,0.0,0.0,0,0,0,0,0,0,0,0,0.0,36.0,24.0,0.0,0,0,0,0,0,0,0,0,0,0,0,0,1,8,0,0,0,0,0,0,0,0,1
192.168.1.5-239.255.255.250-56641-3702-17,192.168.1.5,56641,239.255.255.250,3702,17,01/01/1970 08:09:57 AM,190045,2,0,1248.0,0.0,624.0,624.0,624.0,0.0,0,0,0,0,6566.865742324187,10.52382330500671,190045.0,0.0,190045.0,190045.0,190045.0,190045.0,0.0,190045.0,190045.0,0,0,0,0,0,0,0,0,0,16,0,10.52382330500671,0.0,624.0,624.0,624.0,0.0,0.0,0,0,0,0,0,0,0,0,0.0,936.0,624.0,0.0,0,0,0,0,0,0,0,0,0,0,0,0,1,8,0,0,0,0,0,0,0,0,1
134.221.96.0-0.0.4.200-0-0-0,134.221.96.0,0,0.0.4.200,0,0,01/01/1970 08:00:22 AM,5587,4,0,0.0,0.0,0.0,0.0,0.0,0.0,0,0,0,0,0.0,715.9477358152855,1862.3333333333335,2500.498816903006,4744.0,265.0,5587.0,1862.3333333333335,2500.498816903006,4744.0,265.0,0,0,0,0,0,0,0,0,0,0,0,715.9477358152855,0.0,0.0,0.0,0.0,0.0,0.0,0,0,0,0,0,0,0,0,0.0,0.0,0.0,0.0,0,0,0,0,0,0,0,0,0,0,0,0,0,0,0,0,0,0,0,0,0,0,1
192.168.1.4-192.168.1.5-1900-63959-17,192.168.1.4,1900,192.168.1.5,63959,17,01/01/1970 08:08:22 AM,4108600,3,0,1338.0,0.0,446.0,446.0,446.0,0.0,0,0,0,0,325.65837511561114,0.7301757289587694,2054300.0,295331.6324439358,2263131.0,1845469.0,4108600.0,2054300.0,295331.6324439358,2263131.0,1845469.0,0,0,0,0,0,0,0,0,0,24,0,0.7301757289587694,0.0,446.0,446.0,446.0,0.0,0.0,0,0,0,0,0,0,0,0,0.0,594.6666666666666,446.0,0.0,0,0,0,0,0,0,1,669,0,0,0,0,2,8,0,0,0,0,0,0,0,0,1
192.168.1.3-192.168.1.4-67-68-17,192.168.1.3,67,192.168.1.4,68,17,01/01/1970 08:34:19 AM,52787,2,0,848.0,0.0,548.0,300.0,424.0,175.36248173426378,0,0,0,0,16064.561350332468,37.888116392293554,52787.0,0.0,52787.0,52787.0,52787.0,52787.0,0.0,52787.0,52787.0,0,0,0,0,0,0,0,0,0,16,0,37.888116392293554,0.0,300.0,548.0,382.6666666666667,143.1828667590272,20501.333333333336,0,0,0,0,0,0,0,0,0.0,574.0,424.0,0.0,0,0,0,0,0,0,0,0,0,0,0,0,1,8,0,0,0,0,0,0,0,0,1
192.168.1.4-8.8.8.8-58984-53-17,192.168.1.4,58984,8.8.8.8,53,17,01/01/1970 08:11:17 AM,43629,1,1,39.0,55.0,39.0,39.0,39.0,0.0,55.0,55.0,55.0,0.0,2154.5302436452816,45.841069013729395,43629.0,0.0,43629.0,43629.0,0,0,0,0,0,0,0,0,0,0,0,0,0,0,8,8,22.920534506864698,22.920534506864698,39.0,55.0,44.333333333333336,9.237604307034012,85.33333333333333,0,0,0,0,0,0,0,0,1.0,66.5,39.0,55.0,0,0,0,0,0,0,0,0,0,0,0,0,0,8,0,0,0,0,0,0,0,0,1
192.168.1.4-224.0.0.252-61888-5355-17,192.168.1.4,61888,224.0.0.252,5355,17,01/01/1970 08:25:22 AM,98149,2,0,42.0,0.0,21.0,21.0,21.0,0.0,0,0,0,0,427.920814272178,20.377181632008476,98149.0,0.0,98149.0,98149.0,98149.0,98149.0,0.0,98149.0,98149.0,0,0,0,0,0,0,0,0,0,16,0,20.377181632008476,0.0,21.0,21.0,21.0,0.0,0.0,0,0,0,0,0,0,0,0,0.0,31.5,21.0,0.0,0,0,0,0,0,0,0,0,0,0,0,0,1,8,0,0,0,0,0,0,0,0,1
192.168.1.5-239.255.255.250-63959-1900-17,192.168.1.5,63959,239.255.255.250,1900,17,01/01/1970 08:08:20 AM,6003770,6,0,744.0,0.0,125.0,123.0,124.0,1.0954451150103317,0,0,0,0,123.92213559147002,0.9993720612215324,1200754.0,1629271.439094634,2986653.0,1270.0,6003770.0,1200754.0,1629271.439094634,2986653.0,1270.0,0,0,0,0,0,0,0,0,0,48,0,0.9993720612215324,0.0,123.0,125.0,124.14285714285715,1.0690449676496994,1.1428571428571466,0,0,0,0,0,0,0,0,0.0,144.83333333333334,124.0,0.0,0,0,0,0,0,0,3,372,0,0,0,0,5,8,0,0,0,0,0,0,0,0,1
192.168.1.4-224.0.0.252-50011-5355-17,192.168.1.4,50011,224.0.0.252,5355,17,01/01/1970 08:24:19 AM,105017,2,0,42.0,0.0,21.0,21.0,21.0,0.0,0,0,0,0,399.9352485788015,19.044535646609596,105017.0,0.0,105017.0,105017.0,105017.0,105017.0,0.0,105017.0,105017.0,0,0,0,0,0,0,0,0,0,16,0,19.044535646609596,0.0,21.0,21.0,21.0,0.0,0.0,0,0,0,0,0,0,0,0,0.0,31.5,21.0,0.0,0,0,0,0,0,0,0,0,0,0,0,0,1,8,0,0,0,0,0,0,0,0,1
192.168.1.4-224.0.0.252-58459-5355-17,192.168.1.4,58459,224.0.0.252,5355,17,01/01/1970 08:00:15 AM,107147,2,0,48.0,0.0,24.0,24.0,24.0,0.0,0,0,0,0,447.9826780031172,18.66594491679655,107147.0,0.0,107147.0,107147.0,107147.0,107147.0,0.0,107147.0,107147.0,0,0,0,0,0,0,0,0,0,16,0,18.66594491679655,0.0,24.0,24.0,24.0,0.0,0.0,0,0,0,0,0,0,0,0,0.0,36.0,24.0,0.0,0,0,0,0,0,0,0,0,0,0,0,0,1,8,0,0,0,0,0,0,0,0,1
192.168.1.4-224.0.0.252-59971-5355-17,192.168.1.4,59971,224.0.0.252,5355,17,01/01/1970 08:00:54 AM,108434,2,0,44.0,0.0,22.0,22.0,22.0,0.0,0,0,0,0,405.7767858789678,18.444399358134902,108434.0,0.0,108434.0,108434.0,108434.0,108434.0,0.0,108434.0,108434.0,0,0,0,0,0,0,0,0,0,16,0,18.444399358134902,0.0,22.0,22.0,22.0,0.0,0.0,0,0,0,0,0,0,0,0,0.0,33.0,22.0,0.0,0,0,0,0,0,0,0,0,0,0,0,0,1,8,0,0,0,0,0,0,0,0,1
192.168.1.5-239.255.255.250-61584-1900-17,192.168.1.5,61584,239.255.255.250,1900,17,01/01/1970 08:33:41 AM,14997811,6,0,798.0,0.0,133.0,133.0,133.0,0.0,0,0,0,0,53.207764786474506,0.40005838185319176,2999562.2,9660.069187122886,3013532.0,2986355.0,1.4997811E7,2999562.2,9660.069187122886,3013532.0,2986355.0,0,0,0,0,0,0,0,0,0,48,0,0.40005838185319176,0.0,133.0,133.0,133.0,0.0,0.0,0,0,0,0,0,0,0,0,0.0,155.16666666666666,133.0,0.0,0,0,0,0,0,0,1,159,0,0,0,0,5,8,0,0,0,0,0,0,0,0,1
192.168.1.4-192.168.1.255-138-138-17,192.168.1.4,138,192.168.1.255,138,17,01/01/1970 08:39:57 AM,27188,2,0,348.0,0.0,174.0,174.0,174.0,0.0,0,0,0,0,12799.764602030307,73.5618655289098,27188.0,0.0,27188.0,27188.0,27188.0,27188.0,0.0,27188.0,27188.0,0,0,0,0,0,0,0,0,0,16,0,73.5618655289098,0.0,174.0,174.0,174.0,0.0,0.0,0,0,0,0,0,0,0,0,0.0,261.0,174.0,0.0,0,0,0,0,0,0,0,0,0,0,0,0,1,8,0,0,0,0,0,0,0,0,1
192.168.1.4-224.0.0.252-57617-5355-17,192.168.1.4,57617,224.0.0.252,5355,17,01/01/1970 08:11:14 AM,97721,2,0,44.0,0.0,22.0,22.0,22.0,0.0,0,0,0,0,450.2614586424617,20.466429938293714,97721.0,0.0,97721.0,97721.0,97721.0,97721.0,0.0,97721.0,97721.0,0,0,0,0,0,0,0,0,0,16,0,20.466429938293714,0.0,22.0,22.0,22.0,0.0,0.0,0,0,0,0,0,0,0,0,0.0,33.0,22.0,0.0,0,0,0,0,0,0,0,0,0,0,0,0,1,8,0,0,0,0,0,0,0,0,1
192.168.1.5-224.0.0.22-0-0-0,192.168.1.5,0,224.0.0.22,0,0,01/01/1970 08:33:41 AM,560731,6,0,0.0,0.0,0.0,0.0,0.0,0.0,0,0,0,0,0.0,10.700317977782573,112146.2,127604.70438310651,266066.0,1138.0,560731.0,112146.2,127604.70438310651,266066.0,1138.0,0,0,0,0,0,0,0,0,0,0,0,10.700317977782573,0.0,0.0,0.0,0.0,0.0,0.0,0,0,0,0,0,0,0,0,0.0,0.0,0.0,0.0,0,0,0,0,0,0,0,0,0,0,0,0,0,0,0,0,0,0,0,0,0,0,1
192.168.1.4-192.168.1.5-3702-56641-17,192.168.1.4,3702,192.168.1.5,56641,17,01/01/1970 08:09:58 AM,92659,2,0,2452.0,0.0,1226.0,1226.0,1226.0,0.0,0,0,0,0,26462.621008212907,21.58451958255539,92659.0,0.0,92659.0,92659.0,92659.0,92659.0,0.0,92659.0,92659.0,0,0,0,0,0,0,0,0,0,16,0,21.58451958255539,0.0,1226.0,1226.0,1226.0,0.0,0.0,0,0,0,0,0,0,0,0,0.0,1839.0,1226.0,0.0,0,0,0,0,0,0,0,0,0,0,0,0,1,8,0,0,0,0,0,0,0,0,1
192.168.1.4-192.168.1.5-49257-2869-6,192.168.1.4,49257,192.168.1.5,2869,6,01/01/1970 08:00:26 AM,922,2,1,0.0,0.0,0.0,0.0,0.0,0.0,0.0,0.0,0.0,0.0,0.0,3253.7960954446858,461.0,393.1513703397204,739.0,183.0,739.0,739.0,0.0,739.0,739.0,0,0,0,0,0,0,0,0,0,40,20,2169.1973969631235,1084.5986984815618,0.0,0.0,0.0,0.0,0.0,1,0,0,0,3,0,0,0,0.0,0.0,0.0,0.0,0,0,0,0,0,0,0,0,0,0,64240,64240,0,20,0,0,0,0,0,0,0,0,1
192.168.1.4-224.0.0.252-55711-5355-17,192.168.1.4,55711,224.0.0.252,5355,17,01/01/1970 08:34:19 AM,102769,2,0,42.0,0.0,21.0,21.0,21.0,0.0,0,0,0,0,408.68355243312675,19.461121544434604,102769.0,0.0,102769.0,102769.0,102769.0,102769.0,0.0,102769.0,102769.0,0,0,0,0,0,0,0,0,0,16,0,19.461121544434604,0.0,21.0,21.0,21.0,0.0,0.0,0,0,0,0,0,0,0,0,0.0,31.5,21.0,0.0,0,0,0,0,0,0,0,0,0,0,0,0,1,8,0,0,0,0,0,0,0,0,1
192.168.1.5-224.0.0.252-59573-5355-17,192.168.1.5,59573,224.0.0.252,5355,17,01/01/1970 08:10:21 AM,104434,2,0,48.0,0.0,24.0,24.0,24.0,0.0,0,0,0,0,459.6204301281192,19.1508512553383,104434.0,0.0,104434.0,104434.0,104434.0,104434.0,0.0,104434.0,104434.0,0,0,0,0,0,0,0,0,0,16,0,19.1508512553383,0.0,24.0,24.0,24.0,0.0,0.0,0,0,0,0,0,0,0,0,0.0,36.0,24.0,0.0,0,0,0,0,0,0,0,0,0,0,0,0,1,8,0,0,0,0,0,0,0,0,1
192.168.1.4-8.8.8.8-58670-53-17,192.168.1.4,58670,8.8.8.8,53,17,01/01/1970 08:00:16 AM,22291,1,1,34.0,62.0,34.0,34.0,34.0,0.0,62.0,62.0,62.0,0.0,4306.670853707775,89.72230945224531,22291.0,0.0,22291.0,22291.0,0,0,0,0,0,0,0,0,0,0,0,0,0,0,8,8,44.861154726122656,44.861154726122656,34.0,62.0,43.333333333333336,16.165807537309522,261.33333333333337,0,0,0,0,0,0,0,0,1.0,65.0,34.0,62.0,0,0,0,0,0,0,0,0,0,0,0,0,0,8,0,0,0,0,0,0,0,0,1
192.168.1.5-192.168.1.4-3702-51167-17,192.168.1.5,3702,192.168.1.4,51167,17,01/01/1970 08:00:17 AM,61664,2,0,2452.0,0.0,1226.0,1226.0,1226.0,0.0,0,0,0,0,39763.88168137001,32.43383497664764,61664.0,0.0,61664.0,61664.0,61664.0,61664.0,0.0,61664.0,61664.0,0,0,0,0,0,0,0,0,0,16,0,32.43383497664764,0.0,1226.0,1226.0,1226.0,0.0,0.0,0,0,0,0,0,0,0,0,0.0,1839.0,1226.0,0.0,0,0,0,0,0,0,0,0,0,0,0,0,1,8,0,0,0,0,0,0,0,0,1
192.168.1.4-8.8.8.8-55227-53-17,192.168.1.4,55227,8.8.8.8,53,17,01/01/1970 08:24:24 AM,22408,1,1,43.0,98.0,43.0,43.0,43.0,0.0,98.0,98.0,98.0,0.0,6292.3955730096395,89.25383791503035,22408.0,0.0,22408.0,22408.0,0,0,0,0,0,0,0,0,0,0,0,0,0,0,8,8,44.62691895751517,44.62691895751517,43.0,98.0,61.33333333333333,31.754264805429415,1008.3333333333333,0,0,0,0,0,0,0,0,1.0,92.0,43.0,98.0,0,0,0,0,0,0,0,0,0,0,0,0,0,8,0,0,0,0,0,0,0,0,1
192.168.1.4-239.255.255.250-65004-3702-17,192.168.1.4,65004,239.255.255.250,3702,17,01/01/1970 08:09:44 AM,30154022,6,0,3936.0,0.0,656.0,656.0,656.0,0.0,0,0,0,0,130.5298510427564,0.19897843146761648,6030804.4,1.220488220932895E7,2.7830981E7,170632.0,3.0154022E7,6030804.4,1.220488220932895E7,2.7830981E7,170632.0,0,0,0,0,0,0,0,0,0,48,0,0.19897843146761648,0.0,656.0,656.0,656.0,0.0,0.0,0,0,0,0,0,0,0,0,0.0,765.3333333333334,656.0,0.0,0,0,0,0,0,0,3,1968,0,0,0,0,5,8,2137243.0,0.0,2137243.0,2137243.0,2.7830981E7,0.0,2.7830981E7,2.7830981E7,1
192.168.1.4-192.168.1.5-3702-61401-17,192.168.1.4,3702,192.168.1.5,61401,17,01/01/1970 08:09:47 AM,82283,2,0,2472.0,0.0,1236.0,1236.0,1236.0,0.0,0,0,0,0,30042.65765711022,24.306357327759077,82283.0,0.0,82283.0,82283.0,82283.0,82283.0,0.0,82283.0,82283.0,0,0,0,0,0,0,0,0,0,16,0,24.306357327759077,0.0,1236.0,1236.0,1236.0,0.0,0.0,0,0,0,0,0,0,0,0,0.0,1854.0,1236.0,0.0,0,0,0,0,0,0,0,0,0,0,0,0,1,8,0,0,0,0,0,0,0,0,1
192.168.1.4-224.0.0.252-55466-5355-17,192.168.1.4,55466,224.0.0.252,5355,17,01/01/1970 08:10:20 AM,106721,2,0,42.0,0.0,21.0,21.0,21.0,0.0,0,0,0,0,393.54953570525015,18.740454081202387,106721.0,0.0,106721.0,106721.0,106721.0,106721.0,0.0,106721.0,106721.0,0,0,0,0,0,0,0,0,0,16,0,18.740454081202387,0.0,21.0,21.0,21.0,0.0,0.0,0,0,0,0,0,0,0,0,0.0,31.5,21.0,0.0,0,0,0,0,0,0,0,0,0,0,0,0,1,8,0,0,0,0,0,0,0,0,1
134.221.96.0-0.0.0.194-0-0-0,134.221.96.0,0,0.0.0.194,0,0,01/01/1970 08:41:02 AM,30001703,10,0,0.0,0.0,0.0,0.0,0.0,0.0,0,0,0,0,0.0,0.33331441218520164,3333522.5555555555,6620801.996574266,1.5780634E7,750.0,3.0001703E7,3333522.5555555555,6620801.996574266,1.5780634E7,750.0,0,0,0,0,0,0,0,0,0,0,0,0.33331441218520164,0.0,0.0,0.0,0.0,0.0,0.0,0,0,0,0,0,0,0,0,0.0,0.0,0.0,0.0,0,0,0,0,0,0,5,0,0,0,0,0,0,0,5389.0,6027.378202834131,9651.0,1127.0,1.49907215E7,1117104.9705880375,1.5780634E7,1.4200809E7,1
134.221.96.0-0.0.0.104-0-0-0,134.221.96.0,0,0.0.0.104,0,0,01/01/1970 08:40:41 AM,63177950,14,0,0.0,0.0,0.0,0.0,0.0,0.0,0,0,0,0,0.0,0.22159630060804442,4859842.307692308,1888376.9807326335,6820985.0,3178410.0,6.317795E7,4859842.307692308,1888376.9807326335,6820985.0,3178410.0,0,0,0,0,0,0,0,0,0,0,0,0.22159630060804442,0.0,0.0,0.0,0.0,0.0,0.0,0,0,0,0,0,0,0,0,0.0,0.0,0.0,0.0,0,0,0,0,0,0,1,0,0,0,0,0,0,0,3180420.0,1029.1058254621475,3181706.0,3179233.0,6819503.333333334,1250.4190764165544,6820985.0,6817827.0,1
192.168.1.5-192.168.1.4-49261-5357-6,192.168.1.5,49261,192.168.1.4,5357,6,01/01/1970 08:09:58 AM,30832,3,1,0.0,0.0,0.0,0.0,0.0,0.0,0.0,0.0,0.0,0.0,0.0,129.73533990659055,10277.333333333332,17105.40827730614,30026.0,107.0,30725.0,15362.5,20737.32057185788,30026.0,699.0,0,0,0,0,0,0,0,0,0,60,20,97.30150492994292,32.43383497664764,0.0,0.0,0.0,0.0,0.0,1,0,0,0,4,0,0,0,0.0,0.0,0.0,0.0,0,0,0,0,0,0,0,0,0,0,241,256,0,20,0,0,0,0,0,0,0,0,1
192.168.1.5-192.168.1.4-1900-54067-17,192.168.1.5,1900,192.168.1.4,54067,17,01/01/1970 08:38:44 AM,6436122,3,0,1338.0,0.0,446.0,446.0,446.0,0.0,0,0,0,0,207.88916058458804,0.4661191941358476,3218061.0,685525.882224734,3702801.0,2733321.0,6436122.0,3218061.0,685525.882224734,3702801.0,2733321.0,0,0,0,0,0,0,0,0,0,24,0,0.4661191941358476,0.0,446.0,446.0,446.0,0.0,0.0,0,0,0,0,0,0,0,0,0.0,594.6666666666666,446.0,0.0,0,0,0,0,0,0,1,669,0,0,0,0,2,8,0,0,0,0,0,0,0,0,1
192.168.1.4-224.0.0.22-0-0-0,192.168.1.4,0,224.0.0.22,0,0,01/01/1970 08:34:19 AM,720406,6,0,0.0,0.0,0.0,0.0,0.0,0.0,0,0,0,0,0.0,8.328636907521592,144081.2,168390.96807637872,404196.0,1121.0,720406.0,144081.2,168390.96807637872,404196.0,1121.0,0,0,0,0,0,0,0,0,0,0,0,8.328636907521592,0.0,0.0,0.0,0.0,0.0,0.0,0,0,0,0,0,0,0,0,0.0,0.0,0.0,0.0,0,0,0,0,0,0,0,0,0,0,0,0,0,0,0,0,0,0,0,0,0,0,1
192.168.1.3-255.255.255.255-67-68-17,192.168.1.3,67,255.255.255.255,68,17,01/01/1970 08:09:29 AM,12784619,3,0,1644.0,0.0,548.0,548.0,548.0,0.0,0,0,0,0,128.59202139696146,0.23465697335211946,6392309.5,8767666.58862576,1.2591986E7,192633.0,1.2784619E7,6392309.5,8767666.58862576,1.2591986E7,192633.0,0,0,0,0,0,0,0,0,0,24,0,0.23465697335211946,0.0,548.0,548.0,548.0,0.0,0.0,0,0,0,0,0,0,0,0,0.0,730.6666666666666,548.0,0.0,0,0,0,0,0,0,3,1644,0,0,0,0,2,8,0,0,0,0,1.2591986E7,0.0,1.2591986E7,1.2591986E7,1
192.168.1.5-192.168.1.255-138-138-17,192.168.1.5,138,192.168.1.255,138,17,01/01/1970 08:39:27 AM,30067276,4,0,804.0,0.0,201.0,201.0,201.0,0.0,0,0,0,0,26.74003458111736,0.13303499791600676,1.0022425333333332E7,1.7326122618605882E7,3.0028908E7,15513.0,3.0067276E7,1.0022425333333332E7,1.7326122618605882E7,3.0028908E7,15513.0,0,0,0,0,0,0,0,0,0,32,0,0.13303499791600676,0.0,201.0,201.0,201.0,0.0,0.0,0,0,0,0,0,0,0,0,0.0,251.25,201.0,0.0,0,0,0,0,0,0,4,804,0,0,0,0,3,8,15513.0,0.0,15513.0,15513.0,3.0028908E7,0.0,3.0028908E7,3.0028908E7,1
192.168.1.4-239.255.255.250-1900-1900-17,192.168.1.4,1900,239.255.255.250,1900,17,01/01/1970 08:37:16 AM,8515796,18,0,8607.0,0.0,513.0,433.0,478.16666666666663,30.860692684079154,0,0,0,0,1010.7099794311654,2.113719022860576,500929.1764705882,476594.5624888144,1390893.0,1010.0,8515796.0,500929.1764705882,476594.5624888144,1390893.0,1010.0,0,0,0,0,0,0,0,0,0,144,0,2.113719022860576,0.0,433.0,513.0,480.0,31.037611591959415,963.3333333333335,0,0,0,0,0,0,0,0,0.0,506.6666666666667,478.1666666666667,0.0,0,0,0,2707,5,1868,6,2869,0,0,0,0,17,8,0,0,0,0,0,0,0,0,1
134.221.96.0-0.0.1.162-0-0-0,134.221.96.0,0,0.0.1.162,0,0,01/01/1970 08:00:21 AM,4343890,4,0,0.0,0.0,0.0,0.0,0.0,0.0,0,0,0,0,0.0,0.9208336306858599,1447963.3333333335,1170868.8640528168,2798280.0,714345.0,4343890.0,1447963.3333333335,1170868.8640528168,2798280.0,714345.0,0,0,0,0,0,0,0,0,0,0,0,0.9208336306858599,0.0,0.0,0.0,0.0,0.0,0.0,0,0,0,0,0,0,0,0,0.0,0.0,0.0,0.0,0,0,0,0,0,0,4,0,0,0,0,0,0,0,0,0,0,0,0,0,0,0,1
134.221.96.0-0.0.0.84-0-0-0,134.221.96.0,0,0.0.0.84,0,0,01/01/1970 08:00:22 AM,6614,3,0,0.0,0.0,0.0,0.0,0.0,0.0,0,0,0,0,0.0,453.5833081342607,3307.0,1226.1231585774733,4174.0,2440.0,6614.0,3307.0,1226.1231585774733,4174.0,2440.0,0,0,0,0,0,0,0,0,0,0,0,453.5833081342607,0.0,0.0,0.0,0.0,0.0,0.0,0,0,0,0,0,0,0,0,0.0,0.0,0.0,0.0,0,0,0,0,0,0,0,0,0,0,0,0,0,0,0,0,0,0,0,0,0,0,1
192.168.1.4-239.255.255.250-58970-3702-17,192.168.1.4,58970,239.255.255.250,3702,17,01/01/1970 08:00:16 AM,4605067,4,0,3964.0,0.0,991.0,991.0,991.0,0.0,0,0,0,0,860.7909504899711,0.8686084263269134,1535022.3333333335,2470742.3572929115,4387195.0,50617.0,4605067.0,1535022.3333333335,2470742.3572929115,4387195.0,50617.0,0,0,0,0,0,0,0,0,0,32,0,0.8686084263269134,0.0,991.0,991.0,991.0,0.0,0.0,0,0,0,0,0,0,0,0,0.0,1238.75,991.0,0.0,0,0,0,0,0,0,4,3964,0,0,0,0,3,8,0,0,0,0,0,0,0,0,1
192.168.1.4-8.8.8.8-59459-53-17,192.168.1.4,59459,8.8.8.8,53,17,01/01/1970 08:00:16 AM,22090,1,1,34.0,50.0,34.0,34.0,34.0,0.0,50.0,50.0,50.0,0.0,3802.625622453599,90.53870529651427,22090.0,0.0,22090.0,22090.0,0,0,0,0,0,0,0,0,0,0,0,0,0,0,8,8,45.26935264825713,45.26935264825713,34.0,50.0,39.333333333333336,9.237604307034012,85.33333333333333,0,0,0,0,0,0,0,0,1.0,59.0,34.0,50.0,0,0,0,0,0,0,0,0,0,0,0,0,0,8,0,0,0,0,0,0,0,0,1
134.221.96.0-0.0.4.236-0-0-0,134.221.96.0,0,0.0.4.236,0,0,01/01/1970 08:09:44 AM,202927,2,0,0.0,0.0,0.0,0.0,0.0,0.0,0,0,0,0,0.0,9.855760938662671,202927.0,0.0,202927.0,202927.0,202927.0,202927.0,0.0,202927.0,202927.0,0,0,0,0,0,0,0,0,0,0,0,9.855760938662671,0.0,0.0,0.0,0.0,0.0,0.0,0,0,0,0,0,0,0,0,0.0,0.0,0.0,0.0,0,0,0,0,0,0,0,0,0,0,0,0,0,0,0,0,0,0,0,0,0,0,1
192.168.1.5-192.168.1.4-5355-61888-17,192.168.1.5,5355,192.168.1.4,61888,17,01/01/1970 08:25:22 AM,318,2,0,80.0,0.0,40.0,40.0,40.0,0.0,0,0,0,0,251572.32704402518,6289.30817610063,318.0,0.0,318.0,318.0,318.0,318.0,0.0,318.0,318.0,0,0,0,0,0,0,0,0,0,16,0,6289.30817610063,0.0,40.0,40.0,40.0,0.0,0.0,0,0,0,0,0,0,0,0,0.0,60.0,40.0,0.0,0,0,0,0,0,0,0,0,0,0,0,0,1,8,0,0,0,0,0,0,0,0,1
192.168.1.5-192.168.1.255-137-137-17,192.168.1.5,137,192.168.1.255,137,17,01/01/1970 08:09:50 AM,32959195,39,0,2382.0,0.0,68.0,50.0,61.076923076923094,8.8715530456226,0,0,0,0,72.27118259411372,1.1832813271076554,867347.2368421052,1683265.869154372,1.0751244E7,67.0,3.2959195E7,867347.2368421052,1683265.869154372,1.0751244E7,67.0,0,0,0,0,0,0,0,0,0,312,0,1.1832813271076554,0.0,50.0,68.0,61.25,8.825226081218283,77.8846153846154,0,0,0,0,0,0,0,0,0.0,62.82051282051282,61.07692307692308,0.0,0,0,0,891,13,149,7,476,0,0,0,0,38,8,5253104.0,0.0,5253104.0,5253104.0,1.0751244E7,0.0,1.0751244E7,1.0751244E7,1
192.168.1.4-224.0.0.252-53980-5355-17,192.168.1.4,53980,224.0.0.252,5355,17,01/01/1970 08:24:19 AM,97596,2,0,42.0,0.0,21.0,21.0,21.0,0.0,0,0,0,0,430.34550596335913,20.49264314111234,97596.0,0.0,97596.0,97596.0,97596.0,97596.0,0.0,97596.0,97596.0,0,0,0,0,0,0,0,0,0,16,0,20.49264314111234,0.0,21.0,21.0,21.0,0.0,0.0,0,0,0,0,0,0,0,0,0.0,31.5,21.0,0.0,0,0,0,0,0,0,0,0,0,0,0,0,1,8,0,0,0,0,0,0,0,0,1
192.168.1.5-224.0.0.252-55581-5355-17,192.168.1.5,55581,224.0.0.252,5355,17,01/01/1970 08:10:13 AM,109060,2,0,48.0,0.0,24.0,24.0,24.0,0.0,0,0,0,0,440.1247019988997,18.338529249954153,109060.0,0.0,109060.0,109060.0,109060.0,109060.0,0.0,109060.0,109060.0,0,0,0,0,0,0,0,0,0,16,0,18.338529249954153,0.0,24.0,24.0,24.0,0.0,0.0,0,0,0,0,0,0,0,0,0.0,36.0,24.0,0.0,0,0,0,0,0,0,0,0,0,0,0,0,1,8,0,0,0,0,0,0,0,0,1
192.168.1.4-192.168.1.5-49261-445-6,192.168.1.4,49261,192.168.1.5,445,6,01/01/1970 08:40:52 AM,772,2,0,1.0,0.0,1.0,0.0,0.5,0.7071067811865476,0,0,0,0,1295.3367875647668,2590.6735751295337,772.0,0.0,772.0,772.0,772.0,772.0,0.0,772.0,772.0,0,0,0,0,0,0,0,0,0,52,0,2590.6735751295337,0.0,0.0,1.0,0.6666666666666667,0.5773502691896257,0.3333333333333333,0,0,0,0,2,0,0,0,0.0,1.0,0.5,0.0,0,0,0,0,0,0,0,0,0,0,1435,0,0,20,0,0,0,0,0,0,0,0,1
192.168.1.4-239.255.255.250-51167-3702-17,192.168.1.4,51167,239.255.255.250,3702,17,01/01/1970 08:00:17 AM,187464,2,0,1248.0,0.0,624.0,624.0,624.0,0.0,0,0,0,0,6657.278197413903,10.66871505995818,187464.0,0.0,187464.0,187464.0,187464.0,187464.0,0.0,187464.0,187464.0,0,0,0,0,0,0,0,0,0,16,0,10.66871505995818,0.0,624.0,624.0,624.0,0.0,0.0,0,0,0,0,0,0,0,0,0.0,936.0,624.0,0.0,0,0,0,0,0,0,0,0,0,0,0,0,1,8,0,0,0,0,0,0,0,0,1
192.168.1.4-224.0.0.252-62294-5355-17,192.168.1.4,62294,224.0.0.252,5355,17,01/01/1970 08:00:18 AM,124143,2,0,42.0,0.0,21.0,21.0,21.0,0.0,0,0,0,0,338.3195186196564,16.110453267602683,124143.0,0.0,124143.0,124143.0,124143.0,124143.0,0.0,124143.0,124143.0,0,0,0,0,0,0,0,0,0,16,0,16.110453267602683,0.0,21.0,21.0,21.0,0.0,0.0,0,0,0,0,0,0,0,0,0.0,31.5,21.0,0.0,0,0,0,0,0,0,0,0,0,0,0,0,1,8,0,0,0,0,0,0,0,0,1
192.168.1.5-192.168.1.4-49258-5357-6,192.168.1.5,49258,192.168.1.4,5357,6,01/01/1970 08:09:47 AM,1760,3,1,0.0,0.0,0.0,0.0,0.0,0.0,0.0,0.0,0.0,0.0,0.0,2272.7272727272725,586.6666666666666,474.77608757532573,1045.0,97.0,1663.0,831.5,301.9345955666558,1045.0,618.0,0,0,0,0,0,0,0,0,0,60,20,1704.5454545454545,568.1818181818181,0.0,0.0,0.0,0.0,0.0,1,0,0,0,4,0,0,0,0.0,0.0,0.0,0.0,0,0,0,0,0,0,0,0,0,0,241,256,0,20,0,0,0,0,0,0,0,0,1
192.168.1.4-8.8.8.8-49842-53-17,192.168.1.4,49842,8.8.8.8,53,17,01/01/1970 08:00:15 AM,22120,1,1,43.0,98.0,43.0,43.0,43.0,0.0,98.0,98.0,98.0,0.0,6374.321880650994,90.41591320072332,22120.0,0.0,22120.0,22120.0,0,0,0,0,0,0,0,0,0,0,0,0,0,0,8,8,45.20795660036166,45.20795660036166,43.0,98.0,61.33333333333333,31.754264805429415,1008.3333333333333,0,0,0,0,0,0,0,0,1.0,92.0,43.0,98.0,0,0,0,0,0,0,0,0,0,0,0,0,0,8,0,0,0,0,0,0,0,0,1
192.168.1.4-224.0.0.252-57072-5355-17,192.168.1.4,57072,224.0.0.252,5355,17,01/01/1970 08:00:14 AM,101304,2,0,42.0,0.0,21.0,21.0,21.0,0.0,0,0,0,0,414.5936981757877,19.74255705598989,101304.0,0.0,101304.0,101304.0,101304.0,101304.0,0.0,101304.0,101304.0,0,0,0,0,0,0,0,0,0,16,0,19.74255705598989,0.0,21.0,21.0,21.0,0.0,0.0,0,0,0,0,0,0,0,0,0.0,31.5,21.0,0.0,0,0,0,0,0,0,0,0,0,0,0,0,1,8,0,0,0,0,0,0,0,0,1
134.221.96.0-0.0.0.20-0-0-0,134.221.96.0,0,0.0.0.20,0,0,01/01/1970 08:38:42 AM,68986358,9,0,0.0,0.0,0.0,0.0,0.0,0.0,0,0,0,0,0.0,0.13046057598808158,8623294.75,2.436767442733847E7,6.8930201E7,186.0,6.8986358E7,8623294.75,2.436767442733847E7,6.8930201E7,186.0,0,0,0,0,0,0,0,0,0,0,0,0.13046057598808158,0.0,0.0,0.0,0.0,0.0,0.0,0,0,0,0,0,0,0,0,0.0,0.0,0.0,0.0,0,0,0,0,0,0,9,0,0,0,0,0,0,0,56157.0,0.0,56157.0,56157.0,6.8930201E7,0.0,6.8930201E7,6.8930201E7,1
134.221.96.0-0.0.0.60-0-0-0,134.221.96.0,0,0.0.0.60,0,0,01/01/1970 08:39:57 AM,40930,3,0,0.0,0.0,0.0,0.0,0.0,0.0,0,0,0,0,0.0,73.29587099926704,20465.0,9941.921343482858,27495.0,13435.0,40930.0,20465.0,9941.921343482858,27495.0,13435.0,0,0,0,0,0,0,0,0,0,0,0,73.29587099926704,0.0,0.0,0.0,0.0,0.0,0.0,0,0,0,0,0,0,0,0,0.0,0.0,0.0,0.0,0,0,0,0,0,0,0,0,0,0,0,0,0,0,0,0,0,0,0,0,0,0,1
192.168.1.5-239.255.255.250-61401-3702-17,192.168.1.5,61401,239.255.255.250,3702,17,01/01/1970 08:09:47 AM,142517,2,0,1312.0,0.0,656.0,656.0,656.0,0.0,0,0,0,0,9205.91929383863,14.033413557680838,142517.0,0.0,142517.0,142517.0,142517.0,142517.0,0.0,142517.0,142517.0,0,0,0,0,0,0,0,0,0,16,0,14.033413557680838,0.0,656.0,656.0,656.0,0.0,0.0,0,0,0,0,0,0,0,0,0.0,984.0,656.0,0.0,0,0,0,0,0,0,0,0,0,0,0,0,1,8,0,0,0,0,0,0,0,0,1
192.168.1.4-8.8.8.8-53390-53-17,192.168.1.4,53390,8.8.8.8,53,17,01/01/1970 08:00:18 AM,22295,1,1,43.0,98.0,43.0,43.0,43.0,0.0,98.0,98.0,98.0,0.0,6324.287956941019,89.70621215519175,22295.0,0.0,22295.0,22295.0,0,0,0,0,0,0,0,0,0,0,0,0,0,0,8,8,44.853106077595875,44.853106077595875,43.0,98.0,61.33333333333333,31.754264805429415,1008.3333333333333,0,0,0,0,0,0,0,0,1.0,92.0,43.0,98.0,0,0,0,0,0,0,0,0,0,0,0,0,0,8,0,0,0,0,0,0,0,0,1
192.168.1.4-224.0.0.252-56462-5355-17,192.168.1.4,56462,224.0.0.252,5355,17,01/01/1970 08:10:20 AM,120501,2,0,42.0,0.0,21.0,21.0,21.0,0.0,0,0,0,0,348.54482535414644,16.597372635911736,120501.0,0.0,120501.0,120501.0,120501.0,120501.0,0.0,120501.0,120501.0,0,0,0,0,0,0,0,0,0,16,0,16.597372635911736,0.0,21.0,21.0,21.0,0.0,0.0,0,0,0,0,0,0,0,0,0.0,31.5,21.0,0.0,0,0,0,0,0,0,0,0,0,0,0,0,1,8,0,0,0,0,0,0,0,0,1
134.221.96.0-0.0.2.111-0-0-0,134.221.96.0,0,0.0.2.111,0,0,01/01/1970 08:00:22 AM,4913,2,0,0.0,0.0,0.0,0.0,0.0,0.0,0,0,0,0,0.0,407.0832485243232,4913.0,0.0,4913.0,4913.0,4913.0,4913.0,0.0,4913.0,4913.0,0,0,0,0,0,0,0,0,0,0,0,407.0832485243232,0.0,0.0,0.0,0.0,0.0,0.0,0,0,0,0,0,0,0,0,0.0,0.0,0.0,0.0,0,0,0,0,0,0,0,0,0,0,0,0,0,0,0,0,0,0,0,0,0,0,1
134.221.96.0-0.0.0.136-0-0-0,134.221.96.0,0,0.0.0.136,0,0,01/01/1970 08:40:44 AM,59998237,26,0,0.0,0.0,0.0,0.0,0.0,0.0,0,0,0,0,0.0,0.43334606648525353,2399929.48,2855739.3852576967,6824024.0,131.0,5.9998237E7,2399929.48,2855739.3852576967,6824024.0,131.0,0,0,0,0,0,0,0,0,0,0,0,0.43334606648525353,0.0,0.0,0.0,0.0,0.0,0.0,0,0,0,0,0,0,0,0,0.0,0.0,0.0,0.0,0,0,0,0,0,0,2,0,0,0,0,0,0,0,2650122.3333333335,1298210.2468076064,3181158.0,163.0,6819934.666666667,2285.0057913858045,6824024.0,6818073.0,1
192.168.1.4-192.168.1.5-49252-5357-6,192.168.1.4,49252,192.168.1.5,5357,6,01/01/1970 08:00:16 AM,3214,2,1,0.0,0.0,0.0,0.0,0.0,0.0,0.0,0.0,0.0,0.0,0.0,933.4163036714375,1607.0,2022.3253941935259,3037.0,177.0,3037.0,3037.0,0.0,3037.0,3037.0,0,0,0,0,0,0,0,0,0,40,20,622.2775357809584,311.1387678904792,0.0,0.0,0.0,0.0,0.0,1,0,0,0,3,0,0,0,0.0,0.0,0.0,0.0,0,0,0,0,0,0,0,0,0,0,256,256,0,20,0,0,0,0,0,0,0,0,1
192.168.1.4-192.168.1.5-49256-5357-6,192.168.1.4,49256,192.168.1.5,5357,6,01/01/1970 08:00:21 AM,2208,2,1,0.0,0.0,0.0,0.0,0.0,0.0,0.0,0.0,0.0,0.0,0.0,1358.695652173913,1104.0,1337.8460300049478,2050.0,158.0,2050.0,2050.0,0.0,2050.0,2050.0,0,0,0,0,0,0,0,0,0,40,20,905.7971014492754,452.8985507246377,0.0,0.0,0.0,0.0,0.0,1,0,0,0,3,0,0,0,0.0,0.0,0.0,0.0,0,0,0,0,0,0,0,0,0,0,256,256,0,20,0,0,0,0,0,0,0,0,1
192.168.1.4-192.168.1.5-1900-61584-17,192.168.1.4,1900,192.168.1.5,61584,17,01/01/1970 08:28:21 AM,5877000,3,0,1338.0,0.0,446.0,446.0,446.0,0.0,0,0,0,0,227.6671771311894,0.5104645227156713,2938500.0,87155.1534219291,3000128.0,2876872.0,5877000.0,2938500.0,87155.1534219291,3000128.0,2876872.0,0,0,0,0,0,0,0,0,0,24,0,0.5104645227156713,0.0,446.0,446.0,446.0,0.0,0.0,0,0,0,0,0,0,0,0,0.0,594.6666666666666,446.0,0.0,0,0,0,0,0,0,1,669,0,0,0,0,2,8,0,0,0,0,0,0,0,0,1
192.168.1.4-192.168.1.5-49253-5357-6,192.168.1.4,49253,192.168.1.5,5357,6,01/01/1970 08:00:18 AM,19004,2,1,0.0,0.0,0.0,0.0,0.0,0.0,0.0,0.0,0.0,0.0,0.0,157.86150284150705,9502.0,13125.316072384696,18783.0,221.0,18783.0,18783.0,0.0,18783.0,18783.0,0,0,0,0,0,0,0,0,0,40,20,105.24100189433804,52.62050094716902,0.0,0.0,0.0,0.0,0.0,1,0,0,0,3,0,0,0,0.0,0.0,0.0,0.0,0,0,0,0,0,0,0,0,0,0,256,256,0,20,0,0,0,0,0,0,0,0,1
192.168.1.5-224.0.0.252-61196-5355-17,192.168.1.5,61196,224.0.0.252,5355,17,01/01/1970 08:09:50 AM,102385,2,0,42.0,0.0,21.0,21.0,21.0,0.0,0,0,0,0,410.2163402842213,19.534111442105775,102385.0,0.0,102385.0,102385.0,102385.0,102385.0,0.0,102385.0,102385.0,0,0,0,0,0,0,0,0,0,16,0,19.534111442105775,0.0,21.0,21.0,21.0,0.0,0.0,0,0,0,0,0,0,0,0,0.0,31.5,21.0,0.0,0,0,0,0,0,0,0,0,0,0,0,0,1,8,0,0,0,0,0,0,0,0,1
134.221.96.0-0.0.5.180-0-0-0,134.221.96.0,0,0.0.5.180,0,0,01/01/1970 08:38:42 AM,50322,6,0,0.0,0.0,0.0,0.0,0.0,0.0,0,0,0,0,0.0,119.2321449862883,10064.399999999998,21931.50287372026,49295.0,63.0,50322.0,10064.399999999998,21931.50287372026,49295.0,63.0,0,0,0,0,0,0,0,0,0,0,0,119.2321449862883,0.0,0.0,0.0,0.0,0.0,0.0,0,0,0,0,0,0,0,0,0.0,0.0,0.0,0.0,0,0,0,0,0,0,0,0,0,0,0,0,0,0,0,0,0,0,0,0,0,0,1
192.168.1.4-224.0.0.252-58217-5355-17,192.168.1.4,58217,224.0.0.252,5355,17,01/01/1970 08:34:19 AM,93534,2,0,42.0,0.0,21.0,21.0,21.0,0.0,0,0,0,0,449.03457566232595,21.382598841063142,93534.0,0.0,93534.0,93534.0,93534.0,93534.0,0.0,93534.0,93534.0,0,0,0,0,0,0,0,0,0,16,0,21.382598841063142,0.0,21.0,21.0,21.0,0.0,0.0,0,0,0,0,0,0,0,0,0.0,31.5,21.0,0.0,0,0,0,0,0,0,0,0,0,0,0,0,1,8,0,0,0,0,0,0,0,0,1
192.168.1.4-224.0.0.252-57389-5355-17,192.168.1.4,57389,224.0.0.252,5355,17,01/01/1970 08:00:18 AM,90004,2,0,48.0,0.0,24.0,24.0,24.0,0.0,0,0,0,0,533.3096306830807,22.22123461179503,90004.0,0.0,90004.0,90004.0,90004.0,90004.0,0.0,90004.0,90004.0,0,0,0,0,0,0,0,0,0,16,0,22.22123461179503,0.0,24.0,24.0,24.0,0.0,0.0,0,0,0,0,0,0,0,0,0.0,36.0,24.0,0.0,0,0,0,0,0,0,0,0,0,0,0,0,1,8,0,0,0,0,0,0,0,0,1
192.168.1.5-224.0.0.252-61070-5355-17,192.168.1.5,61070,224.0.0.252,5355,17,01/01/1970 08:23:41 AM,101615,2,0,42.0,0.0,21.0,21.0,21.0,0.0,0,0,0,0,413.32480440879795,19.68213354327609,101615.0,0.0,101615.0,101615.0,101615.0,101615.0,0.0,101615.0,101615.0,0,0,0,0,0,0,0,0,0,16,0,19.68213354327609,0.0,21.0,21.0,21.0,0.0,0.0,0,0,0,0,0,0,0,0,0.0,31.5,21.0,0.0,0,0,0,0,0,0,0,0,0,0,0,0,1,8,0,0,0,0,0,0,0,0,1
192.168.1.5-192.168.1.4-3702-65004-17,192.168.1.5,3702,192.168.1.4,65004,17,01/01/1970 08:09:46 AM,28192103,4,0,4944.0,0.0,1236.0,1236.0,1236.0,0.0,0,0,0,0,175.3682582672176,0.14188370409969062,9397367.666666668,1.5935992765805596E7,2.7798666E7,191226.0,2.8192103E7,9397367.666666668,1.5935992765805596E7,2.7798666E7,191226.0,0,0,0,0,0,0,0,0,0,32,0,0.14188370409969062,0.0,1236.0,1236.0,1236.0,0.0,0.0,0,0,0,0,0,0,0,0,0.0,1545.0,1236.0,0.0,0,0,0,0,0,0,4,4944,0,0,0,0,3,8,202211.0,0.0,202211.0,202211.0,2.7798666E7,0.0,2.7798666E7,2.7798666E7,1
192.168.1.4-8.8.8.8-59243-53-17,192.168.1.4,59243,8.8.8.8,53,17,01/01/1970 08:34:27 AM,21843,1,1,43.0,98.0,43.0,43.0,43.0,0.0,98.0,98.0,98.0,0.0,6455.157258618321,91.56251430664285,21843.0,0.0,21843.0,21843.0,0,0,0,0,0,0,0,0,0,0,0,0,0,0,8,8,45.78125715332143,45.78125715332143,43.0,98.0,61.33333333333333,31.754264805429415,1008.3333333333333,0,0,0,0,0,0,0,0,1.0,92.0,43.0,98.0,0,0,0,0,0,0,0,0,0,0,0,0,0,8,0,0,0,0,0,0,0,0,1
192.168.1.5-239.255.255.250-1900-1900-17,192.168.1.5,1900,239.255.255.250,1900,17,01/01/1970 08:39:21 AM,8484318,18,0,8607.0,0.0,513.0,433.0,478.1666666666667,30.860692684079158,0,0,0,0,1014.4598540507321,2.1215612144665017,499077.5294117647,433169.41384031804,1360018.0,77367.0,8484318.0,499077.5294117647,433169.41384031804,1360018.0,77367.0,0,0,0,0,0,0,0,0,0,144,0,2.1215612144665017,0.0,433.0,513.0,480.00000000000006,31.03761159195942,963.3333333333337,0,0,0,0,0,0,0,0,0.0,506.6666666666667,478.1666666666667,0.0,0,0,0,2707,5,1843,6,2869,0,0,0,0,17,8,0,0,0,0,0,0,0,0,1
192.168.1.5-239.255.255.250-62296-3702-17,192.168.1.5,62296,239.255.255.250,3702,17,01/01/1970 08:09:45 AM,28283831,4,0,3964.0,0.0,991.0,991.0,991.0,0.0,0,0,0,0,140.15074549130208,0.14142355750888203,9427943.666666668,1.6151264366394363E7,2.8077708E7,47759.0,2.8283831E7,9427943.666666668,1.6151264366394363E7,2.8077708E7,47759.0,0,0,0,0,0,0,0,0,0,32,0,0.14142355750888203,0.0,991.0,991.0,991.0,0.0,0.0,0,0,0,0,0,0,0,0,0.0,1238.75,991.0,0.0,0,0,0,0,0,0,4,3964,0,0,0,0,3,8,47759.0,0.0,47759.0,47759.0,2.8077708E7,0.0,2.8077708E7,2.8077708E7,1
8.6.0.1-8.0.6.4-0-0-0,8.6.0.1,0,8.0.6.4,0,0,01/01/1970 08:40:57 AM,85237,4,0,0.0,0.0,0.0,0.0,0.0,0.0,0,0,0,0,0.0,46.927977286859,28412.333333333336,48735.45639812284,84687.0,148.0,85237.0,28412.333333333336,48735.45639812284,84687.0,148.0,0,0,0,0,0,0,0,0,0,0,0,46.927977286859,0.0,0.0,0.0,0.0,0.0,0.0,0,0,0,0,0,0,0,0,0.0,0.0,0.0,0.0,0,0,0,0,0,0,0,0,0,0,0,0,0,0,0,0,0,0,0,0,0,0,1
134.221.96.0-0.0.1.214-0-0-0,134.221.96.0,0,0.0.1.214,0,0,01/01/1970 08:38:43 AM,7389610,3,0,0.0,0.0,0.0,0.0,0.0,0.0,0,0,0,0,0.0,0.40597541683525923,3694805.0,496469.57056601165,4045862.0,3343748.0,7389610.0,3694805.0,496469.57056601165,4045862.0,3343748.0,0,0,0,0,0,0,0,0,0,0,0,0.40597541683525923,0.0,0.0,0.0,0.0,0.0,0.0,0,0,0,0,0,0,0,0,0.0,0.0,0.0,0.0,0,0,0,0,0,0,1,0,0,0,0,0,0,0,0,0,0,0,0,0,0,0,1
134.221.96.0-0.0.0.42-0-0-0,134.221.96.0,0,0.0.0.42,0,0,01/01/1970 08:41:02 AM,30001440,10,0,0.0,0.0,0.0,0.0,0.0,0.0,0,0,0,0,0.0,0.3333173341012965,3333493.3333333335,6621389.679155068,1.5781695E7,757.0,3.000144E7,3333493.3333333335,6621389.679155068,1.5781695E7,757.0,0,0,0,0,0,0,0,0,0,0,0,0.3333173341012965,0.0,0.0,0.0,0.0,0.0,0.0,0,0,0,0,0,0,0,0,0.0,0.0,0.0,0.0,0,0,0,0,0,0,5,0,0,0,0,0,0,0,4730.0,5354.212547144538,8516.0,944.0,1.4991728E7,1117182.0452271868,1.5781695E7,1.4201761E7,1
