Flow ID,Src IP,Src Port,Dst IP,Dst Port,Protocol,Timestamp,Flow Duration,Total Fwd Packet,Total Bwd packets,Total Length of Fwd Packet,Total Length of Bwd Packet,Fwd Packet Length Max,Fwd Packet Length Min,Fwd Packet Length Mean,Fwd Packet Length Std,Bwd Packet Length Max,Bwd Packet Length Min,Bwd Packet Length Mean,Bwd Packet Length Std,Flow Bytes/s,Flow Packets/s,Flow IAT Mean,Flow IAT Std,Flow IAT Max,Flow IAT Min,Fwd IAT Total,Fwd IAT Mean,Fwd IAT Std,Fwd IAT Max,Fwd IAT Min,Bwd IAT Total,Bwd IAT Mean,Bwd IAT Std,Bwd IAT Max,Bwd IAT Min,Fwd PSH Flags,Bwd PSH Flags,Fwd URG Flags,Bwd URG Flags,Fwd RST Flags,Bwd RST Flags,Fwd Header Length,Bwd Header Length,Fwd Packets/s,Bwd Packets/s,Packet Length Min,Packet Length Max,Packet Length Mean,Packet Length Std,Packet Length Variance,FIN Flag Count,SYN Flag Count,RST Flag Count,PSH Flag Count,ACK Flag Count,URG Flag Count,CWR Flag Count,ECE Flag Count,Down/Up Ratio,Average Packet Size,Fwd Segment Size Avg,Bwd Segment Size Avg,Fwd Bytes/Bulk Avg,Fwd Packet/Bulk Avg,Fwd Bulk Rate Avg,Bwd Bytes/Bulk Avg,Bwd Packet/Bulk Avg,Bwd Bulk Rate Avg,Subflow Fwd Packets,Subflow Fwd Bytes,Subflow Bwd Packets,Subflow Bwd Bytes,FWD Init Win Bytes,Bwd Init Win Bytes,Fwd Act Data Pkts,Fwd Seg Size Min,Active Mean,Active Std,Active Max,Active Min,Idle Mean,Idle Std,Idle Max,Idle Min,ICMP Code,ICMP Type,Total TCP Flow Time,Label
8.6.0.1-8.0.6.4-0-0-0,8.6.0.1,0,8.0.6.4,0,0,1970-01-01 00:00:07.986316,118944128,9,0,0.0,0.0,0.0,0.0,0.0,0.0,0,0,0,0,0.0,0.07566577813744618,1.4868016E7,2.9030090954537857E7,8.2453456E7,42832.0,1.18944128E8,1.4868016E7,2.9030090954537857E7,8.2453456E7,42832.0,0,0,0,0,0,0,0,0,0,0,0,0,0,0.07566577813744618,0.0,0.0,0.0,0.0,0.0,0.0,0,0,0,0,0,0,0,0,0.0,0.0,0.0,0.0,0,0,0,0,0,0,1,0,0,0,0,0,0,0,7401676.0,0.0,7401676.0,7401676.0,5.574981E7,3.776465833801005E7,8.2453456E7,2.9046164E7,-1,-1,0,Scarab
192.168.1.4-192.168.1.255-137-137-17,192.168.1.4,137,192.168.1.255,137,17,1970-01-01 00:00:10.541636,112769972,36,0,2232.0,0.0,68.0,50.0,62.00000000000001,8.605645987207634,0,0,0,0,19.792502919128154,0.3192339180504541,3221999.1999999997,1.312442183344472E7,7.4901224E7,190.0,1.12769972E8,3221999.1999999997,1.312442183344472E7,7.4901224E7,190.0,0,0,0,0,0,0,0,0,0,0,0,288,0,0.3192339180504541,0.0,50.0,68.0,62.00000000000001,8.605645987207634,74.05714285714286,0,0,0,0,0,0,0,0,0.0,62.0,62.0,0.0,1041,16,175,0,0,0,1,62,0,0,0,0,35,8,5923429.0,942040.1808086532,6589552.0,5257306.0,4.97090855E7,3.56270639318814E7,7.4901224E7,2.4516947E7,-1,-1,0,Scarab
192.168.1.5-239.255.255.250-49211-1900-17,192.168.1.5,49211,239.255.255.250,1900,17,1970-01-01 00:00:44.642535,118189739,16,0,2100.0,0.0,133.0,123.0,131.25,3.785938897200184,0,0,0,0,17.76803991419255,0.1353755422033718,7879315.933333334,2.5252112850481432E7,9.9042428E7,603.0,1.18189739E8,7879315.933333334,2.5252112850481432E7,9.9042428E7,603.0,0,0,0,0,0,0,0,0,0,0,0,128,0,0.1353755422033718,0.0,123.0,133.0,131.25,3.785938897200184,14.333333333333346,0,0,0,0,0,0,0,0,0.0,131.25,131.25,0.0,655,5,641,0,0,0,1,131,0,0,0,0,15,8,1.9147311E7,0.0,1.9147311E7,1.9147311E7,9.9042428E7,0.0,9.9042428E7,9.9042428E7,-1,-1,0,Scarab
134.221.96.0-0.0.1.146-0-0-0,134.221.96.0,0,0.0.1.146,0,0,1970-01-01 00:00:46.614896,119226203,72,0,0.0,0.0,0.0,0.0,0.0,0.0,0,0,0,0,0.0,0.6038940953273502,1679242.295774648,1186710.4307309513,4732756.0,18145.0,1.19226203E8,1679242.295774648,1186710.4307309513,4732756.0,18145.0,0,0,0,0,0,0,0,0,0,0,0,0,0,0.6038940953273502,0.0,0.0,0.0,0.0,0.0,0.0,0,0,0,0,0,0,0,0,0.0,0.0,0.0,0.0,0,0,0,0,0,0,1,0,0,0,0,0,0,0,0,0,0,0,0,0,0,0,-1,-1,0,Scarab
192.168.1.4-192.168.1.255-138-138-17,192.168.1.4,138,192.168.1.255,138,17,1970-01-01 00:00:16.633112,91033603,15,0,2799.0,0.0,204.0,174.0,186.6,12.483131475257778,0,0,0,0,30.746888047482862,0.164774319654249,6502400.214285715,1.1278244912797403E7,3.7551331E7,540.0,9.1033603E7,6502400.214285715,1.1278244912797403E7,3.7551331E7,540.0,0,0,0,0,0,0,0,0,0,0,0,120,0,0.164774319654249,0.0,174.0,204.0,186.6,12.483131475257778,155.82857142857142,0,0,0,0,0,0,0,0,0.0,186.6,186.6,0.0,0,0,0,0,0,0,1,186,0,0,0,0,14,8,1879506.7500000002,2244167.345240899,4498291.0,2246.0,2.0878894E7,1.280763897708741E7,3.7551331E7,6999698.0,-1,-1,0,Scarab
134.221.96.0-0.0.0.104-0-0-0,134.221.96.0,0,0.0.0.104,0,0,1970-01-01 00:00:46.623459,118006488,26,0,0.0,0.0,0.0,0.0,0.0,0.0,0,0,0,0,0.0,0.22032686880741675,4720259.5200000005,1538667.7167105782,6419967.0,691447.0,1.18006488E8,4720259.5200000005,1538667.7167105782,6419967.0,691447.0,0,0,0,0,0,0,0,0,0,0,0,0,0,0.22032686880741675,0.0,0.0,0.0,0.0,0.0,0.0,0,0,0,0,0,0,0,0,0.0,0.0,0.0,0.0,0,0,0,0,0,0,1,0,0,0,0,0,0,0,4113985.272727273,1296352.1723312761,8009502.0,3578023.0,6283840.090909091,113622.54751452709,6419967.0,6095565.0,-1,-1,0,Scarab
134.221.96.0-0.0.0.128-0-0-0,134.221.96.0,0,0.0.0.128,0,0,1970-01-01 00:00:47.316643,117316389,25,0,0.0,0.0,0.0,0.0,0.0,0.0,0,0,0,0,0.0,0.21309895585006455,4888182.875000001,1317925.9316464972,6426100.0,3445710.0,1.17316389E8,4888182.875000001,1317925.9316464972,6426100.0,3445710.0,0,0,0,0,0,0,0,0,0,0,0,0,0,0.21309895585006455,0.0,0.0,0.0,0.0,0.0,0.0,0,0,0,0,0,0,0,0,0.0,0.0,0.0,0.0,0,0,0,0,0,0,1,0,0,0,0,0,0,0,4050320.0909090913,1088913.5878787127,7317748.0,3573417.0,6284631.181818182,114217.70134862475,6426100.0,6095616.0,-1,-1,0,Scarab
134.221.96.0-0.0.0.116-0-0-0,134.221.96.0,0,0.0.0.116,0,0,1970-01-01 00:00:47.317178,117316550,25,0,0.0,0.0,0.0,0.0,0.0,0.0,0,0,0,0,0.0,0.2130986634025634,4888189.583333334,1328293.6895546764,6507778.0,3446030.0,1.1731655E8,4888189.583333334,1328293.6895546764,6507778.0,3446030.0,0,0,0,0,0,0,0,0,0,0,0,0,0,0.2130986634025634,0.0,0.0,0.0,0.0,0.0,0.0,0,0,0,0,0,0,0,0,0.0,0.0,0.0,0.0,0,0,0,0,0,0,1,0,0,0,0,0,0,0,4040355.1818181816,1093790.3186412668,7317763.0,3492788.0,6294586.363636363,128205.99182898806,6507778.0,6095485.0,-1,-1,0,Scarab
134.221.96.0-0.0.0.28-0-0-0,134.221.96.0,0,0.0.0.28,0,0,1970-01-01 00:00:46.660831,117973433,28,0,0.0,0.0,0.0,0.0,0.0,0.0,0,0,0,0,0.0,0.23734157164011663,4369386.407407408,1951060.1811933948,6508460.0,17566.0,1.17973433E8,4369386.407407408,1951060.1811933948,6508460.0,17566.0,0,0,0,0,0,0,0,0,0,0,0,0,0,0.23734157164011663,0.0,0.0,0.0,0.0,0.0,0.0,0,0,0,0,0,0,0,0,0.0,0.0,0.0,0.0,0,0,0,0,0,0,1,0,0,0,0,0,0,0,4100066.727272728,1291014.537283457,7975322.0,3492652.0,6295089.272727272,128605.71318887138,6508460.0,6095019.0,-1,-1,0,Scarab
134.221.96.0-0.0.0.136-0-0-0,134.221.96.0,0,0.0.0.136,0,0,1970-01-01 00:00:46.661257,117973517,51,0,0.0,0.0,0.0,0.0,0.0,0.0,0,0,0,0,0.0,0.432300411964492,2359470.339999999,2618782.1035695556,6504481.0,122.0,1.17973517E8,2359470.339999999,2618782.1035695556,6504481.0,122.0,0,0,0,0,0,0,0,0,0,0,0,0,0,0.432300411964492,0.0,0.0,0.0,0.0,0.0,0.0,0,0,0,0,0,0,0,0,0.0,0.0,0.0,0.0,0,0,0,0,0,0,1,0,0,0,0,0,0,0,4100742.9999999995,1291017.2878893605,7975869.0,3492747.0,6294397.272727273,128005.18050773647,6504481.0,6094271.0,-1,-1,0,Scarab
192.168.1.5-192.168.1.255-138-138-17,192.168.1.5,138,192.168.1.255,138,17,1970-01-01 00:00:49.801881,5847682,6,0,1098.0,0.0,201.0,174.0,183.0,13.942740046346701,0,0,0,0,187.76670824439498,1.0260475860349452,1169536.4,481536.60529112426,1523947.0,341864.0,5847682.0,1169536.4,481536.60529112426,1523947.0,341864.0,0,0,0,0,0,0,0,0,0,0,0,48,0,1.0260475860349452,0.0,174.0,201.0,183.0,13.942740046346701,194.40000000000003,0,0,0,0,0,0,0,0,0.0,183.0,183.0,0.0,0,0,0,0,0,0,1,183,0,0,0,0,5,8,0,0,0,0,0,0,0,0,-1,-1,0,Scarab
134.221.96.0-0.0.0.32-0-0-0,134.221.96.0,0,0.0.0.32,0,0,1970-01-01 00:00:46.614039,115836662,13,0,0.0,0.0,0.0,0.0,0.0,0.0,0,0,0,0,0.0,0.11222699079502135,9653055.166666668,1.4323550914754711E7,3.6996075E7,0.0,1.15836662E8,9653055.166666668,1.4323550914754711E7,3.6996075E7,0.0,0,0,0,0,0,0,0,0,0,0,0,0,0,0.11222699079502135,0.0,0.0,0.0,0.0,0.0,0.0,0,0,0,0,0,0,0,0,0.0,0.0,0.0,0.0,0,0,0,0,0,0,1,0,0,0,0,0,0,0,1963410.7500000002,2381327.5209651967,4820173.0,270.0,2.699567225E7,1.1937243658703834E7,3.6996075E7,1.0545203E7,-1,-1,0,Scarab
134.221.96.0-0.0.0.194-0-0-0,134.221.96.0,0,0.0.0.194,0,0,1970-01-01 00:00:46.691962,118877537,22,0,0.0,0.0,0.0,0.0,0.0,0.0,0,0,0,0,0.0,0.18506439950888282,5660835.095238094,1.907020879843374E7,8.5031482E7,309.0,1.18877537E8,5660835.095238094,1.907020879843374E7,8.5031482E7,309.0,0,0,0,0,0,0,0,0,0,0,0,0,0,0.18506439950888282,0.0,0.0,0.0,0.0,0.0,0.0,0,0,0,0,0,0,0,0,0.0,0.0,0.0,0.0,0,0,0,0,0,0,1,0,0,0,0,0,0,0,1911897.5,2614139.121814388,3760373.0,63422.0,5.5629069E7,4.1581291231095E7,8.5031482E7,2.6226656E7,-1,-1,0,Scarab
134.221.96.0-0.0.0.42-0-0-0,134.221.96.0,0,0.0.0.42,0,0,1970-01-01 00:00:46.692925,118879222,22,0,0.0,0.0,0.0,0.0,0.0,0.0,0,0,0,0,0.0,0.18506177639688792,5660915.333333333,1.90705798777062E7,8.5032465E7,201.0,1.18879222E8,5660915.333333333,1.90705798777062E7,8.5032465E7,201.0,0,0,0,0,0,0,0,0,0,0,0,0,0,0.18506177639688792,0.0,0.0,0.0,0.0,0.0,0.0,0,0,0,0,0,0,0,0,0.0,0.0,0.0,0.0,0,0,0,0,0,0,1,0,0,0,0,0,0,0,1911146.0,2612468.2284904444,3758440.0,63852.0,5.5630694E7,4.1580383305987954E7,8.5032465E7,2.6228923E7,-1,-1,0,Scarab
192.168.1.4-192.168.1.5-49174-2869-6,192.168.1.4,49174,192.168.1.5,2869,6,1970-01-01 00:01:05.582893,5205,5,6,191.0,5615.0,191.0,0.0,38.2,85.41779674049197,1460.0,0.0,935.8333333333333,673.7852526337057,1115465.8981748319,2113.3525456292027,520.5,1051.719782071251,3489.0,15.0,5205.0,1301.25,1848.4850328489724,4065.0,196.0,4663.0,932.6,1608.7054733542743,3786.0,15.0,1,2,0,0,0,0,112,132,960.6147934678194,1152.7377521613832,0.0,1460.0,527.8181818181819,670.5673445943843,449660.56363636366,0,2,0,3,10,0,0,0,1.2,527.8181818181819,38.2,935.8333333333334,0,0,0,5615,5,6402508,0,17,0,510,8192,256,1,20,0,0,0,0,0,0,0,0,-1,-1,5205,Scarab
192.168.1.4-192.168.1.5-49175-445-6,192.168.1.4,49175,192.168.1.5,445,6,1970-01-01 00:02:06.930651,119999633,27955,38957,1.930359E7,3.6816798E7,1460.0,0.0,690.5236988016433,650.593920355879,1460.0,0.0,945.0624534743436,640.7625613701746,467671.3302948185,557.6017053318822,1793.421604818348,25088.088273346453,5768515.0,0.0,1.19999633E8,4292.753559419091,39139.21659375923,5768515.0,0.0,1.19999023E8,3080.373318615851,35016.00895005225,6000221.0,0.0,14063,14164,0,0,0,0,559112,779152,232.9590457997484,324.64265953213373,0.0,1460.0,838.7193328550958,656.9888718097598,431634.377681861,0,2,0,28227,66911,0,0,0,1.3935610803076373,838.7193328550933,690.5236988016455,945.0624534743436,8315,6,45591924,22301,15,27369342,0,288,0,550,8192,596,23284,20,8596022.0,0.0,8596022.0,8596022.0,5768515.0,0.0,5768515.0,5768515.0,-1,-1,119999633,Scarab
192.168.1.4-255.255.255.255-68-67-17,192.168.1.4,68,255.255.255.255,67,17,1970-01-01 00:01:50.432418,3007136,2,0,600.0,0.0,300.0,300.0,300.0,0.0,0,0,0,0,199.525395592351,0.6650846519745033,3007136.0,0.0,3007136.0,3007136.0,3007136.0,3007136.0,0.0,3007136.0,3007136.0,0,0,0,0,0,0,0,0,0,0,0,16,0,0.6650846519745033,0.0,300.0,300.0,300.0,0.0,0.0,0,0,0,0,0,0,0,0,0.0,300.0,300.0,0.0,0,0,0,0,0,0,1,300,0,0,0,0,1,8,0,0,0,0,0,0,0,0,-1,-1,0,Scarab
134.221.96.0-0.0.1.146-0-0-0,134.221.96.0,0,0.0.1.146,0,0,1970-01-01 00:02:47.537846,117459674,72,0,0.0,0.0,0.0,0.0,0.0,0.0,0,0,0,0,0.0,0.6129763309235815,1654361.6056338022,1080791.450594589,4365864.0,11014.0,1.17459674E8,1654361.6056338022,1080791.450594589,4365864.0,11014.0,0,0,0,0,0,0,0,0,0,0,0,0,0,0.6129763309235815,0.0,0.0,0.0,0.0,0.0,0.0,0,0,0,0,0,0,0,0,0.0,0.0,0.0,0.0,0,0,0,0,0,0,1,0,0,0,0,0,0,0,0,0,0,0,0,0,0,0,-1,-1,0,Scarab
134.221.96.0-0.0.0.104-0-0-0,134.221.96.0,0,0.0.0.104,0,0,1970-01-01 00:02:51.020114,113634395,24,0,0.0,0.0,0.0,0.0,0.0,0.0,0,0,0,0,0.0,0.21120365889218665,4940625.869565217,1512301.144995067,6538872.0,3463341.0,1.13634395E8,4940625.869565217,1512301.144995067,6538872.0,3463341.0,0,0,0,0,0,0,0,0,0,0,0,0,0,0.21120365889218665,0.0,0.0,0.0,0.0,0.0,0.0,0,0,0,0,0,0,0,0,0.0,0.0,0.0,0.0,0,0,0,0,0,0,1,0,0,0,0,0,0,0,3529578.090909091,53539.960187610515,3603603.0,3463341.0,6484595.545454546,49802.85400931089,6538872.0,6398381.0,-1,-1,0,Scarab
134.221.96.0-0.0.0.128-0-0-0,134.221.96.0,0,0.0.0.128,0,0,1970-01-01 00:02:51.021713,113634256,24,0,0.0,0.0,0.0,0.0,0.0,0.0,0,0,0,0,0.0,0.21120391724129386,4940619.826086956,1509287.4342429293,6539642.0,3463069.0,1.13634256E8,4940619.826086956,1509287.4342429293,6539642.0,3463069.0,0,0,0,0,0,0,0,0,0,0,0,0,0,0.21120391724129386,0.0,0.0,0.0,0.0,0.0,0.0,0,0,0,0,0,0,0,0,0.0,0.0,0.0,0.0,0,0,0,0,0,0,1,0,0,0,0,0,0,0,3532695.909090909,51649.79199271683,3603520.0,3463069.0,6481538.0,49540.70261310395,6539642.0,6398820.0,-1,-1,0,Scarab
134.221.96.0-0.0.0.116-0-0-0,134.221.96.0,0,0.0.0.116,0,0,1970-01-01 00:02:51.022242,113634265,24,0,0.0,0.0,0.0,0.0,0.0,0.0,0,0,0,0,0.0,0.2112039005136347,4940620.217391304,1511724.8502370324,6541369.0,3460765.0,1.13634265E8,4940620.217391304,1511724.8502370324,6541369.0,3460765.0,0,0,0,0,0,0,0,0,0,0,0,0,0,0.2112039005136347,0.0,0.0,0.0,0.0,0.0,0.0,0,0,0,0,0,0,0,0,0.0,0.0,0.0,0.0,0,0,0,0,0,0,1,0,0,0,0,0,0,0,3530236.727272727,52292.542476133145,3603763.0,3460765.0,6483989.454545455,51707.85061934707,6541369.0,6398804.0,-1,-1,0,Scarab
134.221.96.0-0.0.0.28-0-0-0,134.221.96.0,0,0.0.0.28,0,0,1970-01-01 00:02:51.022751,113634267,24,0,0.0,0.0,0.0,0.0,0.0,0.0,0,0,0,0,0.0,0.21120389679637747,4940620.304347825,1511421.676343695,6541336.0,3460588.0,1.13634267E8,4940620.304347825,1511421.676343695,6541336.0,3460588.0,0,0,0,0,0,0,0,0,0,0,0,0,0,0.21120389679637747,0.0,0.0,0.0,0.0,0.0,0.0,0,0,0,0,0,0,0,0,0.0,0.0,0.0,0.0,0,0,0,0,0,0,1,0,0,0,0,0,0,0,3530567.272727273,52405.514139431834,3603968.0,3460588.0,6483672.818181817,51979.02601014793,6541336.0,6398678.0,-1,-1,0,Scarab
134.221.96.0-0.0.0.136-0-0-0,134.221.96.0,0,0.0.0.136,0,0,1970-01-01 00:02:51.023173,113634243,48,0,0.0,0.0,0.0,0.0,0.0,0.0,0,0,0,0,0.0,0.4224078828069458,2417749.8510638294,2706328.785183063,6541143.0,120.0,1.13634243E8,2417749.8510638294,2706328.785183063,6541143.0,120.0,0,0,0,0,0,0,0,0,0,0,0,0,0,0.4224078828069458,0.0,0.0,0.0,0.0,0.0,0.0,0,0,0,0,0,0,0,0,0.0,0.0,0.0,0.0,0,0,0,0,0,0,1,0,0,0,0,0,0,0,3530515.272727272,52295.47758093575,3604010.0,3460732.0,6483708.818181818,51832.475252139164,6541143.0,6399828.0,-1,-1,0,Scarab
192.168.1.4-192.168.1.255-137-137-17,192.168.1.4,137,192.168.1.255,137,17,1970-01-01 00:02:38.373852,115576417,9,0,450.0,0.0,50.0,50.0,50.0,0.0,0,0,0,0,3.8935278639066997,0.077870557278134,1.4447052125000002E7,3.7846137966220014E7,1.08091501E8,741149.0,1.15576417E8,1.4447052125000002E7,3.7846137966220014E7,1.08091501E8,741149.0,0,0,0,0,0,0,0,0,0,0,0,72,0,0.077870557278134,0.0,50.0,50.0,50.0,0.0,0.0,0,0,0,0,0,0,0,0,0.0,50.0,50.0,0.0,0,0,0,0,0,0,1,50,0,0,0,0,8,8,5989005.0,0.0,5989005.0,5989005.0,1.08091501E8,0.0,1.08091501E8,1.08091501E8,-1,-1,0,Scarab
192.168.1.4-192.168.1.255-138-138-17,192.168.1.4,138,192.168.1.255,138,17,1970-01-01 00:02:48.221241,19768505,2,0,405.0,0.0,204.0,201.0,202.5,2.1213203435596424,0,0,0,0,20.4871334478758,0.10117102937222618,1.9768505E7,0.0,1.9768505E7,1.9768505E7,1.9768505E7,1.9768505E7,0.0,1.9768505E7,1.9768505E7,0,0,0,0,0,0,0,0,0,0,0,16,0,0.10117102937222618,0.0,201.0,204.0,202.5,2.1213203435596424,4.5,0,0,0,0,0,0,0,0,0.0,202.5,202.5,0.0,0,0,0,0,0,0,1,202,0,0,0,0,1,8,0,0,0,0,1.9768505E7,0.0,1.9768505E7,1.9768505E7,-1,-1,0,Scarab
134.221.96.0-0.0.0.32-0-0-0,134.221.96.0,0,0.0.0.32,0,0,1970-01-01 00:03:03.955672,91520291,12,0,0.0,0.0,0.0,0.0,0.0,0.0,0,0,0,0,0.0,0.13111846421030282,8320026.454545453,1.353306991580088E7,3.7500333E7,156.0,9.1520291E7,8320026.454545453,1.353306991580088E7,3.7500333E7,156.0,0,0,0,0,0,0,0,0,0,0,0,0,0,0.13111846421030282,0.0,0.0,0.0,0.0,0.0,0.0,0,0,0,0,0,0,0,0,0.0,0.0,0.0,0.0,0,0,0,0,0,0,1,0,0,0,0,0,0,0,247.25,116.89703446480867,407.0,156.0,2.23685025E7,1.399181309192728E7,3.7500333E7,6483655.0,-1,-1,0,Scarab
134.221.96.0-0.0.0.194-0-0-0,134.221.96.0,0,0.0.0.194,0,0,1970-01-01 00:03:11.795827,93804178,32,0,0.0,0.0,0.0,0.0,0.0,0.0,0,0,0,0,0.0,0.3411361911832968,3025941.2258064514,7823503.438393551,2.6238551E7,0.0,9.3804178E7,3025941.2258064514,7823503.438393551,2.6238551E7,0.0,0,0,0,0,0,0,0,0,0,0,0,0,0,0.3411361911832968,0.0,0.0,0.0,0.0,0.0,0.0,0,0,0,0,0,0,0,0,0.0,0.0,0.0,0.0,0,0,0,0,0,0,1,0,0,0,0,0,0,0,3777892.6666666665,18462.96212240423,3794638.0,3758093.0,2.6227543333333332E7,11691.991889038127,2.6238551E7,2.621527E7,-1,-1,0,Scarab
134.221.96.0-0.0.0.42-0-0-0,134.221.96.0,0,0.0.0.42,0,0,1970-01-01 00:03:11.797504,93802907,32,0,0.0,0.0,0.0,0.0,0.0,0.0,0,0,0,0,0.0,0.3411408134718042,3025900.225806451,7824279.163340813,2.6239883E7,0.0,9.3802907E7,3025900.225806451,7824279.163340813,2.6239883E7,0.0,0,0,0,0,0,0,0,0,0,0,0,0,0,0.3411408134718042,0.0,0.0,0.0,0.0,0.0,0.0,0,0,0,0,0,0,0,0,0.0,0.0,0.0,0.0,0,0,0,0,0,0,1,0,0,0,0,0,0,0,3776570.3333333335,18339.554583831454,3792960.0,3756762.0,2.6228808666666668E7,11681.161600343235,2.6239883E7,2.6216603E7,-1,-1,0,Scarab
192.168.1.4-192.168.1.5-49175-445-6,192.168.1.4,49175,192.168.1.5,445,6,1970-01-01 00:04:06.931512,119971931,28141,34718,1.803622E7,2.8770868E7,1460.0,0.0,640.9232081304818,642.0236224128074,1460.0,0.0,828.7017685350509,657.2205579779335,390150.3260791893,523.9475556995078,1908.6183302045904,8545.138308351303,1021137.0,0.0,1.19971528E8,4263.3805259416895,14216.689389945284,1242292.0,0.0,1.19971547E8,3455.7002909237817,12097.621870562205,1021137.0,0.0,14683,15521,0,0,0,0,562820,694360,234.5631996204179,289.38435607908986,0.0,1460.0,744.636217566311,657.1237886091675,431811.6735560659,0,0,0,30204,62859,0,0,0,1.233715930492875,744.6362175662991,640.9232081304858,828.7017685350538,8155,6,23285313,16500,11,8887493,0,286,0,457,0,254,23131,0,0,0,0,0,0,0,0,0,-1,-1,239972792,Scarab
192.168.1.4-130.206.193.109-49179-80-6,192.168.1.4,49179,130.206.193.109,80,6,1970-01-01 00:02:46.606646,87669384,236,915,7363.0,1304968.0,534.0,0.0,31.199152542372868,124.59831015264929,1460.0,0.0,1426.1945355191272,180.38606596093786,14969.091148170952,13.12887062147032,76234.24695652189,1168697.7111791624,3.0694745E7,11.0,8.7669384E7,373061.2085106381,2568193.3917541145,3.0694745E7,59.0,8.7609977E7,95853.36652078787,1329619.337241914,3.0997764E7,11.0,14,307,0,0,0,0,4732,18304,2.6919317694761036,10.436938851994215,0.0,1460.0,1140.1659426585575,588.6476168191926,346506.016786915,0,2,0,321,1150,0,0,0,3.8771186440677967,1140.1659426585577,31.199152542372882,1426.1945355191258,0,0,0,100334,70,1472583,0,6,0,1133,8192,31701,14,20,378204.75,165691.07182218158,614143.0,238478.0,1.790905E7,9527762.502576808,3.0694745E7,7915813.0,-1,-1,87669384,Scarab
8.6.0.1-8.0.6.4-0-0-0,8.6.0.1,0,8.0.6.4,0,0,1970-01-01 00:02:23.555112,58890436,2,0,0.0,0.0,0.0,0.0,0.0,0.0,0,0,0,0,0.0,0.03396137192803259,5.8890436E7,0.0,5.8890436E7,5.8890436E7,5.8890436E7,5.8890436E7,0.0,5.8890436E7,5.8890436E7,0,0,0,0,0,0,0,0,0,0,0,0,0,0.03396137192803259,0.0,0.0,0.0,0.0,0.0,0.0,0,0,0,0,0,0,0,0,0.0,0.0,0.0,0.0,0,0,0,0,0,0,1,0,0,0,0,0,0,0,0,0,0,0,5.8890436E7,0.0,5.8890436E7,5.8890436E7,-1,-1,0,Scarab
134.221.96.0-0.0.1.146-0-0-0,134.221.96.0,0,0.0.1.146,0,0,1970-01-01 00:04:47.931001,118874947,72,0,0.0,0.0,0.0,0.0,0.0,0.0,0,0,0,0,0.0,0.605678503478113,1674295.0281690145,1151928.7634703554,4563085.0,28472.0,1.18874947E8,1674295.0281690145,1151928.7634703554,4563085.0,28472.0,0,0,0,0,0,0,0,0,0,0,0,0,0,0.605678503478113,0.0,0.0,0.0,0.0,0.0,0.0,0,0,0,0,0,0,0,0,0.0,0.0,0.0,0.0,0,0,0,0,0,0,1,0,0,0,0,0,0,0,0,0,0,0,0,0,0,0,-1,-1,0,Scarab
134.221.96.0-0.0.0.104-0-0-0,134.221.96.0,0,0.0.0.104,0,0,1970-01-01 00:04:51.176247,113605778,24,0,0.0,0.0,0.0,0.0,0.0,0.0,0,0,0,0,0.0,0.21125686054454026,4939381.652173914,1633581.6113926594,6675067.0,3324948.0,1.13605778E8,4939381.652173914,1633581.6113926594,6675067.0,3324948.0,0,0,0,0,0,0,0,0,0,0,0,0,0,0.21125686054454026,0.0,0.0,0.0,0.0,0.0,0.0,0,0,0,0,0,0,0,0,0.0,0.0,0.0,0.0,0,0,0,0,0,0,1,0,0,0,0,0,0,0,3406713.5454545454,71970.16539283977,3536556.0,3324948.0,6606591.636363637,71838.416333147,6675067.0,6458744.0,-1,-1,0,Scarab
134.221.96.0-0.0.0.128-0-0-0,134.221.96.0,0,0.0.0.128,0,0,1970-01-01 00:04:51.177760,113605386,24,0,0.0,0.0,0.0,0.0,0.0,0.0,0,0,0,0,0.0,0.2112575894949206,4939364.608695651,1632337.2663741382,6675952.0,3324652.0,1.13605386E8,4939364.608695651,1632337.2663741382,6675952.0,3324652.0,0,0,0,0,0,0,0,0,0,0,0,0,0,0.2112575894949206,0.0,0.0,0.0,0.0,0.0,0.0,0,0,0,0,0,0,0,0,0.0,0.0,0.0,0.0,0,0,0,0,0,0,1,0,0,0,0,0,0,0,3408037.4545454546,72354.08457214232,3535433.0,3324652.0,6605283.818181818,72480.26277107188,6675952.0,6459595.0,-1,-1,0,Scarab
134.221.96.0-0.0.0.116-0-0-0,134.221.96.0,0,0.0.0.116,0,0,1970-01-01 00:04:51.178201,113605419,24,0,0.0,0.0,0.0,0.0,0.0,0.0,0,0,0,0,0.0,0.2112575281290059,4939366.043478261,1631947.3192166488,6680364.0,3318835.0,1.13605419E8,4939366.043478261,1631947.3192166488,6680364.0,3318835.0,0,0,0,0,0,0,0,0,0,0,0,0,0,0.2112575281290059,0.0,0.0,0.0,0.0,0.0,0.0,0,0,0,0,0,0,0,0,0.0,0.0,0.0,0.0,0,0,0,0,0,0,1,0,0,0,0,0,0,0,3408840.9090909087,81093.00849821095,3569584.0,3318835.0,6604499.545454545,81480.69779078179,6680364.0,6425557.0,-1,-1,0,Scarab
134.221.96.0-0.0.0.28-0-0-0,134.221.96.0,0,0.0.0.28,0,0,1970-01-01 00:04:51.178743,113605244,24,0,0.0,0.0,0.0,0.0,0.0,0.0,0,0,0,0,0.0,0.21125785355471796,4939358.434782608,1632104.5543290759,6680701.0,3318528.0,1.13605244E8,4939358.434782608,1632104.5543290759,6680701.0,3318528.0,0,0,0,0,0,0,0,0,0,0,0,0,0,0.21125785355471796,0.0,0.0,0.0,0.0,0.0,0.0,0,0,0,0,0,0,0,0,0.0,0.0,0.0,0.0,0,0,0,0,0,0,1,0,0,0,0,0,0,0,3408689.7272727275,81146.7431325385,3569530.0,3318528.0,6604650.181818182,81538.3341733424,6680701.0,6425585.0,-1,-1,0,Scarab
134.221.96.0-0.0.0.136-0-0-0,134.221.96.0,0,0.0.0.136,0,0,1970-01-01 00:04:51.179191,113605149,48,0,0.0,0.0,0.0,0.0,0.0,0.0,0,0,0,0,0.0,0.42251606042962014,2417130.829787234,2739034.2302852273,6680544.0,133.0,1.13605149E8,2417130.829787234,2739034.2302852273,6680544.0,133.0,0,0,0,0,0,0,0,0,0,0,0,0,0,0.42251606042962014,0.0,0.0,0.0,0.0,0.0,0.0,0,0,0,0,0,0,0,0,0.0,0.0,0.0,0.0,0,0,0,0,0,0,1,0,0,0,0,0,0,0,3408797.909090909,81125.00620210086,3569665.0,3318649.0,6604515.999999999,81553.6732293524,6680544.0,6425375.0,-1,-1,0,Scarab
134.221.96.0-0.0.0.194-0-0-0,134.221.96.0,0,0.0.0.194,0,0,1970-01-01 00:05:11.823920,119994976,33,0,0.0,0.0,0.0,0.0,0.0,0.0,0,0,0,0,0.0,0.2750115138153784,3749843.0,8722159.678999756,2.6232595E7,754.0,1.19994976E8,3749843.0,8722159.678999756,2.6232595E7,754.0,0,0,0,0,0,0,0,0,0,0,0,0,0,0.2750115138153784,0.0,0.0,0.0,0.0,0.0,0.0,0,0,0,0,0,0,0,0,0.0,0.0,0.0,0.0,0,0,0,0,0,0,1,0,0,0,0,0,0,0,3768546.0,7425.804692646688,3776179.0,3759214.0,2.6230198E7,2545.753719431634,2.6232595E7,2.6227572E7,-1,-1,0,Scarab
134.221.96.0-0.0.0.42-0-0-0,134.221.96.0,0,0.0.0.42,0,0,1970-01-01 00:05:11.825338,119995242,33,0,0.0,0.0,0.0,0.0,0.0,0.0,0,0,0,0,0.0,0.2750109041823508,3749851.312500001,8722797.867522173,2.6234541E7,711.0,1.19995242E8,3749851.312500001,8722797.867522173,2.6234541E7,711.0,0,0,0,0,0,0,0,0,0,0,0,0,0,0.2750109041823508,0.0,0.0,0.0,0.0,0.0,0.0,0,0,0,0,0,0,0,0,0.0,0.0,0.0,0.0,0,0,0,0,0,0,1,0,0,0,0,0,0,0,3767126.5,7701.16988948216,3775082.0,3758164.0,2.6231684E7,2911.606314963464,2.6234541E7,2.6229159E7,-1,-1,0,Scarab
192.168.1.4-239.255.255.250-1900-1900-17,192.168.1.4,1900,239.255.255.250,1900,17,1970-01-01 00:00:11.035508,8439724,18,0,8607.0,0.0,513.0,433.0,478.1666666666667,30.86069268407915,0,0,0,0,1019.8200794243983,2.1327711664504667,496454.35294117645,397262.20613216236,1252187.0,93255.0,8439724.0,496454.35294117645,397262.20613216236,1252187.0,93255.0,0,0,0,0,0,0,0,0,0,0,0,144,0,2.1327711664504667,0.0,433.0,513.0,478.1666666666667,30.86069268407915,952.3823529411765,0,0,0,0,0,0,0,0,0.0,478.1666666666667,478.1666666666667,0.0,2563,5,1871,0,0,0,1,478,0,0,0,0,17,8,0,0,0,0,0,0,0,0,-1,-1,0,Scarab
134.221.96.0-0.0.0.32-0-0-0,134.221.96.0,0,0.0.0.32,0,0,1970-01-01 00:05:09.430216,109500623,14,0,0.0,0.0,0.0,0.0,0.0,0.0,0,0,0,0,0.0,0.12785315385831184,8423124.846153846,1.1269752152674675E7,3.1012776E7,110.0,1.09500623E8,8423124.846153846,1.1269752152674675E7,3.1012776E7,110.0,0,0,0,0,0,0,0,0,0,0,0,0,0,0.12785315385831184,0.0,0.0,0.0,0.0,0.0,0.0,0,0,0,0,0,0,0,0,0.0,0.0,0.0,0.0,0,0,0,0,0,0,1,0,0,0,0,0,0,0,226.8,45.488460075056395,276.0,173.0,2.09024086E7,7697443.777367152,3.1012776E7,1.1020803E7,-1,-1,0,Scarab
192.168.1.4-192.168.1.5-49175-445-6,192.168.1.4,49175,192.168.1.5,445,6,1970-01-01 00:06:06.941733,119999916,32554,33788,2.1557208E7,2.4009857E7,1460.0,0.0,662.1984395158889,644.4953323864413,1460.0,0.0,710.6030839351208,651.6325714673873,379725.8074747319,552.8503869952709,1808.8348984790784,7462.8325050567855,440283.0,0.0,1.19996337E8,3686.1836697078684,11637.925890996394,637493.0,0.0,1.1999974E8,3551.6541865214376,10905.45384253564,440283.0,0.0,16831,17862,0,0,0,0,651080,675760,271.2835232317996,281.5668637634713,0.0,1460.0,686.8509390732952,648.5868366577764,420664.8846857412,0,0,0,34693,66342,0,0,0,1.0379062480801131,686.8509390732869,662.1984395158813,710.6030839351249,8084,5,27434612,8450,6,4583187,0,324,0,361,0,256,26945,0,0,0,0,0,0,0,0,0,-1,-1,360010998,Scarab
192.168.1.5-239.255.255.250-1900-1900-17,192.168.1.5,1900,239.255.255.250,1900,17,1970-01-01 00:01:04.185841,6045274,18,0,8607.0,0.0,513.0,433.0,478.16666666666663,30.86069268407916,0,0,0,0,1423.7568057295666,2.9775325320241897,355604.3529411764,995737.8193438988,3027885.0,18.0,6045274.0,355604.3529411764,995737.8193438988,3027885.0,18.0,0,0,0,0,0,0,0,0,0,0,0,144,0,2.9775325320241897,0.0,433.0,513.0,478.16666666666663,30.86069268407916,952.382352941177,0,0,0,0,0,0,0,0,0.0,478.1666666666667,478.1666666666667,0.0,2869,6,198798,0,0,0,1,478,0,0,0,0,17,8,0,0,0,0,0,0,0,0,-1,-1,0,Scarab
134.221.96.0-0.0.1.146-0-0-0,134.221.96.0,0,0.0.1.146,0,0,1970-01-01 00:06:48.870558,119436162,73,0,0.0,0.0,0.0,0.0,0.0,0.0,0,0,0,0,0.0,0.6112051725171812,1658835.5833333335,1185099.1832896145,4846661.0,790.0,1.19436162E8,1658835.5833333335,1185099.1832896145,4846661.0,790.0,0,0,0,0,0,0,0,0,0,0,0,0,0,0.6112051725171812,0.0,0.0,0.0,0.0,0.0,0.0,0,0,0,0,0,0,0,0,0.0,0.0,0.0,0.0,0,0,0,0,0,0,1,0,0,0,0,0,0,0,0,0,0,0,0,0,0,0,-1,-1,0,Scarab
134.221.96.0-0.0.0.104-0-0-0,134.221.96.0,0,0.0.0.104,0,0,1970-01-01 00:06:51.340680,113445442,24,0,0.0,0.0,0.0,0.0,0.0,0.0,0,0,0,0,0.0,0.21155543648902175,4932410.521739131,1659988.9735263542,6726727.0,3280058.0,1.13445442E8,4932410.521739131,1659988.9735263542,6726727.0,3280058.0,0,0,0,0,0,0,0,0,0,0,0,0,0,0.21155543648902175,0.0,0.0,0.0,0.0,0.0,0.0,0,0,0,0,0,0,0,0,0.0,0.0,0.0,0.0,0,0,0,0,0,0,1,0,0,0,0,0,0,0,3388004.454545454,54086.504949688846,3445549.0,3296593.0,6627030.454545455,60561.77443299289,6726727.0,6552898.0,-1,-1,0,Scarab
134.221.96.0-0.0.0.128-0-0-0,134.221.96.0,0,0.0.0.128,0,0,1970-01-01 00:06:51.342196,113445044,24,0,0.0,0.0,0.0,0.0,0.0,0.0,0,0,0,0,0.0,0.2115561786903622,4932393.217391305,1662382.5038762877,6728382.0,3278547.0,1.13445044E8,4932393.217391305,1662382.5038762877,6728382.0,3278547.0,0,0,0,0,0,0,0,0,0,0,0,0,0,0.2115561786903622,0.0,0.0,0.0,0.0,0.0,0.0,0,0,0,0,0,0,0,0,0.0,0.0,0.0,0.0,0,0,0,0,0,0,1,0,0,0,0,0,0,0,3385641.181818182,53175.94698323333,3445026.0,3294960.0,6629494.90909091,59416.084860000985,6728382.0,6553744.0,-1,-1,0,Scarab
134.221.96.0-0.0.0.116-0-0-0,134.221.96.0,0,0.0.0.116,0,0,1970-01-01 00:06:51.342607,113445583,24,0,0.0,0.0,0.0,0.0,0.0,0.0,0,0,0,0,0.0,0.21155517354959513,4932416.652173913,1666569.671331194,6738017.0,3269386.0,1.13445583E8,4932416.652173913,1666569.671331194,6738017.0,3269386.0,0,0,0,0,0,0,0,0,0,0,0,0,0,0.21155517354959513,0.0,0.0,0.0,0.0,0.0,0.0,0,0,0,0,0,0,0,0,0.0,0.0,0.0,0.0,0,0,0,0,0,0,1,0,0,0,0,0,0,0,3382214.727272727,52180.68534254957,3447334.0,3294936.0,6633803.181818182,59021.77062545339,6738017.0,6561922.0,-1,-1,0,Scarab
134.221.96.0-0.0.0.28-0-0-0,134.221.96.0,0,0.0.0.28,0,0,1970-01-01 00:06:51.343064,113445786,24,0,0.0,0.0,0.0,0.0,0.0,0.0,0,0,0,0,0.0,0.21155479499256147,4932425.478260869,1666810.1634433595,6739872.0,3267647.0,1.13445786E8,4932425.478260869,1666810.1634433595,6739872.0,3267647.0,0,0,0,0,0,0,0,0,0,0,0,0,0,0.21155479499256147,0.0,0.0,0.0,0.0,0.0,0.0,0,0,0,0,0,0,0,0,0.0,0.0,0.0,0.0,0,0,0,0,0,0,1,0,0,0,0,0,0,0,3382147.5454545454,52204.942983138346,3447435.0,3294940.0,6634046.909090909,59367.43872604659,6739872.0,6561869.0,-1,-1,0,Scarab
134.221.96.0-0.0.0.136-0-0-0,134.221.96.0,0,0.0.0.136,0,0,1970-01-01 00:06:51.343274,113445896,48,0,0.0,0.0,0.0,0.0,0.0,0.0,0,0,0,0,0.0,0.4231091797274006,2413742.4680851074,2745829.4235463864,6739810.0,131.0,1.13445896E8,2413742.4680851074,2745829.4235463864,6739810.0,131.0,0,0,0,0,0,0,0,0,0,0,0,0,0,0.4231091797274006,0.0,0.0,0.0,0.0,0.0,0.0,0,0,0,0,0,0,0,0,0.0,0.0,0.0,0.0,0,0,0,0,0,0,1,0,0,0,0,0,0,0,3382266.1818181816,52206.19252122899,3447549.0,3295062.0,6633935.0,59372.49228388515,6739810.0,6561698.0,-1,-1,0,Scarab
134.221.96.0-0.0.0.194-0-0-0,134.221.96.0,0,0.0.0.194,0,0,1970-01-01 00:07:11.825438,119989329,35,0,0.0,0.0,0.0,0.0,0.0,0.0,0,0,0,0,0.0,0.2916926054316047,3529097.9117647046,8500341.010774575,2.6241023E7,799.0,1.19989329E8,3529097.9117647046,8500341.010774575,2.6241023E7,799.0,0,0,0,0,0,0,0,0,0,0,0,0,0,0.2916926054316047,0.0,0.0,0.0,0.0,0.0,0.0,0,0,0,0,0,0,0,0,0.0,0.0,0.0,0.0,0,0,0,0,0,0,1,0,0,0,0,0,0,0,3767477.5,7923.935953804831,3777948.0,3759060.0,2.622815175E7,8716.487494971643,2.6241023E7,2.6221731E7,-1,-1,0,Scarab
134.221.96.0-0.0.0.42-0-0-0,134.221.96.0,0,0.0.0.42,0,0,1970-01-01 00:07:11.826060,119989128,35,0,0.0,0.0,0.0,0.0,0.0,0.0,0,0,0,0,0.0,0.2916930940609886,3529092.0000000005,8500789.986441318,2.624185E7,783.0,1.19989128E8,3529092.0000000005,8500789.986441318,2.624185E7,783.0,0,0,0,0,0,0,0,0,0,0,0,0,0,0.2916930940609886,0.0,0.0,0.0,0.0,0.0,0.0,0,0,0,0,0,0,0,0,0.0,0.0,0.0,0.0,0,0,0,0,0,0,1,0,0,0,0,0,0,0,3766393.75,8044.901589412648,3776975.0,3758502.0,2.622923125E7,8468.305079333566,2.624185E7,2.6224173E7,-1,-1,0,Scarab
134.221.96.0-0.0.0.32-0-0-0,134.221.96.0,0,0.0.0.32,0,0,1970-01-01 00:07:35.930307,110499848,14,0,0.0,0.0,0.0,0.0,0.0,0.0,0,0,0,0,0.0,0.12669700685923116,8499988.307692308,1.1962987054155046E7,3.4979721E7,138.0,1.10499848E8,8499988.307692308,1.1962987054155046E7,3.4979721E7,138.0,0,0,0,0,0,0,0,0,0,0,0,0,0,0.12669700685923116,0.0,0.0,0.0,0.0,0.0,0.0,0,0,0,0,0,0,0,0,0.0,0.0,0.0,0.0,0,0,0,0,0,0,1,0,0,0,0,0,0,0,704404.8,1574342.3635276097,3520674.0,138.0,2.13955362E7,9425652.524353722,3.4979721E7,1.1521325E7,-1,-1,0,Scarab
192.168.1.4-255.255.255.255-68-67-17,192.168.1.4,68,255.255.255.255,67,17,1970-01-01 00:04:21.122675,3003530,2,0,600.0,0.0,300.0,300.0,300.0,0.0,0,0,0,0,199.76494325010904,0.6658831441670301,3003530.0,0.0,3003530.0,3003530.0,3003530.0,3003530.0,0.0,3003530.0,3003530.0,0,0,0,0,0,0,0,0,0,0,0,16,0,0.6658831441670301,0.0,300.0,300.0,300.0,0.0,0.0,0,0,0,0,0,0,0,0,0.0,300.0,300.0,0.0,0,0,0,0,0,0,1,300,0,0,0,0,1,8,0,0,0,0,0,0,0,0,-1,-1,0,Scarab
192.168.1.4-192.168.1.5-49175-445-6,192.168.1.4,49175,192.168.1.5,445,6,1970-01-01 00:08:06.941843,119999932,47724,53703,3.2531015E7,4.228132E7,1460.0,0.0,681.6489606906385,648.9211901138234,1460.0,0.0,787.3176545071947,658.3089298850747,623436.478280671,845.2254789611047,1183.1279159190128,4500.791817666539,252097.0,0.0,1.19999487E8,2514.500073339899,6923.64317592686,459600.0,0.0,1.19999932E8,2234.5523816617415,6445.061280980267,252097.0,0.0,23894,25281,0,0,0,0,954480,1074060,397.700225363461,447.5252535976437,0.0,1460.0,737.5978289804494,656.0289427420413,430373.97371524054,0,0,0,49175,101427,0,0,0,1.1252828765401055,737.597828980449,681.6489606906379,787.317654507197,8238,6,31134424,11725,8,14722950,0,320,0,416,0,253,39289,0,0,0,0,0,0,0,0,0,-1,-1,480011124,Scarab
192.168.1.3-255.255.255.255-67-68-17,192.168.1.3,67,255.255.255.255,68,17,1970-01-01 00:00:07.685950,34473808,3,0,1644.0,0.0,548.0,548.0,548.0,0.0,0,0,0,0,47.688378376998564,0.08702258827919446,1.7236904E7,2.399545365910401E7,3.4204252E7,269556.0,3.4473808E7,1.7236904E7,2.399545365910401E7,3.4204252E7,269556.0,0,0,0,0,0,0,0,0,0,0,0,24,0,0.08702258827919446,0.0,548.0,548.0,548.0,0.0,0.0,0,0,0,0,0,0,0,0,0.0,548.0,548.0,0.0,0,0,0,0,0,0,1,548,0,0,0,0,2,8,269556.0,0.0,269556.0,269556.0,3.4204252E7,0.0,3.4204252E7,3.4204252E7,-1,-1,0,Scarab
192.168.1.4-224.0.0.22-0-0-0,192.168.1.4,0,224.0.0.22,0,0,1970-01-01 00:00:07.982500,2973307,11,0,0.0,0.0,0.0,0.0,0.0,0.0,0,0,0,0,0.0,3.699584334883683,297330.7,461446.1389581068,1538926.0,2616.0,2973307.0,297330.7,461446.1389581068,1538926.0,2616.0,0,0,0,0,0,0,0,0,0,0,0,0,0,3.699584334883683,0.0,0.0,0.0,0.0,0.0,0.0,0,0,0,0,0,0,0,0,0.0,0.0,0.0,0.0,0,0,0,0,0,0,1,0,0,0,0,0,0,0,0,0,0,0,0,0,0,0,-1,-1,0,Scarab
192.168.1.4-239.255.255.250-51818-1900-17,192.168.1.4,51818,239.255.255.250,1900,17,1970-01-01 00:00:10.761138,69806246,17,0,2225.0,0.0,133.0,123.0,130.88235294117646,3.966773766885007,0,0,0,0,31.873938615750802,0.24353121639000613,4362890.375,1.086616308144064E7,4.4780744E7,21003.0,6.9806246E7,4362890.375,1.086616308144064E7,4.4780744E7,21003.0,0,0,0,0,0,0,0,0,0,0,0,136,0,0.24353121639000613,0.0,123.0,133.0,130.88235294117646,3.966773766885007,15.735294117647069,0,0,0,0,0,0,0,0,0.0,130.88235294117646,130.88235294117646,0.0,580,4,809,0,0,0,1,130,0,0,0,0,16,8,1.8980031E7,0.0,1.8980031E7,1.8980031E7,4.4780744E7,0.0,4.4780744E7,4.4780744E7,-1,-1,0,Scarab
192.168.1.4-192.168.1.255-137-137-17,192.168.1.4,137,192.168.1.255,137,17,1970-01-01 00:05:01.311582,1492268,3,0,150.0,0.0,50.0,50.0,50.0,0.0,0,0,0,0,100.5181374927292,2.010362749854584,746134.0,6943.788591251897,751044.0,741224.0,1492268.0,746134.0,6943.788591251897,751044.0,741224.0,0,0,0,0,0,0,0,0,0,0,0,24,0,2.010362749854584,0.0,50.0,50.0,50.0,0.0,0.0,0,0,0,0,0,0,0,0,0.0,50.0,50.0,0.0,0,0,0,0,0,0,1,50,0,0,0,0,2,8,0,0,0,0,0,0,0,0,-1,-1,0,Scarab
192.168.1.5-224.0.0.22-0-0-0,192.168.1.5,0,224.0.0.22,0,0,1970-01-01 00:00:42.190311,3255008,11,0,0.0,0.0,0.0,0.0,0.0,0.0,0,0,0,0,0.0,3.379407976877476,325500.8,463658.35016572283,1523504.0,2588.0,3255008.0,325500.8,463658.35016572283,1523504.0,2588.0,0,0,0,0,0,0,0,0,0,0,0,0,0,3.379407976877476,0.0,0.0,0.0,0.0,0.0,0.0,0,0,0,0,0,0,0,0,0.0,0.0,0.0,0.0,0,0,0,0,0,0,1,0,0,0,0,0,0,0,0,0,0,0,0,0,0,0,-1,-1,0,Scarab
192.168.1.5-192.168.1.255-137-137-17,192.168.1.5,137,192.168.1.255,137,17,1970-01-01 00:00:45.169987,5237314,19,0,1238.0,0.0,68.0,50.0,65.15789473684211,6.743417843388196,0,0,0,0,236.38070965384168,3.6278137992108173,290961.8888888889,292089.9510748839,764298.0,10.0,5237314.0,290961.8888888889,292089.9510748839,764298.0,10.0,0,0,0,0,0,0,0,0,0,0,0,152,0,3.6278137992108173,0.0,50.0,68.0,65.15789473684211,6.743417843388196,45.47368421052631,0,0,0,0,0,0,0,0,0.0,65.15789473684211,65.15789473684211,0.0,1238,19,236,0,0,0,1,65,0,0,0,0,18,8,0,0,0,0,0,0,0,0,-1,-1,0,Scarab
192.168.1.5-239.255.255.250-61232-3702-17,192.168.1.5,61232,239.255.255.250,3702,17,1970-01-01 00:00:44.076243,4293344,4,0,3964.0,0.0,991.0,991.0,991.0,0.0,0,0,0,0,923.289631578555,0.931674703913779,1431114.6666666665,2154113.6772810607,3918274.0,160432.0,4293344.0,1431114.6666666665,2154113.6772810607,3918274.0,160432.0,0,0,0,0,0,0,0,0,0,0,0,32,0,0.931674703913779,0.0,991.0,991.0,991.0,0.0,0.0,0,0,0,0,0,0,0,0,0.0,991.0,991.0,0.0,0,0,0,0,0,0,1,991,0,0,0,0,3,8,0,0,0,0,0,0,0,0,-1,-1,0,Scarab
192.168.1.4-239.255.255.250-60114-3702-17,192.168.1.4,60114,239.255.255.250,3702,17,1970-01-01 00:00:15.450677,35495369,6,0,3936.0,0.0,656.0,656.0,656.0,0.0,0,0,0,0,110.88770481580288,0.16903613538994341,7099073.8,1.2439667304303367E7,2.8874838E7,89256.0,3.5495369E7,7099073.8,1.2439667304303367E7,2.8874838E7,89256.0,0,0,0,0,0,0,0,0,0,0,0,48,0,0.16903613538994341,0.0,656.0,656.0,656.0,0.0,0.0,0,0,0,0,0,0,0,0,0.0,656.0,656.0,0.0,0,0,0,0,0,0,1,656,0,0,0,0,5,8,147464.5,82319.2501453943,205673.0,89256.0,1.7483076E7,1.6110384319726454E7,2.8874838E7,6091314.0,-1,-1,0,Scarab
192.168.1.5-192.168.1.4-3702-60114-17,192.168.1.5,3702,192.168.1.4,60114,17,1970-01-01 00:00:44.588527,6559826,4,0,4944.0,0.0,1236.0,1236.0,1236.0,0.0,0,0,0,0,753.6785274487463,0.6097722713986621,2186608.6666666665,3328473.6316089896,6029828.0,233605.0,6559826.0,2186608.6666666665,3328473.6316089896,6029828.0,233605.0,0,0,0,0,0,0,0,0,0,0,0,32,0,0.6097722713986621,0.0,1236.0,1236.0,1236.0,0.0,0.0,0,0,0,0,0,0,0,0,0.0,1236.0,1236.0,0.0,0,0,0,0,0,0,1,1236,0,0,0,0,3,8,233605.0,0.0,233605.0,233605.0,6029828.0,0.0,6029828.0,6029828.0,-1,-1,0,Scarab
192.168.1.5-239.255.255.250-49211-1900-17,192.168.1.5,49211,239.255.255.250,1900,17,1970-01-01 00:02:45.823469,3000068,2,0,266.0,0.0,133.0,133.0,133.0,0.0,0,0,0,0,88.66465693444282,0.6666515558980662,3000068.0,0.0,3000068.0,3000068.0,3000068.0,3000068.0,0.0,3000068.0,3000068.0,0,0,0,0,0,0,0,0,0,0,0,16,0,0.6666515558980662,0.0,133.0,133.0,133.0,0.0,0.0,0,0,0,0,0,0,0,0,0.0,133.0,133.0,0.0,0,0,0,0,0,0,1,133,0,0,0,0,1,8,0,0,0,0,0,0,0,0,-1,-1,0,Scarab
134.221.96.0-0.0.1.146-0-0-0,134.221.96.0,0,0.0.1.146,0,0,1970-01-01 00:08:49.019211,116633037,71,0,0.0,0.0,0.0,0.0,0.0,0.0,0,0,0,0,0.0,0.6087469024749823,1666186.2428571428,1067010.0406069618,4532050.0,67038.0,1.16633037E8,1666186.2428571428,1067010.0406069618,4532050.0,67038.0,0,0,0,0,0,0,0,0,0,0,0,0,0,0.6087469024749823,0.0,0.0,0.0,0.0,0.0,0.0,0,0,0,0,0,0,0,0,0.0,0.0,0.0,0.0,0,0,0,0,0,0,1,0,0,0,0,0,0,0,0,0,0,0,0,0,0,0,-1,-1,0,Scarab
192.168.1.4-192.168.1.255-138-138-17,192.168.1.4,138,192.168.1.255,138,17,1970-01-01 00:07:48.209548,75017228,2,0,405.0,0.0,204.0,201.0,202.5,2.1213203435596424,0,0,0,0,5.398759868866389,0.026660542562303154,7.5017228E7,0.0,7.5017228E7,7.5017228E7,7.5017228E7,7.5017228E7,0.0,7.5017228E7,7.5017228E7,0,0,0,0,0,0,0,0,0,0,0,16,0,0.026660542562303154,0.0,201.0,204.0,202.5,2.1213203435596424,4.5,0,0,0,0,0,0,0,0,0.0,202.5,202.5,0.0,0,0,0,0,0,0,1,202,0,0,0,0,1,8,0,0,0,0,7.5017228E7,0.0,7.5017228E7,7.5017228E7,-1,-1,0,Scarab
134.221.96.0-0.0.0.104-0-0-0,134.221.96.0,0,0.0.0.104,0,0,1970-01-01 00:08:51.528580,113362179,24,0,0.0,0.0,0.0,0.0,0.0,0.0,0,0,0,0,0.0,0.2117108211196258,4928790.391304348,1855130.396021279,6899071.0,3103703.0,1.13362179E8,4928790.391304348,1855130.396021279,6899071.0,3103703.0,0,0,0,0,0,0,0,0,0,0,0,0,0,0.2117108211196258,0.0,0.0,0.0,0.0,0.0,0.0,0,0,0,0,0,0,0,0,0.0,0.0,0.0,0.0,0,0,0,0,0,0,1,0,0,0,0,0,0,0,3190130.0,52818.59204484725,3280359.0,3103703.0,6823065.636363636,56352.54135755138,6899071.0,6713509.0,-1,-1,0,Scarab
134.221.96.0-0.0.0.128-0-0-0,134.221.96.0,0,0.0.0.128,0,0,1970-01-01 00:08:51.529952,113363353,24,0,0.0,0.0,0.0,0.0,0.0,0.0,0,0,0,0,0.0,0.21170862862533715,4928841.434782609,1855576.003109224,6899780.0,3103182.0,1.13363353E8,4928841.434782609,1855576.003109224,6899780.0,3103182.0,0,0,0,0,0,0,0,0,0,0,0,0,0,0.21170862862533715,0.0,0.0,0.0,0.0,0.0,0.0,0,0,0,0,0,0,0,0,0.0,0.0,0.0,0.0,0,0,0,0,0,0,1,0,0,0,0,0,0,0,3189649.0,52827.134703672935,3279754.0,3103182.0,6823571.090909092,56350.48551246847,6899780.0,6714216.0,-1,-1,0,Scarab
134.221.96.0-0.0.0.116-0-0-0,134.221.96.0,0,0.0.0.116,0,0,1970-01-01 00:08:51.530410,113373368,24,0,0.0,0.0,0.0,0.0,0.0,0.0,0,0,0,0,0.0,0.2116899270382441,4929276.869565218,1855773.589205157,6912516.0,3103411.0,1.13373368E8,4929276.869565218,1855773.589205157,6912516.0,3103411.0,0,0,0,0,0,0,0,0,0,0,0,0,0,0.2116899270382441,0.0,0.0,0.0,0.0,0.0,0.0,0,0,0,0,0,0,0,0,0.0,0.0,0.0,0.0,0,0,0,0,0,0,1,0,0,0,0,0,0,0,3189188.1818181816,56251.48370810891,3299581.0,3103411.0,6824030.818181818,64471.615349420485,6912516.0,6680554.0,-1,-1,0,Scarab
134.221.96.0-0.0.0.28-0-0-0,134.221.96.0,0,0.0.0.28,0,0,1970-01-01 00:08:51.531645,113373334,24,0,0.0,0.0,0.0,0.0,0.0,0.0,0,0,0,0,0.0,0.21168999052281554,4929275.391304348,1855840.4402006785,6912293.0,3103684.0,1.13373334E8,4929275.391304348,1855840.4402006785,6912293.0,3103684.0,0,0,0,0,0,0,0,0,0,0,0,0,0,0.21168999052281554,0.0,0.0,0.0,0.0,0.0,0.0,0,0,0,0,0,0,0,0,0.0,0.0,0.0,0.0,0,0,0,0,0,0,1,0,0,0,0,0,0,0,3189076.0,56084.6348263052,3299525.0,3103684.0,6824102.545454545,64285.09488110535,6912293.0,6680862.0,-1,-1,0,Scarab
134.221.96.0-0.0.0.136-0-0-0,134.221.96.0,0,0.0.0.136,0,0,1970-01-01 00:08:51.531880,113374588,48,0,0.0,0.0,0.0,0.0,0.0,0.0,0,0,0,0,0.0,0.4233752981752842,2412225.2765957443,2801798.029992888,6912139.0,130.0,1.13374588E8,2412225.2765957443,2801798.029992888,6912139.0,130.0,0,0,0,0,0,0,0,0,0,0,0,0,0,0.4233752981752842,0.0,0.0,0.0,0.0,0.0,0.0,0,0,0,0,0,0,0,0,0.0,0.0,0.0,0.0,0,0,0,0,0,0,1,0,0,0,0,0,0,0,3189207.5454545454,56121.587073716364,3299746.0,3103761.0,6823966.636363637,64325.98205122529,6912139.0,6680625.0,-1,-1,0,Scarab
134.221.96.0-0.0.0.194-0-0-0,134.221.96.0,0,0.0.0.194,0,0,1970-01-01 00:09:15.574586,116254274,32,0,0.0,0.0,0.0,0.0,0.0,0.0,0,0,0,0,0.0,0.27525869715551277,3750137.8709677416,8871950.247198604,2.6255107E7,752.0,1.16254274E8,3750137.8709677416,8871950.247198604,2.6255107E7,752.0,0,0,0,0,0,0,0,0,0,0,0,0,0,0.27525869715551277,0.0,0.0,0.0,0.0,0.0,0.0,0,0,0,0,0,0,0,0,0.0,0.0,0.0,0.0,0,0,0,0,0,0,1,0,0,0,0,0,0,0,2815661.0,1871837.2456220654,3763363.0,7933.0,2.62461345E7,7660.029612649462,2.6255107E7,2.6238831E7,-1,-1,0,Scarab
134.221.96.0-0.0.0.42-0-0-0,134.221.96.0,0,0.0.0.42,0,0,1970-01-01 00:09:15.576066,116253208,34,0,0.0,0.0,0.0,0.0,0.0,0.0,0,0,0,0,0.0,0.292465047502173,3522824.4848484844,7972420.790059897,2.6255112E7,721.0,1.16253208E8,3522824.4848484844,7972420.790059897,2.6255112E7,721.0,0,0,0,0,0,0,0,0,0,0,0,0,0,0.292465047502173,0.0,0.0,0.0,0.0,0.0,0.0,0,0,0,0,0,0,0,0,0.0,0.0,0.0,0.0,0,0,0,0,0,0,1,0,0,0,0,0,0,0,2885738.0,1629189.407952464,3763578.0,6757.0,2.03635452E7,8918324.340486823,2.6255112E7,6132541.0,-1,-1,0,Scarab
134.221.96.0-0.0.0.32-0-0-0,134.221.96.0,0,0.0.0.32,0,0,1970-01-01 00:09:59.455362,113977817,14,0,0.0,0.0,0.0,0.0,0.0,0.0,0,0,0,0,0.0,0.12283091893223398,8767524.384615384,1.3343190852458451E7,3.649006E7,163.0,1.13977817E8,8767524.384615384,1.3343190852458451E7,3.649006E7,163.0,0,0,0,0,0,0,0,0,0,0,0,0,0,0.12283091893223398,0.0,0.0,0.0,0.0,0.0,0.0,0,0,0,0,0,0,0,0,0.0,0.0,0.0,0.0,0,0,0,0,0,0,1,0,0,0,0,0,0,0,2124776.0,2462499.6257077213,4513240.0,332.0,2.636963575E7,1.0297565879602952E7,3.649006E7,1.3012828E7,-1,-1,0,Scarab
8.6.0.1-8.0.6.4-0-0-0,8.6.0.1,0,8.0.6.4,0,0,1970-01-01 00:10:17.067090,140105,2,0,0.0,0.0,0.0,0.0,0.0,0.0,0,0,0,0,0.0,14.275008029692016,140105.0,0.0,140105.0,140105.0,140105.0,140105.0,0.0,140105.0,140105.0,0,0,0,0,0,0,0,0,0,0,0,0,0,14.275008029692016,0.0,0.0,0.0,0.0,0.0,0.0,0,0,0,0,0,0,0,0,0.0,0.0,0.0,0.0,0,0,0,0,0,0,1,0,0,0,0,0,0,0,0,0,0,0,0,0,0,0,-1,-1,0,Scarab
192.168.1.4-172.217.16.227-49183-443-6,192.168.1.4,49183,172.217.16.227,443,6,1970-01-01 00:10:42.709048,719992,9,8,1993.0,6003.0,1097.0,0.0,221.44444444444446,382.9106002421163,1460.0,0.0,750.375,729.0853247146631,11105.678951988357,23.61137345970511,44999.5,74987.1727555231,242350.0,0.0,719992.0,89999.0,101319.10925811154,244404.0,0.0,461458.0,65922.57142857143,71623.65825353413,204490.0,257.0,4,4,0,0,0,0,192,164,12.500138890432117,11.111234569272993,0.0,1460.0,470.3529411764706,616.3815722805629,379926.24264705874,0,2,0,8,16,0,0,0,0.8888888888888888,470.3529411764706,221.44444444444446,750.375,0,0,0,0,0,0,0,117,0,353,8192,32768,4,20,0,0,0,0,0,0,0,0,-1,-1,719992,Scarab
192.168.1.4-192.168.1.5-49184-445-6,192.168.1.4,49184,192.168.1.5,445,6,1970-01-01 00:10:44.768902,119971891,27435,37524,1.8166519E7,3.4001187E7,1460.0,0.0,662.1658100965875,645.887680464956,1460.0,0.0,906.1184042212973,649.7093821386395,434832.73927890323,541.4518305792146,1846.9147910957902,11150.192028668005,787540.0,0.0,1.19971891E8,4373.109681417194,19941.12698302752,1065570.0,0.0,1.19970347E8,3197.248274391699,15372.479181653478,787540.0,0.0,13839,14537,0,0,0,0,548708,750488,228.67856604844212,312.77326453077245,0.0,1460.0,803.0866546590966,659.1996563791326,434544.1869703666,0,2,0,28376,64958,0,0,0,1.367741935483871,803.0866546590927,662.1658100965919,906.1184042212984,8210,6,17848581,21869,15,8752229,0,279,0,523,8192,63191,22363,20,0,0,0,0,0,0,0,0,-1,-1,119971891,Scarab
134.221.96.0-0.0.1.146-0-0-0,134.221.96.0,0,0.0.1.146,0,0,1970-01-01 00:10:49.285670,117662731,72,0,0.0,0.0,0.0,0.0,0.0,0.0,0,0,0,0,0.0,0.6119184841970055,1657221.5633802817,964532.420712466,4714397.0,16546.0,1.17662731E8,1657221.5633802817,964532.420712466,4714397.0,16546.0,0,0,0,0,0,0,0,0,0,0,0,0,0,0.6119184841970055,0.0,0.0,0.0,0.0,0.0,0.0,0,0,0,0,0,0,0,0,0.0,0.0,0.0,0.0,0,0,0,0,0,0,1,0,0,0,0,0,0,0,0,0,0,0,0,0,0,0,-1,-1,0,Scarab
134.221.96.0-0.0.0.104-0-0-0,134.221.96.0,0,0.0.0.104,0,0,1970-01-01 00:10:51.720675,113183582,24,0,0.0,0.0,0.0,0.0,0.0,0.0,0,0,0,0,0.0,0.2120448882771708,4921025.304347826,2060212.1680353356,7153745.0,2847067.0,1.13183582E8,4921025.304347826,2060212.1680353356,7153745.0,2847067.0,0,0,0,0,0,0,0,0,0,0,0,0,0,0.2120448882771708,0.0,0.0,0.0,0.0,0.0,0.0,0,0,0,0,0,0,0,0,0.0,0.0,0.0,0.0,0,0,0,0,0,0,1,0,0,0,0,0,0,0,3008624.272727273,125057.41574900004,3165599.0,2848441.0,7021968.0,117097.48196011741,7153745.0,6853851.0,-1,-1,0,Scarab
134.221.96.0-0.0.0.128-0-0-0,134.221.96.0,0,0.0.0.128,0,0,1970-01-01 00:10:51.721930,113183241,24,0,0.0,0.0,0.0,0.0,0.0,0.0,0,0,0,0,0.0,0.21204552712887945,4921010.478260871,2060087.394321457,7153722.0,2844364.0,1.13183241E8,4921010.478260871,2060087.394321457,7153722.0,2844364.0,0,0,0,0,0,0,0,0,0,0,0,0,0,0.21204552712887945,0.0,0.0,0.0,0.0,0.0,0.0,0,0,0,0,0,0,0,0,0.0,0.0,0.0,0.0,0,0,0,0,0,0,1,0,0,0,0,0,0,0,3008558.909090909,122051.09509582832,3164844.0,2844364.0,7021995.818181818,113797.86905985381,7153722.0,6844667.0,-1,-1,0,Scarab
134.221.96.0-0.0.0.116-0-0-0,134.221.96.0,0,0.0.0.116,0,0,1970-01-01 00:10:51.722374,113183353,24,0,0.0,0.0,0.0,0.0,0.0,0.0,0,0,0,0,0.0,0.21204531730032772,4921015.347826088,2061035.9798159674,7158465.0,2830493.0,1.13183353E8,4921015.347826088,2061035.9798159674,7158465.0,2830493.0,0,0,0,0,0,0,0,0,0,0,0,0,0,0.21204531730032772,0.0,0.0,0.0,0.0,0.0,0.0,0,0,0,0,0,0,0,0,0.0,0.0,0.0,0.0,0,0,0,0,0,0,1,0,0,0,0,0,0,0,3007665.9090909087,123916.33163667691,3165131.0,2830493.0,7022883.7272727275,115317.64232769496,7158465.0,6844537.0,-1,-1,0,Scarab
134.221.96.0-0.0.0.28-0-0-0,134.221.96.0,0,0.0.0.28,0,0,1970-01-01 00:10:51.723221,113182900,24,0,0.0,0.0,0.0,0.0,0.0,0.0,0,0,0,0,0.0,0.21204616598443757,4920995.652173913,2064441.8159081957,7194418.0,2794529.0,1.131829E8,4920995.652173913,2064441.8159081957,7194418.0,2794529.0,0,0,0,0,0,0,0,0,0,0,0,0,0,0.21204616598443757,0.0,0.0,0.0,0.0,0.0,0.0,0,0,0,0,0,0,0,0,0.0,0.0,0.0,0.0,0,0,0,0,0,0,1,0,0,0,0,0,0,0,3004428.0909090913,129374.63631133779,3164687.0,2794529.0,7026080.636363637,119962.96568297458,7194418.0,6844631.0,-1,-1,0,Scarab
134.221.96.0-0.0.0.136-0-0-0,134.221.96.0,0,0.0.0.136,0,0,1970-01-01 00:10:51.723389,113183208,48,0,0.0,0.0,0.0,0.0,0.0,0.0,0,0,0,0,0.0,0.4240911779068853,2408153.3617021274,2867767.2986002653,7214029.0,117.0,1.13183208E8,2408153.3617021274,2867767.2986002653,7214029.0,117.0,0,0,0,0,0,0,0,0,0,0,0,0,0,0.4240911779068853,0.0,0.0,0.0,0.0,0.0,0.0,0,0,0,0,0,0,0,0,0.0,0.0,0.0,0.0,0,0,0,0,0,0,1,0,0,0,0,0,0,0,3002837.1818181816,132704.4450670876,3164792.0,2774899.0,7027694.090909092,122895.98535546588,7214029.0,6844435.0,-1,-1,0,Scarab
134.221.96.0-0.0.0.194-0-0-0,134.221.96.0,0,0.0.0.194,0,0,1970-01-01 00:11:15.578964,119999546,33,0,0.0,0.0,0.0,0.0,0.0,0.0,0,0,0,0,0.0,0.2750010404206029,3749985.8124999995,8766705.957172247,2.6388669E7,884.0,1.19999546E8,3749985.8124999995,8766705.957172247,2.6388669E7,884.0,0,0,0,0,0,0,0,0,0,0,0,0,0,0.2750010404206029,0.0,0.0,0.0,0.0,0.0,0.0,0,0,0,0,0,0,0,0,0.0,0.0,0.0,0.0,0,0,0,0,0,0,1,0,0,0,0,0,0,0,2733224.75,1813573.893771885,3665309.0,13191.0,2.636476575E7,26971.522962499686,2.6388669E7,2.6339418E7,-1,-1,0,Scarab
134.221.96.0-0.0.0.42-0-0-0,134.221.96.0,0,0.0.0.42,0,0,1970-01-01 00:11:15.580328,119999496,33,0,0.0,0.0,0.0,0.0,0.0,0.0,0,0,0,0,0.0,0.27500115500485106,3749984.2500000005,8767356.446533334,2.6390025E7,777.0,1.19999496E8,3749984.2500000005,8767356.446533334,2.6390025E7,777.0,0,0,0,0,0,0,0,0,0,0,0,0,0,0.27500115500485106,0.0,0.0,0.0,0.0,0.0,0.0,0,0,0,0,0,0,0,0,0.0,0.0,0.0,0.0,0,0,0,0,0,0,1,0,0,0,0,0,0,0,2732244.5,1813369.4114887347,3664076.0,12517.0,2.636574375E7,26971.043526653695,2.6390025E7,2.6340297E7,-1,-1,0,Scarab
134.221.96.0-0.0.0.32-0-0-0,134.221.96.0,0,0.0.0.32,0,0,1970-01-01 00:12:16.455864,90495486,12,0,0.0,0.0,0.0,0.0,0.0,0.0,0,0,0,0,0.0,0.13260329913030136,8226862.363636363,1.3870789037543662E7,3.7999826E7,130.0,9.0495486E7,8226862.363636363,1.3870789037543662E7,3.7999826E7,130.0,0,0,0,0,0,0,0,0,0,0,0,0,0,0.13260329913030136,0.0,0.0,0.0,0.0,0.0,0.0,0,0,0,0,0,0,0,0,0.0,0.0,0.0,0.0,0,0,0,0,0,0,1,0,0,0,0,0,0,0,1661723.0,2877775.5720335455,4984692.0,130.0,2.7663044E7,1.3068205408093799E7,3.7999826E7,1.2974086E7,-1,-1,0,Scarab
192.168.1.4-192.168.1.5-49184-445-6,192.168.1.4,49184,192.168.1.5,445,6,1970-01-01 00:12:44.773483,119988705,36108,52820,2.1447942E7,4.8051279E7,1460.0,0.0,593.9941841143295,628.444164044456,1460.0,0.0,909.7175123059416,648.7985776421958,579214.6935830335,741.1364261327765,1349.2944212669047,7723.109315173051,867988.0,0.0,1.19981916E8,3322.954440967127,13696.946121734929,1073197.0,0.0,1.19988705E8,2271.695885950133,10712.241198906082,867988.0,0.0,19430,20660,0,0,0,0,722160,1056400,300.9283248785792,440.20810125419723,0.0,1460.0,781.5223664087858,659.1051256440976,434419.56665032165,0,0,0,40090,88928,0,0,0,1.4628337210590452,781.5223664087802,593.9941841143237,909.7175123059448,8134,6,17091727,27579,19,13140410,0,241,0,540,0,63567,29179,0,0,0,0,0,0,0,0,0,-1,-1,239993286,Scarab
134.221.96.0-0.0.1.146-0-0-0,134.221.96.0,0,0.0.1.146,0,0,1970-01-01 00:12:49.652697,118867882,73,0,0.0,0.0,0.0,0.0,0.0,0.0,0,0,0,0,0.0,0.6141272038480504,1650942.8055555555,1074686.7226841482,4187674.0,14236.0,1.18867882E8,1650942.8055555555,1074686.7226841482,4187674.0,14236.0,0,0,0,0,0,0,0,0,0,0,0,0,0,0.6141272038480504,0.0,0.0,0.0,0.0,0.0,0.0,0,0,0,0,0,0,0,0,0.0,0.0,0.0,0.0,0,0,0,0,0,0,1,0,0,0,0,0,0,0,0,0,0,0,0,0,0,0,-1,-1,0,Scarab
134.221.96.0-0.0.0.104-0-0-0,134.221.96.0,0,0.0.0.104,0,0,1970-01-01 00:12:52.032699,112874622,24,0,0.0,0.0,0.0,0.0,0.0,0.0,0,0,0,0,0.0,0.2126252967651134,4907592.2608695645,2271450.1204483532,7271951.0,2731323.0,1.12874622E8,4907592.2608695645,2271450.1204483532,7271951.0,2731323.0,0,0,0,0,0,0,0,0,0,0,0,0,0,0.2126252967651134,0.0,0.0,0.0,0.0,0.0,0.0,0,0,0,0,0,0,0,0,0.0,0.0,0.0,0.0,0,0,0,0,0,0,1,0,0,0,0,0,0,0,2785431.090909091,40656.46696272194,2871622.0,2752274.0,7227596.090909091,31879.593245380485,7271951.0,7167389.0,-1,-1,0,Scarab
134.221.96.0-0.0.0.128-0-0-0,134.221.96.0,0,0.0.0.128,0,0,1970-01-01 00:12:52.034700,112873544,24,0,0.0,0.0,0.0,0.0,0.0,0.0,0,0,0,0,0.0,0.21262732744530463,4907545.391304347,2270299.152040736,7271748.0,2731580.0,1.12873544E8,4907545.391304347,2270299.152040736,7271748.0,2731580.0,0,0,0,0,0,0,0,0,0,0,0,0,0,0.21262732744530463,0.0,0.0,0.0,0.0,0.0,0.0,0,0,0,0,0,0,0,0,0.0,0.0,0.0,0.0,0,0,0,0,0,0,1,0,0,0,0,0,0,0,2786520.3636363638,39636.23787211073,2870607.0,2752314.0,7226385.454545454,31169.057131596746,7271748.0,7168252.0,-1,-1,0,Scarab
134.221.96.0-0.0.0.116-0-0-0,134.221.96.0,0,0.0.0.116,0,0,1970-01-01 00:12:52.035153,112873614,24,0,0.0,0.0,0.0,0.0,0.0,0.0,0,0,0,0,0.0,0.21262719558177698,4907548.434782608,2271541.1507477555,7271454.0,2731651.0,1.12873614E8,4907548.434782608,2271541.1507477555,7271454.0,2731651.0,0,0,0,0,0,0,0,0,0,0,0,0,0,0.21262719558177698,0.0,0.0,0.0,0.0,0.0,0.0,0,0,0,0,0,0,0,0,0.0,0.0,0.0,0.0,0,0,0,0,0,0,1,0,0,0,0,0,0,0,2785245.909090909,40019.97427399111,2870677.0,2744585.0,7227659.818181817,30501.636827613664,7271454.0,7173082.0,-1,-1,0,Scarab
134.221.96.0-0.0.0.28-0-0-0,134.221.96.0,0,0.0.0.28,0,0,1970-01-01 00:12:52.035752,112873421,24,0,0.0,0.0,0.0,0.0,0.0,0.0,0,0,0,0,0.0,0.21262755914875656,4907540.04347826,2271660.6836306597,7271632.0,2731452.0,1.12873421E8,4907540.04347826,2271660.6836306597,7271632.0,2731452.0,0,0,0,0,0,0,0,0,0,0,0,0,0,0.21262755914875656,0.0,0.0,0.0,0.0,0.0,0.0,0,0,0,0,0,0,0,0,0.0,0.0,0.0,0.0,0,0,0,0,0,0,1,0,0,0,0,0,0,0,2785134.4545454546,40157.77974281859,2870623.0,2743675.0,7227771.818181819,30583.350724922697,7271632.0,7173076.0,-1,-1,0,Scarab
134.221.96.0-0.0.0.136-0-0-0,134.221.96.0,0,0.0.0.136,0,0,1970-01-01 00:12:52.036041,112873458,48,0,0.0,0.0,0.0,0.0,0.0,0.0,0,0,0,0,0.0,0.42525497889858216,2401562.9361702134,2935404.173260424,7271439.0,115.0,1.12873458E8,2401562.9361702134,2935404.173260424,7271439.0,115.0,0,0,0,0,0,0,0,0,0,0,0,0,0,0.42525497889858216,0.0,0.0,0.0,0.0,0.0,0.0,0,0,0,0,0,0,0,0,0.0,0.0,0.0,0.0,0,0,0,0,0,0,1,0,0,0,0,0,0,0,2785166.909090909,40166.168967066114,2870649.0,2743465.0,7227728.7272727275,30556.71555351091,7271439.0,7173021.0,-1,-1,0,Scarab
192.168.1.4-239.255.255.250-1900-1900-17,192.168.1.4,1900,239.255.255.250,1900,17,1970-01-01 00:07:35.049183,8460379,18,0,8607.0,0.0,513.0,433.0,478.1666666666667,30.86069268407915,0,0,0,0,1017.3303110889004,2.1275642616010466,497669.3529411765,405503.0690076435,1265364.0,70364.0,8460379.0,497669.3529411765,405503.0690076435,1265364.0,70364.0,0,0,0,0,0,0,0,0,0,0,0,144,0,2.1275642616010466,0.0,433.0,513.0,478.1666666666667,30.86069268407915,952.3823529411765,0,0,0,0,0,0,0,0,0.0,478.1666666666667,478.1666666666667,0.0,2563,5,1876,0,0,0,1,478,0,0,0,0,17,8,0,0,0,0,0,0,0,0,-1,-1,0,Scarab
134.221.96.0-0.0.0.194-0-0-0,134.221.96.0,0,0.0.0.194,0,0,1970-01-01 00:13:15.607025,116394644,31,0,0.0,0.0,0.0,0.0,0.0,0.0,0,0,0,0,0.0,0.26633527913878924,3879821.466666666,9047951.1228266,2.6420024E7,752.0,1.16394644E8,3879821.466666666,9047951.1228266,2.6420024E7,752.0,0,0,0,0,0,0,0,0,0,0,0,0,0,0.26633527913878924,0.0,0.0,0.0,0.0,0.0,0.0,0,0,0,0,0,0,0,0,0.0,0.0,0.0,0.0,0,0,0,0,0,0,1,0,0,0,0,0,0,0,2699409.0,1796472.659956913,3615959.0,4801.0,2.6397299E7,19015.735133480026,2.6420024E7,2.6374014E7,-1,-1,0,Scarab
134.221.96.0-0.0.0.42-0-0-0,134.221.96.0,0,0.0.0.42,0,0,1970-01-01 00:13:15.607950,116394077,31,0,0.0,0.0,0.0,0.0,0.0,0.0,0,0,0,0,0.0,0.26633657655964743,3879802.5666666673,9048624.093120936,2.6422627E7,712.0,1.16394077E8,3879802.5666666673,9048624.093120936,2.6422627E7,712.0,0,0,0,0,0,0,0,0,0,0,0,0,0,0.26633657655964743,0.0,0.0,0.0,0.0,0.0,0.0,0,0,0,0,0,0,0,0,0.0,0.0,0.0,0.0,0,0,0,0,0,0,1,0,0,0,0,0,0,0,2698077.0,1795838.9946339845,3615123.0,4429.0,2.639887775E7,19532.977062308415,2.6422627E7,2.6375331E7,-1,-1,0,Scarab
192.168.1.5-239.255.255.250-1900-1900-17,192.168.1.5,1900,239.255.255.250,1900,17,1970-01-01 00:08:28.212544,6018625,18,0,8607.0,0.0,513.0,433.0,478.16666666666674,30.860692684079144,0,0,0,0,1430.0608527695279,2.9907163180959104,354036.76470588235,989401.5857089154,2982891.0,533.0,6018625.0,354036.76470588235,989401.5857089154,2982891.0,533.0,0,0,0,0,0,0,0,0,0,0,0,144,0,2.9907163180959104,0.0,433.0,513.0,478.16666666666674,30.860692684079144,952.382352941176,0,0,0,0,0,0,0,0,0.0,478.1666666666667,478.1666666666667,0.0,2869,6,161606,0,0,0,1,478,0,0,0,0,17,8,0,0,0,0,0,0,0,0,-1,-1,0,Scarab
192.168.1.4-192.168.1.5-49184-445-6,192.168.1.4,49184,192.168.1.5,445,6,1970-01-01 00:14:44.775102,119982058,34626,51314,2.0659752E7,4.7043521E7,1460.0,0.0,596.654306012818,628.8296465127635,1460.0,0.0,916.7775071130671,646.9502764201983,564278.3106787517,716.2737615319118,1396.130487904205,7924.247890367641,773032.0,0.0,1.1998173E8,3465.1763176895374,14662.750821004876,980148.0,0.0,1.19976166E8,2338.1241790579543,10665.873337112076,773032.0,0.0,18691,19886,0,0,0,0,692520,1026280,288.59314948573393,427.68061204617777,0.0,1460.0,787.7969862694918,658.6952977705514,433879.4953050353,0,0,0,38577,85940,0,0,0,1.4819499797839775,787.7969862694904,596.6543060128228,916.7775071130685,8410,6,34121401,26126,18,10385080,0,240,0,547,63824,63486,28103,20,0,0,0,0,0,0,0,0,-1,-1,359988258,Scarab
134.221.96.0-0.0.0.32-0-0-0,134.221.96.0,0,0.0.0.32,0,0,1970-01-01 00:14:20.430809,109004889,14,0,0.0,0.0,0.0,0.0,0.0,0.0,0,0,0,0,0.0,0.12843460626798123,8384991.461538463,1.1160851780964522E7,3.1513644E7,112.0,1.09004889E8,8384991.461538463,1.1160851780964522E7,3.1513644E7,112.0,0,0,0,0,0,0,0,0,0,0,0,0,0,0.12843460626798123,0.0,0.0,0.0,0.0,0.0,0.0,0,0,0,0,0,0,0,0,0.0,0.0,0.0,0.0,0,0,0,0,0,0,1,0,0,0,0,0,0,0,186.8,50.78090192188398,252.0,112.0,2.08030734E7,7417195.373888522,3.1513644E7,1.3485974E7,-1,-1,0,Scarab
134.221.96.0-0.0.0.104-0-0-0,134.221.96.0,0,0.0.0.104,0,0,1970-01-01 00:14:52.175802,112728699,24,0,0.0,0.0,0.0,0.0,0.0,0.0,0,0,0,0,0.0,0.2129005320996386,4901247.782608696,2389178.5463811224,7417296.0,2582409.0,1.12728699E8,4901247.782608696,2389178.5463811224,7417296.0,2582409.0,0,0,0,0,0,0,0,0,0,0,0,0,0,0.2129005320996386,0.0,0.0,0.0,0.0,0.0,0.0,0,0,0,0,0,0,0,0,0.0,0.0,0.0,0.0,0,0,0,0,0,0,1,0,0,0,0,0,0,0,2671935.5454545454,42588.61720780243,2732008.0,2582623.0,7341363.545454545,45499.148223595934,7417296.0,7266757.0,-1,-1,0,Scarab
134.221.96.0-0.0.0.128-0-0-0,134.221.96.0,0,0.0.0.128,0,0,1970-01-01 00:14:52.177189,112728096,24,0,0.0,0.0,0.0,0.0,0.0,0.0,0,0,0,0,0.0,0.2129016709374742,4901221.5652173925,2389677.5669189007,7418283.0,2581502.0,1.12728096E8,4901221.5652173925,2389677.5669189007,7418283.0,2581502.0,0,0,0,0,0,0,0,0,0,0,0,0,0,0.2129016709374742,0.0,0.0,0.0,0.0,0.0,0.0,0,0,0,0,0,0,0,0,0.0,0.0,0.0,0.0,0,0,0,0,0,0,1,0,0,0,0,0,0,0,2671397.6363636362,42845.53162296551,2731523.0,2581502.0,7341845.181818182,45582.90264302645,7418283.0,7267055.0,-1,-1,0,Scarab
134.221.96.0-0.0.0.116-0-0-0,134.221.96.0,0,0.0.0.116,0,0,1970-01-01 00:14:52.177610,112728185,24,0,0.0,0.0,0.0,0.0,0.0,0.0,0,0,0,0,0.0,0.21290150284953138,4901225.4347826075,2389627.818421975,7418475.0,2581305.0,1.12728185E8,4901225.4347826075,2389627.818421975,7418475.0,2581305.0,0,0,0,0,0,0,0,0,0,0,0,0,0,0.21290150284953138,0.0,0.0,0.0,0.0,0.0,0.0,0,0,0,0,0,0,0,0,0.0,0.0,0.0,0.0,0,0,0,0,0,0,1,0,0,0,0,0,0,0,2671477.3636363638,42956.26082952927,2731643.0,2581305.0,7341795.818181818,45691.87288964676,7418475.0,7266851.0,-1,-1,0,Scarab
134.221.96.0-0.0.0.28-0-0-0,134.221.96.0,0,0.0.0.28,0,0,1970-01-01 00:14:52.178175,112727970,24,0,0.0,0.0,0.0,0.0,0.0,0.0,0,0,0,0,0.0,0.21290190890512797,4901216.086956522,2389981.197033641,7419823.0,2580186.0,1.1272797E8,4901216.086956522,2389981.197033641,7419823.0,2580186.0,0,0,0,0,0,0,0,0,0,0,0,0,0,0.21290190890512797,0.0,0.0,0.0,0.0,0.0,0.0,0,0,0,0,0,0,0,0,0.0,0.0,0.0,0.0,0,0,0,0,0,0,1,0,0,0,0,0,0,0,2671137.1818181816,43291.13976743537,2731352.0,2580186.0,7342142.272727273,45975.59296429123,7419823.0,7267071.0,-1,-1,0,Scarab
134.221.96.0-0.0.0.136-0-0-0,134.221.96.0,0,0.0.0.136,0,0,1970-01-01 00:14:52.178393,112728128,48,0,0.0,0.0,0.0,0.0,0.0,0.0,0,0,0,0,0.0,0.4258032210026587,2398470.8085106383,2977301.225981003,7419652.0,115.0,1.12728128E8,2398470.8085106383,2977301.225981003,7419652.0,115.0,0,0,0,0,0,0,0,0,0,0,0,0,0,0.4258032210026587,0.0,0.0,0.0,0.0,0.0,0.0,0,0,0,0,0,0,0,0,0.0,0.0,0.0,0.0,0,0,0,0,0,0,1,0,0,0,0,0,0,0,2671280.9090909087,43296.03490495293,2731405.0,2580328.0,7341997.2727272725,45983.70094738123,7419652.0,7266887.0,-1,-1,0,Scarab
134.221.96.0-0.0.1.146-0-0-0,134.221.96.0,0,0.0.1.146,0,0,1970-01-01 00:14:50.368699,119656580,73,0,0.0,0.0,0.0,0.0,0.0,0.0,0,0,0,0,0.0,0.6100792785486598,1661896.9444444443,998807.7683848724,3943190.0,21529.0,1.1965658E8,1661896.9444444443,998807.7683848724,3943190.0,21529.0,0,0,0,0,0,0,0,0,0,0,0,0,0,0.6100792785486598,0.0,0.0,0.0,0.0,0.0,0.0,0,0,0,0,0,0,0,0,0.0,0.0,0.0,0.0,0,0,0,0,0,0,1,0,0,0,0,0,0,0,0,0,0,0,0,0,0,0,-1,-1,0,Scarab
134.221.96.0-0.0.0.194-0-0-0,134.221.96.0,0,0.0.0.194,0,0,1970-01-01 00:15:15.670566,119922782,36,0,0.0,0.0,0.0,0.0,0.0,0.0,0,0,0,0,0.0,0.30019316930122586,3426365.1999999997,8457100.091191236,2.6476201E7,787.0,1.19922782E8,3426365.1999999997,8457100.091191236,2.6476201E7,787.0,0,0,0,0,0,0,0,0,0,0,0,0,0,0.30019316930122586,0.0,0.0,0.0,0.0,0.0,0.0,0,0,0,0,0,0,0,0,0.0,0.0,0.0,0.0,0,0,0,0,0,0,1,0,0,0,0,0,0,0,2674561.25,1777272.7997774896,3581150.0,8722.0,2.64234985E7,53797.87736518979,2.6476201E7,2.6352197E7,-1,-1,0,Scarab
134.221.96.0-0.0.0.42-0-0-0,134.221.96.0,0,0.0.0.42,0,0,1970-01-01 00:15:15.671964,119921997,36,0,0.0,0.0,0.0,0.0,0.0,0.0,0,0,0,0,0.0,0.3001951343422008,3426342.77142857,8457673.694868265,2.647748E7,842.0,1.19921997E8,3426342.77142857,8457673.694868265,2.647748E7,842.0,0,0,0,0,0,0,0,0,0,0,0,0,0,0.3001951343422008,0.0,0.0,0.0,0.0,0.0,0.0,0,0,0,0,0,0,0,0,0.0,0.0,0.0,0.0,0,0,0,0,0,0,1,0,0,0,0,0,0,0,2673280.0,1777070.5410971546,3579585.0,7743.0,2.64248885E7,53643.586994781275,2.647748E7,2.6354006E7,-1,-1,0,Scarab
192.168.1.4-192.168.1.5-49184-445-6,192.168.1.4,49184,192.168.1.5,445,6,1970-01-01 00:16:44.967270,119603997,37360,45428,2.618578E7,3.898871E7,1460.0,0.0,700.9041755888635,652.1332912201397,1460.0,0.0,858.2528396583563,656.236385110186,544918.9963108005,692.1842252479238,1444.7195453392271,7798.530670416598,830783.0,0.0,1.19402484E8,3196.083514012688,13511.060554950602,831534.0,0.0,1.19337132E8,2627.008871376053,10713.843679850823,830783.0,0.0,18091,19021,0,0,0,0,747200,908560,312.3641428137222,379.8200824342016,0.0,1460.0,787.2456153065733,659.0518709788397,434349.36864070914,0,0,0,37112,82788,0,0,0,1.2159528907922912,787.2456153065662,700.9041755888651,858.2528396583605,8242,6,52336694,15734,11,15589767,0,316,0,470,63160,63170,30640,20,0,0,0,0,0,0,0,0,-1,-1,479802365,Scarab
134.221.96.0-0.0.0.104-0-0-0,134.221.96.0,0,0.0.0.104,0,0,1970-01-01 00:16:52.347693,112574407,24,0,0.0,0.0,0.0,0.0,0.0,0.0,0,0,0,0,0.0,0.21319232887453718,4894539.434782608,2568305.5727484613,7602429.0,2395748.0,1.12574407E8,4894539.434782608,2568305.5727484613,7602429.0,2395748.0,0,0,0,0,0,0,0,0,0,0,0,0,0,0.21319232887453718,0.0,0.0,0.0,0.0,0.0,0.0,0,0,0,0,0,0,0,0,0.0,0.0,0.0,0.0,0,0,0,0,0,0,1,0,0,0,0,0,0,0,2499074.4545454546,67104.22245039973,2592086.0,2398790.0,7517167.2727272725,68225.50991687924,7602429.0,7421624.0,-1,-1,0,Scarab
134.221.96.0-0.0.0.128-0-0-0,134.221.96.0,0,0.0.0.128,0,0,1970-01-01 00:16:52.349168,112574355,24,0,0.0,0.0,0.0,0.0,0.0,0.0,0,0,0,0,0.0,0.21319242735168237,4894537.173913045,2569439.184856186,7609601.0,2391745.0,1.12574355E8,4894537.173913045,2569439.184856186,7609601.0,2391745.0,0,0,0,0,0,0,0,0,0,0,0,0,0,0.21319242735168237,0.0,0.0,0.0,0.0,0.0,0.0,0,0,0,0,0,0,0,0,0.0,0.0,0.0,0.0,0,0,0,0,0,0,1,0,0,0,0,0,0,0,2497981.4545454546,68024.65801217032,2591228.0,2391745.0,7518302.454545454,69087.514625095,7609601.0,7422098.0,-1,-1,0,Scarab
134.221.96.0-0.0.0.116-0-0-0,134.221.96.0,0,0.0.0.116,0,0,1970-01-01 00:16:52.349595,112574552,24,0,0.0,0.0,0.0,0.0,0.0,0.0,0,0,0,0,0.0,0.21319205427528595,4894545.739130435,2571247.101681139,7630185.0,2371173.0,1.12574552E8,4894545.739130435,2571247.101681139,7630185.0,2371173.0,0,0,0,0,0,0,0,0,0,0,0,0,0,0.21319205427528595,0.0,0.0,0.0,0.0,0.0,0.0,0,0,0,0,0,0,0,0,0.0,0.0,0.0,0.0,0,0,0,0,0,0,1,0,0,0,0,0,0,0,2496203.6363636362,71452.19081493968,2591120.0,2371173.0,7520080.727272727,72059.61189749943,7630185.0,7421956.0,-1,-1,0,Scarab
134.221.96.0-0.0.0.28-0-0-0,134.221.96.0,0,0.0.0.28,0,0,1970-01-01 00:16:52.350656,112573983,24,0,0.0,0.0,0.0,0.0,0.0,0.0,0,0,0,0,0.0,0.21319313184468208,4894521.0,2571670.0427116514,7631550.0,2369904.0,1.12573983E8,4894521.0,2571670.0427116514,7631550.0,2369904.0,0,0,0,0,0,0,0,0,0,0,0,0,0,0.21319313184468208,0.0,0.0,0.0,0.0,0.0,0.0,0,0,0,0,0,0,0,0,0.0,0.0,0.0,0.0,0,0,0,0,0,0,1,0,0,0,0,0,0,0,2495746.9090909087,71616.1672437928,2590731.0,2369904.0,7520485.0,72201.42041816104,7631550.0,7422434.0,-1,-1,0,Scarab
134.221.96.0-0.0.0.136-0-0-0,134.221.96.0,0,0.0.0.136,0,0,1970-01-01 00:16:52.350878,112574080,48,0,0.0,0.0,0.0,0.0,0.0,0.0,0,0,0,0,0.0,0.42638589629157975,2395193.191489361,3046080.264625255,7631556.0,131.0,1.1257408E8,2395193.191489361,3046080.264625255,7631556.0,131.0,0,0,0,0,0,0,0,0,0,0,0,0,0,0.42638589629157975,0.0,0.0,0.0,0.0,0.0,0.0,0,0,0,0,0,0,0,0,0.0,0.0,0.0,0.0,0,0,0,0,0,0,1,0,0,0,0,0,0,0,2495864.7272727275,71559.19843750478,2590818.0,2369904.0,7520364.090909091,72141.90259267447,7631556.0,7422418.0,-1,-1,0,Scarab
134.221.96.0-0.0.1.146-0-0-0,134.221.96.0,0,0.0.1.146,0,0,1970-01-01 00:16:52.457582,118760954,73,0,0.0,0.0,0.0,0.0,0.0,0.0,0,0,0,0,0.0,0.6146801414208916,1649457.6944444445,1153470.0648989507,4350122.0,59932.0,1.18760954E8,1649457.6944444445,1153470.0648989507,4350122.0,59932.0,0,0,0,0,0,0,0,0,0,0,0,0,0,0.6146801414208916,0.0,0.0,0.0,0.0,0.0,0.0,0,0,0,0,0,0,0,0,0.0,0.0,0.0,0.0,0,0,0,0,0,0,1,0,0,0,0,0,0,0,0,0,0,0,0,0,0,0,-1,-1,0,Scarab
134.221.96.0-0.0.0.32-0-0-0,134.221.96.0,0,0.0.0.32,0,0,1970-01-01 00:16:46.930436,110500180,14,0,0.0,0.0,0.0,0.0,0.0,0.0,0,0,0,0,0.0,0.12669662619554103,8500013.846153846,1.1796505095222043E7,3.3975395E7,125.0,1.1050018E8,8500013.846153846,1.1796505095222043E7,3.3975395E7,125.0,0,0,0,0,0,0,0,0,0,0,0,0,0,0.12669662619554103,0.0,0.0,0.0,0.0,0.0,0.0,0,0,0,0,0,0,0,0,0.0,0.0,0.0,0.0,0,0,0,0,0,0,1,0,0,0,0,0,0,0,505007.2,1128747.4391841162,2524172.0,125.0,2.1594985E7,8231907.647319757,3.3975395E7,1.2515291E7,-1,-1,0,Scarab
134.221.96.0-0.0.0.194-0-0-0,134.221.96.0,0,0.0.0.194,0,0,1970-01-01 00:17:42.046595,93534983,32,0,0.0,0.0,0.0,0.0,0.0,0.0,0,0,0,0,0.0,0.34211798595184434,3017257.5161290327,7888857.920263014,2.6464521E7,0.0,9.3534983E7,3017257.5161290327,7888857.920263014,2.6464521E7,0.0,0,0,0,0,0,0,0,0,0,0,0,0,0,0.34211798595184434,0.0,0.0,0.0,0.0,0.0,0.0,0,0,0,0,0,0,0,0,0.0,0.0,0.0,0.0,0,0,0,0,0,0,1,0,0,0,0,0,0,0,3545414.0,11400.133464131022,3558371.0,3536923.0,2.6454757E7,8457.724339324379,2.6464521E7,2.6449698E7,-1,-1,0,Scarab
134.221.96.0-0.0.0.42-0-0-0,134.221.96.0,0,0.0.0.42,0,0,1970-01-01 00:17:42.048720,93533208,32,0,0.0,0.0,0.0,0.0,0.0,0.0,0,0,0,0,0.0,0.3421244783991585,3017200.258064516,7889144.138037692,2.6464179E7,0.0,9.3533208E7,3017200.258064516,7889144.138037692,2.6464179E7,0.0,0,0,0,0,0,0,0,0,0,0,0,0,0,0.3421244783991585,0.0,0.0,0.0,0.0,0.0,0.0,0,0,0,0,0,0,0,0,0.0,0.0,0.0,0.0,0,0,0,0,0,0,1,0,0,0,0,0,0,0,3544073.3333333335,11516.945486253433,3557080.0,3535170.0,2.6455389333333332E7,7633.874005597245,2.6464179E7,2.6450418E7,-1,-1,0,Scarab
192.168.1.4-239.255.255.250-51818-1900-17,192.168.1.4,51818,239.255.255.250,1900,17,1970-01-01 00:10:17.510922,15059154,6,0,798.0,0.0,133.0,133.0,133.0,0.0,0,0,0,0,52.99102459540556,0.39842875635643277,3011830.8,16422.199234572698,3039633.0,2999120.0,1.5059154E7,3011830.8,16422.199234572698,3039633.0,2999120.0,0,0,0,0,0,0,0,0,0,0,0,48,0,0.39842875635643277,0.0,133.0,133.0,133.0,0.0,0.0,0,0,0,0,0,0,0,0,0.0,133.0,133.0,0.0,0,0,0,0,0,0,1,133,0,0,0,0,5,8,0,0,0,0,0,0,0,0,-1,-1,0,Scarab
134.221.96.0-0.0.1.214-0-0-0,134.221.96.0,0,0.0.1.214,0,0,1970-01-01 00:00:46.818513,2828322,2,0,0.0,0.0,0.0,0.0,0.0,0.0,0,0,0,0,0.0,0.7071330633499298,2828322.0,0.0,2828322.0,2828322.0,2828322.0,2828322.0,0.0,2828322.0,2828322.0,0,0,0,0,0,0,0,0,0,0,0,0,0,0.7071330633499298,0.0,0.0,0.0,0.0,0.0,0.0,0,0,0,0,0,0,0,0,0.0,0.0,0.0,0.0,0,0,0,0,0,0,1,0,0,0,0,0,0,0,0,0,0,0,0,0,0,0,-1,-1,0,Scarab
192.168.1.3-255.255.255.255-67-68-17,192.168.1.3,67,255.255.255.255,68,17,1970-01-01 00:10:17.164314,27152625,3,0,1644.0,0.0,548.0,548.0,548.0,0.0,0,0,0,0,60.5466322316903,0.11048655516731808,1.35763125E7,1.877826921376527E7,2.6854554E7,298071.0,2.7152625E7,1.35763125E7,1.877826921376527E7,2.6854554E7,298071.0,0,0,0,0,0,0,0,0,0,0,0,24,0,0.11048655516731808,0.0,548.0,548.0,548.0,0.0,0.0,0,0,0,0,0,0,0,0,0.0,548.0,548.0,0.0,0,0,0,0,0,0,1,548,0,0,0,0,2,8,0,0,0,0,2.6854554E7,0.0,2.6854554E7,2.6854554E7,-1,-1,0,Scarab
192.168.1.4-224.0.0.22-0-0-0,192.168.1.4,0,224.0.0.22,0,0,1970-01-01 00:10:17.182672,762789,6,0,0.0,0.0,0.0,0.0,0.0,0.0,0,0,0,0,0.0,7.865871164896189,152557.8,175198.11145586017,411335.0,836.0,762789.0,152557.8,175198.11145586017,411335.0,836.0,0,0,0,0,0,0,0,0,0,0,0,0,0,7.865871164896189,0.0,0.0,0.0,0.0,0.0,0.0,0,0,0,0,0,0,0,0,0.0,0.0,0.0,0.0,0,0,0,0,0,0,1,0,0,0,0,0,0,0,0,0,0,0,0,0,0,0,-1,-1,0,Scarab
192.168.1.5-224.0.0.22-0-0-0,192.168.1.5,0,224.0.0.22,0,0,1970-01-01 00:10:44.436089,3498150,7,0,0.0,0.0,0.0,0.0,0.0,0.0,0,0,0,0,0.0,2.001057701928162,583025.0,766119.3123275251,2074945.0,1104.0,3498150.0,583025.0,766119.3123275251,2074945.0,1104.0,0,0,0,0,0,0,0,0,0,0,0,0,0,2.001057701928162,0.0,0.0,0.0,0.0,0.0,0.0,0,0,0,0,0,0,0,0,0.0,0.0,0.0,0.0,0,0,0,0,0,0,1,0,0,0,0,0,0,0,0,0,0,0,0,0,0,0,-1,-1,0,Scarab
192.168.1.5-239.255.255.250-49211-1900-17,192.168.1.5,49211,239.255.255.250,1900,17,1970-01-01 00:10:45.066215,15019760,6,0,798.0,0.0,133.0,133.0,133.0,0.0,0,0,0,0,53.13001006673875,0.3994737599002914,3003952.0,20383.713400653993,3039971.0,2991093.0,1.501976E7,3003952.0,20383.713400653993,3039971.0,2991093.0,0,0,0,0,0,0,0,0,0,0,0,48,0,0.3994737599002914,0.0,133.0,133.0,133.0,0.0,0.0,0,0,0,0,0,0,0,0,0.0,133.0,133.0,0.0,0,0,0,0,0,0,1,133,0,0,0,0,5,8,0,0,0,0,0,0,0,0,-1,-1,0,Scarab
192.168.1.4-192.168.1.5-49184-445-6,192.168.1.4,49184,192.168.1.5,445,6,1970-01-01 00:18:45.186152,119995414,33748,40295,2.1824987E7,3.219007E7,1460.0,0.0,646.7046047173129,640.5380783729794,1460.0,0.0,798.8601563469366,657.8309337698043,450142.6779526758,617.0485815399579,1620.6398260446795,11320.173103672336,1920482.0,0.0,1.19994358E8,3555.704447802783,18461.9332466276,1921043.0,0.0,1.19995295E8,2977.9941182310135,16606.778316952023,2121017.0,0.0,17671,18842,0,0,0,0,674960,805900,281.2440815446497,335.80449999530816,0.0,1460.0,729.5092986507833,654.4042339915246,428244.9014660341,0,0,0,36513,74043,0,0,0,1.1939966812848168,729.509298650784,646.7046047173166,798.8601563469413,8253,6,47000309,13966,10,7456473,0,294,0,434,0,64123,27854,0,0,0,0,0,0,0,0,0,-1,-1,600412664,Scarab
134.221.96.0-0.0.0.64-0-0-0,134.221.96.0,0,0.0.0.64,0,0,1970-01-01 00:10:51.701193,3180193,2,0,0.0,0.0,0.0,0.0,0.0,0.0,0,0,0,0,0.0,0.6288926489681601,3180193.0,0.0,3180193.0,3180193.0,3180193.0,3180193.0,0.0,3180193.0,3180193.0,0,0,0,0,0,0,0,0,0,0,0,0,0,0.6288926489681601,0.0,0.0,0.0,0.0,0.0,0.0,0,0,0,0,0,0,0,0,0.0,0.0,0.0,0.0,0,0,0,0,0,0,1,0,0,0,0,0,0,0,0,0,0,0,0,0,0,0,-1,-1,0,Scarab
134.221.96.0-0.0.0.104-0-0-0,134.221.96.0,0,0.0.0.104,0,0,1970-01-01 00:18:52.560596,112369602,24,0,0.0,0.0,0.0,0.0,0.0,0.0,0,0,0,0,0.0,0.21358089352314338,4885634.869565217,2829670.927233417,7877406.0,2133584.0,1.12369602E8,4885634.869565217,2829670.927233417,7877406.0,2133584.0,0,0,0,0,0,0,0,0,0,0,0,0,0,0.21358089352314338,0.0,0.0,0.0,0.0,0.0,0.0,0,0,0,0,0,0,0,0,0.0,0.0,0.0,0.0,0,0,0,0,0,0,1,0,0,0,0,0,0,0,2246169.909090909,70373.16466587897,2364139.0,2144618.0,7775286.2727272725,67862.23300642407,7877406.0,7654876.0,-1,-1,0,Scarab
134.221.96.0-0.0.0.128-0-0-0,134.221.96.0,0,0.0.0.128,0,0,1970-01-01 00:18:52.562318,112369503,24,0,0.0,0.0,0.0,0.0,0.0,0.0,0,0,0,0,0.0,0.21358108169260126,4885630.565217392,2831470.7338573397,7874738.0,2133967.0,1.12369503E8,4885630.565217392,2831470.7338573397,7874738.0,2133967.0,0,0,0,0,0,0,0,0,0,0,0,0,0,0.21358108169260126,0.0,0.0,0.0,0.0,0.0,0.0,0,0,0,0,0,0,0,0,0.0,0.0,0.0,0.0,0,0,0,0,0,0,1,0,0,0,0,0,0,0,2244274.090909091,70083.74601069007,2363292.0,2146625.0,7777138.2727272725,66950.99696508025,7874738.0,7659133.0,-1,-1,0,Scarab
134.221.96.0-0.0.0.116-0-0-0,134.221.96.0,0,0.0.0.116,0,0,1970-01-01 00:18:52.562793,112369488,24,0,0.0,0.0,0.0,0.0,0.0,0.0,0,0,0,0,0.0,0.21358111020315407,4885629.9130434785,2835732.1921243314,7874640.0,2134044.0,1.12369488E8,4885629.9130434785,2835732.1921243314,7874640.0,2134044.0,0,0,0,0,0,0,0,0,0,0,0,0,0,0.21358111020315407,0.0,0.0,0.0,0.0,0.0,0.0,0,0,0,0,0,0,0,0,0.0,0.0,0.0,0.0,0,0,0,0,0,0,1,0,0,0,0,0,0,0,2239925.3636363638,71815.01595943958,2363537.0,2141490.0,7781478.636363637,66992.63816311868,7874640.0,7658866.0,-1,-1,0,Scarab
134.221.96.0-0.0.0.28-0-0-0,134.221.96.0,0,0.0.0.28,0,0,1970-01-01 00:18:52.563313,112370926,24,0,0.0,0.0,0.0,0.0,0.0,0.0,0,0,0,0,0.0,0.21357837702610016,4885692.434782608,2835493.956035668,7875216.0,2135062.0,1.12370926E8,4885692.434782608,2835493.956035668,7875216.0,2135062.0,0,0,0,0,0,0,0,0,0,0,0,0,0,0.21357837702610016,0.0,0.0,0.0,0.0,0.0,0.0,0,0,0,0,0,0,0,0,0.0,0.0,0.0,0.0,0,0,0,0,0,0,1,0,0,0,0,0,0,0,2240157.5454545454,72407.00756192545,2366545.0,2141348.0,7781284.636363637,67658.23965678213,7875216.0,7655914.0,-1,-1,0,Scarab
134.221.96.0-0.0.0.136-0-0-0,134.221.96.0,0,0.0.0.136,0,0,1970-01-01 00:18:52.563616,112371183,48,0,0.0,0.0,0.0,0.0,0.0,0.0,0,0,0,0,0.0,0.42715577711769753,2390876.234042553,3152631.663971844,7875045.0,132.0,1.12371183E8,2390876.234042553,3152631.663971844,7875045.0,132.0,0,0,0,0,0,0,0,0,0,0,0,0,0,0.42715577711769753,0.0,0.0,0.0,0.0,0.0,0.0,0,0,0,0,0,0,0,0,0.0,0.0,0.0,0.0,0,0,0,0,0,0,1,0,0,0,0,0,0,0,2240233.3636363638,72344.54109367586,2366583.0,2141535.0,7781201.818181818,67590.65606845097,7875045.0,7656161.0,-1,-1,0,Scarab
134.221.96.0-0.0.1.146-0-0-0,134.221.96.0,0,0.0.1.146,0,0,1970-01-01 00:18:53.557079,119640097,73,0,0.0,0.0,0.0,0.0,0.0,0.0,0,0,0,0,0.0,0.6101633301082997,1661668.0138888885,1036408.1906870193,3339423.0,15393.0,1.19640097E8,1661668.0138888885,1036408.1906870193,3339423.0,15393.0,0,0,0,0,0,0,0,0,0,0,0,0,0,0.6101633301082997,0.0,0.0,0.0,0.0,0.0,0.0,0,0,0,0,0,0,0,0,0.0,0.0,0.0,0.0,0,0,0,0,0,0,1,0,0,0,0,0,0,0,0,0,0,0,0,0,0,0,-1,-1,0,Scarab
192.168.1.4-192.168.1.5-1900-49211-17,192.168.1.4,1900,192.168.1.5,49211,17,1970-01-01 00:00:45.975355,4063295,2,0,892.0,0.0,446.0,446.0,446.0,0.0,0,0,0,0,219.52627116662708,0.4922113703287603,4063295.0,0.0,4063295.0,4063295.0,4063295.0,4063295.0,0.0,4063295.0,4063295.0,0,0,0,0,0,0,0,0,0,0,0,16,0,0.4922113703287603,0.0,446.0,446.0,446.0,0.0,0.0,0,0,0,0,0,0,0,0,0.0,446.0,446.0,0.0,0,0,0,0,0,0,1,446,0,0,0,0,1,8,0,0,0,0,0,0,0,0,-1,-1,0,Scarab
134.221.96.0-0.0.0.194-0-0-0,134.221.96.0,0,0.0.0.194,0,0,1970-01-01 00:19:42.066814,93516184,32,0,0.0,0.0,0.0,0.0,0.0,0.0,0,0,0,0,0.0,0.34218675988746505,3016651.096774194,7899264.476597859,2.650125E7,782.0,9.3516184E7,3016651.096774194,7899264.476597859,2.650125E7,782.0,0,0,0,0,0,0,0,0,0,0,0,0,0,0.34218675988746505,0.0,0.0,0.0,0.0,0.0,0.0,0,0,0,0,0,0,0,0,0.0,0.0,0.0,0.0,0,0,0,0,0,0,1,0,0,0,0,0,0,0,3508805.3333333335,9160.949859776187,3515999.0,3498492.0,2.6490256E7,10086.951372937217,2.650125E7,2.6481428E7,-1,-1,0,Scarab
134.221.96.0-0.0.0.42-0-0-0,134.221.96.0,0,0.0.0.42,0,0,1970-01-01 00:19:42.068316,93515199,34,0,0.0,0.0,0.0,0.0,0.0,0.0,0,0,0,0,0.0,0.36357726191653617,2833793.909090909,6933967.204949308,2.6502602E7,731.0,9.3515199E7,2833793.909090909,6933967.204949308,2.6502602E7,731.0,0,0,0,0,0,0,0,0,0,0,0,0,0,0.36357726191653617,0.0,0.0,0.0,0.0,0.0,0.0,0,0,0,0,0,0,0,0,0.0,0.0,0.0,0.0,0,0,0,0,0,0,1,0,0,0,0,0,0,0,3161443.0,691839.2567376713,3514814.0,2123745.0,1.93379305E7,9207725.20933028,2.6502602E7,7210731.0,-1,-1,0,Scarab
134.221.96.0-0.0.0.32-0-0-0,134.221.96.0,0,0.0.0.32,0,0,1970-01-01 00:19:07.463225,117575436,16,0,0.0,0.0,0.0,0.0,0.0,0.0,0,0,0,0,0.0,0.13608284642040366,7838362.400000001,1.3823556352390617E7,3.8002718E7,154.0,1.17575436E8,7838362.400000001,1.3823556352390617E7,3.8002718E7,154.0,0,0,0,0,0,0,0,0,0,0,0,0,0,0.13608284642040366,0.0,0.0,0.0,0.0,0.0,0.0,0,0,0,0,0,0,0,0,0.0,0.0,0.0,0.0,0,0,0,0,0,0,1,0,0,0,0,0,0,0,31381.8,69635.76745250964,155950.0,154.0,2.34431704E7,1.4567881346925307E7,3.8002718E7,7469847.0,-1,-1,0,Scarab
134.221.96.0-0.0.0.20-0-0-0,134.221.96.0,0,0.0.0.20,0,0,1970-01-01 00:19:47.772603,77319887,19,0,0.0,0.0,0.0,0.0,0.0,0.0,0,0,0,0,0.0,0.245732381890315,4295549.277777777,1.6158303235674042E7,6.8592678E7,163.0,7.7319887E7,4295549.277777777,1.6158303235674042E7,6.8592678E7,163.0,0,0,0,0,0,0,0,0,0,0,0,0,0,0.245732381890315,0.0,0.0,0.0,0.0,0.0,0.0,0,0,0,0,0,0,0,0,0.0,0.0,0.0,0.0,0,0,0,0,0,0,1,0,0,0,0,0,0,0,370698.0,0.0,370698.0,370698.0,3.83465065E7,4.277454594516258E7,6.8592678E7,8100335.0,-1,-1,0,Scarab
192.168.1.4-239.255.255.250-1900-1900-17,192.168.1.4,1900,239.255.255.250,1900,17,1970-01-01 00:14:59.065807,8482459,18,0,8607.0,0.0,513.0,433.0,478.1666666666667,30.86069268407915,0,0,0,0,1014.6821811929772,2.1220261718919007,498968.17647058825,401405.2090679746,1257631.0,91755.0,8482459.0,498968.17647058825,401405.2090679746,1257631.0,91755.0,0,0,0,0,0,0,0,0,0,0,0,144,0,2.1220261718919007,0.0,433.0,513.0,478.1666666666667,30.86069268407915,952.3823529411765,0,0,0,0,0,0,0,0,0.0,478.1666666666667,478.1666666666667,0.0,2563,5,1853,0,0,0,1,478,0,0,0,0,17,8,0,0,0,0,0,0,0,0,-1,-1,0,Scarab
192.168.1.4-192.168.1.5-49184-445-6,192.168.1.4,49184,192.168.1.5,445,6,1970-01-01 00:20:45.195668,119996758,33047,41507,2.1837161E7,3.5268567E7,1460.0,0.0,660.7910249039289,645.0459424674971,1460.0,0.0,849.7016647794385,656.4408138281311,475893.9237341729,621.3001187915427,1609.549689482656,8847.767980302246,817827.0,0.0,1.19996758E8,3631.203716032222,15356.14024044767,905976.0,0.0,1.19995911E8,2891.0497518431253,12136.11527355353,817827.0,0.0,16777,17818,0,0,0,0,660940,830140,275.3991070325417,345.90101175900105,0.0,1460.0,765.9646430775045,658.1354044565279,433142.2105991576,0,0,0,34595,74554,0,0,0,1.2559990316821497,765.9646430775009,660.7910249039247,849.7016647794349,8246,6,25718397,16711,11,9052447,0,292,0,473,64240,62953,27052,20,0,0,0,0,0,0,0,0,-1,-1,720423524,Scarab
192.168.1.4-192.168.1.255-138-138-17,192.168.1.4,138,192.168.1.255,138,17,1970-01-01 00:10:50.827743,117396997,2,0,405.0,0.0,204.0,201.0,202.5,2.1213203435596424,0,0,0,0,3.4498327073902924,0.0170362109006928,1.17396997E8,0.0,1.17396997E8,1.17396997E8,1.17396997E8,1.17396997E8,0.0,1.17396997E8,1.17396997E8,0,0,0,0,0,0,0,0,0,0,0,16,0,0.0170362109006928,0.0,201.0,204.0,202.5,2.1213203435596424,4.5,0,0,0,0,0,0,0,0,0.0,202.5,202.5,0.0,0,0,0,0,0,0,1,202,0,0,0,0,1,8,0,0,0,0,1.17396997E8,0.0,1.17396997E8,1.17396997E8,-1,-1,0,Scarab
192.168.1.5-192.168.1.255-138-138-17,192.168.1.5,138,192.168.1.255,138,17,1970-01-01 00:08:53.605986,117171882,3,0,576.0,0.0,201.0,174.0,192.0,15.588457268119896,0,0,0,0,4.915855153713414,0.02560341225892403,5.8585941E7,8.278872520748174E7,1.1712641E8,45472.0,1.17171882E8,5.8585941E7,8.278872520748174E7,1.1712641E8,45472.0,0,0,0,0,0,0,0,0,0,0,0,24,0,0.02560341225892403,0.0,174.0,201.0,192.0,15.588457268119896,243.0,0,0,0,0,0,0,0,0,0.0,192.0,192.0,0.0,0,0,0,0,0,0,1,192,0,0,0,0,2,8,0,0,0,0,1.1712641E8,0.0,1.1712641E8,1.1712641E8,-1,-1,0,Scarab
134.221.96.0-0.0.0.104-0-0-0,134.221.96.0,0,0.0.0.104,0,0,1970-01-01 00:20:52.812858,112107255,24,0,0.0,0.0,0.0,0.0,0.0,0.0,0,0,0,0,0.0,0.21408070334074278,4874228.47826087,3076554.1518200026,8090978.0,1908239.0,1.12107255E8,4874228.47826087,3076554.1518200026,8090978.0,1908239.0,0,0,0,0,0,0,0,0,0,0,0,0,0,0.21408070334074278,0.0,0.0,0.0,0.0,0.0,0.0,0,0,0,0,0,0,0,0,0.0,0.0,0.0,0.0,0,0,0,0,0,0,1,0,0,0,0,0,0,0,2001860.4545454546,68647.03086275996,2113784.0,1911135.0,8016231.90909091,63515.58316421933,8090978.0,7916047.0,-1,-1,0,Scarab
134.221.96.0-0.0.0.128-0-0-0,134.221.96.0,0,0.0.0.128,0,0,1970-01-01 00:20:52.813519,112107428,24,0,0.0,0.0,0.0,0.0,0.0,0.0,0,0,0,0,0.0,0.21408037297938903,4874236.0,3077156.588256157,8091650.0,1907494.0,1.12107428E8,4874236.0,3077156.588256157,8091650.0,1907494.0,0,0,0,0,0,0,0,0,0,0,0,0,0,0.21408037297938903,0.0,0.0,0.0,0.0,0.0,0.0,0,0,0,0,0,0,0,0,0.0,0.0,0.0,0.0,0,0,0,0,0,0,1,0,0,0,0,0,0,0,2001321.2727272727,68713.82018210152,2113782.0,1910503.0,8016854.545454545,63459.31632843828,8091650.0,7917166.0,-1,-1,0,Scarab
134.221.96.0-0.0.0.116-0-0-0,134.221.96.0,0,0.0.0.116,0,0,1970-01-01 00:20:52.813943,112107514,24,0,0.0,0.0,0.0,0.0,0.0,0.0,0,0,0,0,0.0,0.21408020875389316,4874239.739130435,3078279.3243381516,8094697.0,1904447.0,1.12107514E8,4874239.739130435,3078279.3243381516,8094697.0,1904447.0,0,0,0,0,0,0,0,0,0,0,0,0,0,0.21408020875389316,0.0,0.0,0.0,0.0,0.0,0.0,0,0,0,0,0,0,0,0,0.0,0.0,0.0,0.0,0,0,0,0,0,0,1,0,0,0,0,0,0,0,2000451.2727272725,68367.37233665024,2113885.0,1910442.0,8018009.363636364,63123.42138900984,8094697.0,7919088.0,-1,-1,0,Scarab
134.221.96.0-0.0.0.28-0-0-0,134.221.96.0,0,0.0.0.28,0,0,1970-01-01 00:20:52.814427,112107501,24,0,0.0,0.0,0.0,0.0,0.0,0.0,0,0,0,0,0.0,0.21408023357866127,4874239.173913043,3076200.5372446002,8094767.0,1904344.0,1.12107501E8,4874239.173913043,3076200.5372446002,8094767.0,1904344.0,0,0,0,0,0,0,0,0,0,0,0,0,0,0.21408023357866127,0.0,0.0,0.0,0.0,0.0,0.0,0,0,0,0,0,0,0,0,0.0,0.0,0.0,0.0,0,0,0,0,0,0,1,0,0,0,0,0,0,0,2002585.0,68098.57362089168,2113749.0,1910510.0,8015883.818181818,63203.22513894068,8094767.0,7919335.0,-1,-1,0,Scarab
134.221.96.0-0.0.0.136-0-0-0,134.221.96.0,0,0.0.0.136,0,0,1970-01-01 00:20:52.814661,112107568,48,0,0.0,0.0,0.0,0.0,0.0,0.0,0,0,0,0,0.0,0.42816021127137466,2385267.404255319,3254399.20882976,8094673.0,0.0,1.12107568E8,2385267.404255319,3254399.20882976,8094673.0,0.0,0,0,0,0,0,0,0,0,0,0,0,0,0,0.42816021127137466,0.0,0.0,0.0,0.0,0.0,0.0,0,0,0,0,0,0,0,0,0.0,0.0,0.0,0.0,0,0,0,0,0,0,1,0,0,0,0,0,0,0,2002689.5454545454,68115.22228160697,2113786.0,1910674.0,8015779.727272728,63239.013166067896,8094673.0,7919326.0,-1,-1,0,Scarab
134.221.96.0-0.0.1.146-0-0-0,134.221.96.0,0,0.0.1.146,0,0,1970-01-01 00:20:55.871521,117996721,72,0,0.0,0.0,0.0,0.0,0.0,0.0,0,0,0,0,0.0,0.6101864474691632,1661925.647887324,1038227.7713175067,4223922.0,56328.0,1.17996721E8,1661925.647887324,1038227.7713175067,4223922.0,56328.0,0,0,0,0,0,0,0,0,0,0,0,0,0,0.6101864474691632,0.0,0.0,0.0,0.0,0.0,0.0,0,0,0,0,0,0,0,0,0.0,0.0,0.0,0.0,0,0,0,0,0,0,1,0,0,0,0,0,0,0,0,0,0,0,0,0,0,0,-1,-1,0,Scarab
192.168.1.5-239.255.255.250-1900-1900-17,192.168.1.5,1900,239.255.255.250,1900,17,1970-01-01 00:15:52.212575,6019193,18,0,8607.0,0.0,513.0,433.0,478.16666666666663,30.860692684079154,0,0,0,0,1429.9259053497703,2.990434099720677,354070.17647058825,989136.6175101417,2982474.0,520.0,6019193.0,354070.17647058825,989136.6175101417,2982474.0,520.0,0,0,0,0,0,0,0,0,0,0,0,144,0,2.990434099720677,0.0,433.0,513.0,478.16666666666663,30.860692684079154,952.3823529411766,0,0,0,0,0,0,0,0,0.0,478.1666666666667,478.1666666666667,0.0,2869,6,155977,0,0,0,1,478,0,0,0,0,17,8,0,0,0,0,0,0,0,0,-1,-1,0,Scarab
134.221.96.0-0.0.0.194-0-0-0,134.221.96.0,0,0.0.0.194,0,0,1970-01-01 00:21:42.077608,93505495,32,0,0.0,0.0,0.0,0.0,0.0,0.0,0,0,0,0,0.0,0.34222587667174,3016306.2903225813,7915386.056716434,2.6549441E7,809.0,9.3505495E7,3016306.2903225813,7915386.056716434,2.6549441E7,809.0,0,0,0,0,0,0,0,0,0,0,0,0,0,0.34222587667174,0.0,0.0,0.0,0.0,0.0,0.0,0,0,0,0,0,0,0,0,0.0,0.0,0.0,0.0,0,0,0,0,0,0,1,0,0,0,0,0,0,0,3470982.3333333335,31835.431429985885,3507734.0,3451913.0,2.6546667666666668E7,2402.276906048371,2.6549441E7,2.6545232E7,-1,-1,0,Scarab
134.221.96.0-0.0.0.42-0-0-0,134.221.96.0,0,0.0.0.42,0,0,1970-01-01 00:21:42.079255,93504164,32,0,0.0,0.0,0.0,0.0,0.0,0.0,0,0,0,0,0.0,0.34223074814079935,3016263.354838709,7915945.485155798,2.655127E7,763.0,9.3504164E7,3016263.354838709,7915945.485155798,2.655127E7,763.0,0,0,0,0,0,0,0,0,0,0,0,0,0,0.34223074814079935,0.0,0.0,0.0,0.0,0.0,0.0,0,0,0,0,0,0,0,0,0.0,0.0,0.0,0.0,0,0,0,0,0,0,1,0,0,0,0,0,0,0,3469542.6666666665,31977.729005251975,3506449.0,3450081.0,2.6548118666666668E7,2729.3855230313898,2.655127E7,2.6546506E7,-1,-1,0,Scarab
134.221.96.0-0.0.0.32-0-0-0,134.221.96.0,0,0.0.0.32,0,0,1970-01-01 00:21:42.930324,112000331,14,0,0.0,0.0,0.0,0.0,0.0,0.0,0,0,0,0,0.0,0.1249996305814489,8615410.076923076,1.0951884532603772E7,2.9481801E7,173.0,1.12000331E8,8615410.076923076,1.0951884532603772E7,2.9481801E7,173.0,0,0,0,0,0,0,0,0,0,0,0,0,0,0.1249996305814489,0.0,0.0,0.0,0.0,0.0,0.0,0,0,0,0,0,0,0,0,0.0,0.0,0.0,0.0,0,0,0,0,0,0,1,0,0,0,0,0,0,0,321.0,92.30817948589387,412.0,173.0,1.86663645E7,7920291.60463696,2.9481801E7,7017665.0,-1,-1,0,Scarab
192.168.1.4-192.168.1.5-49184-445-6,192.168.1.4,49184,192.168.1.5,445,6,1970-01-01 00:22:45.222639,119997573,33529,46763,2.2064163E7,4.2917423E7,1460.0,0.0,658.0620656744925,645.2817757274238,1460.0,0.0,917.7645360648395,647.5556455025398,541524.1689929846,669.1135328212013,1494.5332976298728,8825.530051633505,769904.0,0.0,1.19997121E8,3579.0121987592706,16677.74136244484,986757.0,0.0,1.19997573E8,2566.1343184637253,11831.584931861755,769904.0,0.0,16869,17871,0,0,0,0,670580,935260,279.41398448116945,389.6995483400318,0.0,1460.0,809.3158222487955,659.1653735726345,434498.9897171508,0,0,0,34740,80292,0,0,0,1.394703092845,809.315822248792,658.0620656744908,917.7645360648376,8178,6,28074358,21945,15,11171657,0,274,0,534,0,64136,27287,0,0,0,0,0,0,0,0,0,-1,-1,840451310,Scarab
134.221.96.0-0.0.0.104-0-0-0,134.221.96.0,0,0.0.0.104,0,0,1970-01-01 00:22:53.047769,111918753,24,0,0.0,0.0,0.0,0.0,0.0,0.0,0,0,0,0,0.0,0.21444127419825704,4866032.739130435,3235038.9276210237,8209064.0,1797197.0,1.11918753E8,4866032.739130435,3235038.9276210237,8209064.0,1797197.0,0,0,0,0,0,0,0,0,0,0,0,0,0,0.21444127419825704,0.0,0.0,0.0,0.0,0.0,0.0,0,0,0,0,0,0,0,0,0.0,0.0,0.0,0.0,0,0,0,0,0,0,1,0,0,0,0,0,0,0,1840512.3636363638,24504.328761558587,1886089.0,1806242.0,8170538.181818182,28117.929795126165,8209064.0,8111729.0,-1,-1,0,Scarab
134.221.96.0-0.0.0.128-0-0-0,134.221.96.0,0,0.0.0.128,0,0,1970-01-01 00:22:53.049968,111917376,24,0,0.0,0.0,0.0,0.0,0.0,0.0,0,0,0,0,0.0,0.21444391262354112,4865972.869565218,3236338.293782346,8210506.0,1796114.0,1.11917376E8,4865972.869565218,3236338.293782346,8210506.0,1796114.0,0,0,0,0,0,0,0,0,0,0,0,0,0,0.21444391262354112,0.0,0.0,0.0,0.0,0.0,0.0,0,0,0,0,0,0,0,0,0.0,0.0,0.0,0.0,0,0,0,0,0,0,1,0,0,0,0,0,0,0,1839222.1818181816,25135.661649609166,1885509.0,1804851.0,8171801.636363637,28585.788200687068,8210506.0,8112355.0,-1,-1,0,Scarab
134.221.96.0-0.0.0.116-0-0-0,134.221.96.0,0,0.0.0.116,0,0,1970-01-01 00:22:53.050520,111917332,24,0,0.0,0.0,0.0,0.0,0.0,0.0,0,0,0,0,0.0,0.21444399693159233,4865970.95652174,3237717.6952883378,8210254.0,1796172.0,1.11917332E8,4865970.95652174,3237717.6952883378,8210254.0,1796172.0,0,0,0,0,0,0,0,0,0,0,0,0,0,0.21444399693159233,0.0,0.0,0.0,0.0,0.0,0.0,0,0,0,0,0,0,0,0,0.0,0.0,0.0,0.0,0,0,0,0,0,0,1,0,0,0,0,0,0,0,1837798.090909091,24609.05575374459,1885597.0,1804868.0,8173216.454545455,27362.339407892898,8210254.0,8112279.0,-1,-1,0,Scarab
134.221.96.0-0.0.0.28-0-0-0,134.221.96.0,0,0.0.0.28,0,0,1970-01-01 00:22:53.051222,111917054,24,0,0.0,0.0,0.0,0.0,0.0,0.0,0,0,0,0,0.0,0.21444452960672108,4865958.869565218,3238165.450086309,8210344.0,1796109.0,1.11917054E8,4865958.869565218,3238165.450086309,8210344.0,1796109.0,0,0,0,0,0,0,0,0,0,0,0,0,0,0.21444452960672108,0.0,0.0,0.0,0.0,0.0,0.0,0,0,0,0,0,0,0,0,0.0,0.0,0.0,0.0,0,0,0,0,0,0,1,0,0,0,0,0,0,0,1837335.3636363635,25009.870244656347,1885580.0,1804919.0,8173659.636363637,27596.580173176313,8210344.0,8112057.0,-1,-1,0,Scarab
134.221.96.0-0.0.0.136-0-0-0,134.221.96.0,0,0.0.0.136,0,0,1970-01-01 00:22:53.051422,111917184,48,0,0.0,0.0,0.0,0.0,0.0,0.0,0,0,0,0,0.0,0.42888856102741113,2381216.680851063,3325660.175035693,8210272.0,128.0,1.11917184E8,2381216.680851063,3325660.175035693,8210272.0,128.0,0,0,0,0,0,0,0,0,0,0,0,0,0,0.42888856102741113,0.0,0.0,0.0,0.0,0.0,0.0,0,0,0,0,0,0,0,0,0.0,0.0,0.0,0.0,0,0,0,0,0,0,1,0,0,0,0,0,0,0,1837314.0,25194.389073760052,1885680.0,1804991.0,8173681.363636364,27704.5681369435,8210272.0,8111972.0,-1,-1,0,Scarab
134.221.96.0-0.0.1.146-0-0-0,134.221.96.0,0,0.0.1.146,0,0,1970-01-01 00:22:56.849527,118299116,73,0,0.0,0.0,0.0,0.0,0.0,0.0,0,0,0,0,0.0,0.6170798436059319,1643043.2777777775,921494.6187790915,4194678.0,6077.0,1.18299116E8,1643043.2777777775,921494.6187790915,4194678.0,6077.0,0,0,0,0,0,0,0,0,0,0,0,0,0,0.6170798436059319,0.0,0.0,0.0,0.0,0.0,0.0,0,0,0,0,0,0,0,0,0.0,0.0,0.0,0.0,0,0,0,0,0,0,1,0,0,0,0,0,0,0,0,0,0,0,0,0,0,0,-1,-1,0,Scarab
134.221.96.0-0.0.0.194-0-0-0,134.221.96.0,0,0.0.0.194,0,0,1970-01-01 00:23:42.140053,93444821,32,0,0.0,0.0,0.0,0.0,0.0,0.0,0,0,0,0,0.0,0.34244808495058277,3014349.064516129,7924362.390518715,2.6595611E7,0.0,9.3444821E7,3014349.064516129,7924362.390518715,2.6595611E7,0.0,0,0,0,0,0,0,0,0,0,0,0,0,0,0.34244808495058277,0.0,0.0,0.0,0.0,0.0,0.0,0,0,0,0,0,0,0,0,0.0,0.0,0.0,0.0,0,0,0,0,0,0,1,0,0,0,0,0,0,0,3435867.6666666665,8379.990533009768,3445263.0,3429165.0,2.6576794333333332E7,16312.595511853206,2.6595611E7,2.6566644E7,-1,-1,0,Scarab
134.221.96.0-0.0.0.42-0-0-0,134.221.96.0,0,0.0.0.42,0,0,1970-01-01 00:23:42.141670,93443816,32,0,0.0,0.0,0.0,0.0,0.0,0.0,0,0,0,0,0.0,0.3424517680228299,3014316.64516129,7924780.633731487,2.6596794E7,0.0,9.3443816E7,3014316.64516129,7924780.633731487,2.6596794E7,0.0,0,0,0,0,0,0,0,0,0,0,0,0,0,0.3424517680228299,0.0,0.0,0.0,0.0,0.0,0.0,0,0,0,0,0,0,0,0,0.0,0.0,0.0,0.0,0,0,0,0,0,0,1,0,0,0,0,0,0,0,3434831.3333333335,8202.488484193887,3443988.0,3428156.0,2.6577865E7,16409.30751128761,2.6596794E7,2.6567669E7,-1,-1,0,Scarab
134.221.96.0-0.0.0.32-0-0-0,134.221.96.0,0,0.0.0.32,0,0,1970-01-01 00:24:06.449633,116480830,14,0,0.0,0.0,0.0,0.0,0.0,0.0,0,0,0,0,0.0,0.12019145124566849,8960063.846153848,1.3678876344266342E7,3.6500197E7,165.0,1.1648083E8,8960063.846153848,1.3678876344266342E7,3.6500197E7,165.0,0,0,0,0,0,0,0,0,0,0,0,0,0,0.12019145124566849,0.0,0.0,0.0,0.0,0.0,0.0,0,0,0,0,0,0,0,0,0.0,0.0,0.0,0.0,0,0,0,0,0,0,1,0,0,0,0,0,0,0,2374846.25,2748519.339283532,4980967.0,165.0,2.674531875E7,1.1292558230184643E7,3.6500197E7,1.1515407E7,-1,-1,0,Scarab
192.168.1.4-192.168.1.5-49184-445-6,192.168.1.4,49184,192.168.1.5,445,6,1970-01-01 00:24:45.234630,119883989,36925,39659,2.5680917E7,3.0258585E7,1460.0,0.0,695.4886120514573,650.6334625340896,1460.0,0.0,762.9689351723489,657.5883876421906,466613.6192715443,638.817582221092,1565.412545865279,5908.4974018527255,383750.0,0.0,1.19883764E8,3246.770772397357,8895.907282089036,384836.0,0.0,1.19883522E8,3022.934136870223,8720.60863720542,592427.0,0.0,18276,19305,0,0,0,0,738500,793180,308.0061007979973,330.8114814230948,0.0,1460.0,730.4332758800829,655.1083723323061,429166.97949988337,0,0,0,37581,76584,0,0,0,1.0740419769803655,730.4332758800793,695.4886120514557,762.9689351723442,8193,6,27784180,9966,7,9254736,0,335,0,395,63752,62882,30529,20,0,0,0,0,0,0,0,0,-1,-1,960349717,Scarab
134.221.96.0-0.0.0.104-0-0-0,134.221.96.0,0,0.0.0.104,0,0,1970-01-01 00:24:53.210796,111785783,24,0,0.0,0.0,0.0,0.0,0.0,0.0,0,0,0,0,0.0,0.21469635364990913,4860251.434782608,3373081.740412047,8389667.0,1628390.0,1.11785783E8,4860251.434782608,3373081.740412047,8389667.0,1628390.0,0,0,0,0,0,0,0,0,0,0,0,0,0,0.21469635364990913,0.0,0.0,0.0,0.0,0.0,0.0,0,0,0,0,0,0,0,0,0.0,0.0,0.0,0.0,0,0,0,0,0,0,1,0,0,0,0,0,0,0,1708043.0,48166.7928099848,1767775.0,1628390.0,8305493.545454545,53318.527566623365,8389667.0,8233265.0,-1,-1,0,Scarab
134.221.96.0-0.0.0.128-0-0-0,134.221.96.0,0,0.0.0.128,0,0,1970-01-01 00:24:53.212439,111785132,24,0,0.0,0.0,0.0,0.0,0.0,0.0,0,0,0,0,0.0,0.2146976039711614,4860223.130434783,3373915.2520009945,8390655.0,1627530.0,1.11785132E8,4860223.130434783,3373915.2520009945,8390655.0,1627530.0,0,0,0,0,0,0,0,0,0,0,0,0,0,0.2146976039711614,0.0,0.0,0.0,0.0,0.0,0.0,0,0,0,0,0,0,0,0,0.0,0.0,0.0,0.0,0,0,0,0,0,0,1,0,0,0,0,0,0,0,1707275.2727272727,48210.50088536916,1766965.0,1627530.0,8306315.363636364,53412.610374840624,8390655.0,8233717.0,-1,-1,0,Scarab
134.221.96.0-0.0.0.116-0-0-0,134.221.96.0,0,0.0.0.116,0,0,1970-01-01 00:24:53.213457,111784893,24,0,0.0,0.0,0.0,0.0,0.0,0.0,0,0,0,0,0.0,0.21469806300212677,4860212.7391304355,3379237.8836854515,8390703.0,1613770.0,1.11784893E8,4860212.7391304355,3379237.8836854515,8390703.0,1613770.0,0,0,0,0,0,0,0,0,0,0,0,0,0,0.21469806300212677,0.0,0.0,0.0,0.0,0.0,0.0,0,0,0,0,0,0,0,0,0.0,0.0,0.0,0.0,0,0,0,0,0,0,1,0,0,0,0,0,0,0,1701828.1818181819,51308.33323899381,1766971.0,1613770.0,8311716.090909091,54807.8916606987,8390703.0,8233569.0,-1,-1,0,Scarab
134.221.96.0-0.0.0.28-0-0-0,134.221.96.0,0,0.0.0.28,0,0,1970-01-01 00:24:53.214012,111784795,24,0,0.0,0.0,0.0,0.0,0.0,0.0,0,0,0,0,0.0,0.21469825122459632,4860208.478260868,3379342.675604611,8390409.0,1613790.0,1.11784795E8,4860208.478260868,3379342.675604611,8390409.0,1613790.0,0,0,0,0,0,0,0,0,0,0,0,0,0,0.21469825122459632,0.0,0.0,0.0,0.0,0.0,0.0,0,0,0,0,0,0,0,0,0.0,0.0,0.0,0.0,0,0,0,0,0,0,1,0,0,0,0,0,0,0,1701725.8181818181,51389.309792637185,1767086.0,1613790.0,8311817.7272727275,54887.53535565397,8390409.0,8233209.0,-1,-1,0,Scarab
134.221.96.0-0.0.0.136-0-0-0,134.221.96.0,0,0.0.0.136,0,0,1970-01-01 00:24:53.214235,111785174,48,0,0.0,0.0,0.0,0.0,0.0,0.0,0,0,0,0,0.0,0.4293950466096694,2378407.9574468085,3390011.6165526174,8390295.0,130.0,1.11785174E8,2378407.9574468085,3390011.6165526174,8390295.0,130.0,0,0,0,0,0,0,0,0,0,0,0,0,0,0.4293950466096694,0.0,0.0,0.0,0.0,0.0,0.0,0,0,0,0,0,0,0,0,0.0,0.0,0.0,0.0,0,0,0,0,0,0,1,0,0,0,0,0,0,0,1701818.181818182,51374.33030769018,1767233.0,1614083.0,8311724.454545455,54883.658714345285,8390295.0,8233044.0,-1,-1,0,Scarab
134.221.96.0-0.0.1.146-0-0-0,134.221.96.0,0,0.0.1.146,0,0,1970-01-01 00:24:57.149580,119758541,72,0,0.0,0.0,0.0,0.0,0.0,0.0,0,0,0,0,0.0,0.6012097291666237,1686740.0140845072,991754.4033056555,4529772.0,8435.0,1.19758541E8,1686740.0140845072,991754.4033056555,4529772.0,8435.0,0,0,0,0,0,0,0,0,0,0,0,0,0,0.6012097291666237,0.0,0.0,0.0,0.0,0.0,0.0,0,0,0,0,0,0,0,0,0.0,0.0,0.0,0.0,0,0,0,0,0,0,1,0,0,0,0,0,0,0,0,0,0,0,0,0,0,0,-1,-1,0,Scarab
134.221.96.0-0.0.0.194-0-0-0,134.221.96.0,0,0.0.0.194,0,0,1970-01-01 00:25:42.174089,93430709,32,0,0.0,0.0,0.0,0.0,0.0,0.0,0,0,0,0,0.0,0.3424998091366298,3013893.8387096776,7931120.843450372,2.6607541E7,722.0,9.3430709E7,3013893.8387096776,7931120.843450372,2.6607541E7,722.0,0,0,0,0,0,0,0,0,0,0,0,0,0,0.3424998091366298,0.0,0.0,0.0,0.0,0.0,0.0,0,0,0,0,0,0,0,0,0.0,0.0,0.0,0.0,0,0,0,0,0,0,1,0,0,0,0,0,0,0,3403838.0,9597.545675848593,3409525.0,3392757.0,2.6600947333333332E7,9682.55701420515,2.6607541E7,2.6589831E7,-1,-1,0,Scarab
134.221.96.0-0.0.0.42-0-0-0,134.221.96.0,0,0.0.0.42,0,0,1970-01-01 00:25:42.175780,93429452,32,0,0.0,0.0,0.0,0.0,0.0,0.0,0,0,0,0,0.0,0.34250441712962204,3013853.2903225804,7928870.57857063,2.6606354E7,717.0,9.3429452E7,3013853.2903225804,7928870.57857063,2.6606354E7,717.0,0,0,0,0,0,0,0,0,0,0,0,0,0,0.34250441712962204,0.0,0.0,0.0,0.0,0.0,0.0,0,0,0,0,0,0,0,0,0.0,0.0,0.0,0.0,0,0,0,0,0,0,1,0,0,0,0,0,0,0,3410608.6666666665,20816.1528706275,3432669.0,3391313.0,2.6594041333333332E7,11057.780262481858,2.6606354E7,2.6584957E7,-1,-1,0,Scarab
134.221.96.0-0.0.0.32-0-0-0,134.221.96.0,0,0.0.0.32,0,0,1970-01-01 00:26:24.445542,90500113,12,0,0.0,0.0,0.0,0.0,0.0,0.0,0,0,0,0,0.0,0.13259651952036788,8227283.000000001,1.352903173298943E7,3.7000162E7,151.0,9.0500113E7,8227283.000000001,1.352903173298943E7,3.7000162E7,151.0,0,0,0,0,0,0,0,0,0,0,0,0,0,0.13259651952036788,0.0,0.0,0.0,0.0,0.0,0.0,0,0,0,0,0,0,0,0,0.0,0.0,0.0,0.0,0,0,0,0,0,0,1,0,0,0,0,0,0,0,1660295.0,2875349.833358195,4980463.0,156.0,2.7501398666666668E7,1.166294823890329E7,3.7000162E7,1.448434E7,-1,-1,0,Scarab
192.168.1.4-192.168.1.5-49184-445-6,192.168.1.4,49184,192.168.1.5,445,6,1970-01-01 00:26:45.269349,119975573,35913,41177,2.4603612E7,3.3026664E7,1460.0,0.0,685.0892991395914,649.019448822033,1460.0,0.0,802.0658134395399,658.2392403994572,480350.079261551,642.5474625572324,1556.3254549935875,6246.856307958096,487451.0,0.0,1.19975088E8,3340.8077522833673,10235.408538465052,688569.0,0.0,1.1997242E8,2913.649213133867,9040.902636533825,487451.0,0.0,17926,19036,0,0,0,0,718260,823540,299.33593232349057,343.2115302337418,0.0,1460.0,747.5713581528175,656.5542664788217,431063.50483154354,0,0,0,36962,77090,0,0,0,1.1465764486397683,747.5713581528084,685.0892991395873,802.0658134395414,8314,6,56454417,12497,9,9210235,0,319,0,428,63376,64240,29609,20,0,0,0,0,0,0,0,0,-1,-1,1080476020,Scarab
134.221.96.0-0.0.0.104-0-0-0,134.221.96.0,0,0.0.0.104,0,0,1970-01-01 00:26:53.372579,111609649,24,0,0.0,0.0,0.0,0.0,0.0,0.0,0,0,0,0,0.0,0.2150351713766253,4852593.434782609,3606183.5164994635,8640906.0,1357903.0,1.11609649E8,4852593.434782609,3606183.5164994635,8640906.0,1357903.0,0,0,0,0,0,0,0,0,0,0,0,0,0,0.2150351713766253,0.0,0.0,0.0,0.0,0.0,0.0,0,0,0,0,0,0,0,0,0.0,0.0,0.0,0.0,0,0,0,0,0,0,1,0,0,0,0,0,0,0,1487125.9090909092,63063.496097908406,1610306.0,1391092.0,8535760.090909092,58913.33148864448,8640906.0,8447322.0,-1,-1,0,Scarab
134.221.96.0-0.0.0.128-0-0-0,134.221.96.0,0,0.0.0.128,0,0,1970-01-01 00:26:53.373681,111609431,24,0,0.0,0.0,0.0,0.0,0.0,0.0,0,0,0,0,0.0,0.21503559139191383,4852583.956521738,3604055.592757181,8625352.0,1357190.0,1.11609431E8,4852583.956521738,3604055.592757181,8625352.0,1357190.0,0,0,0,0,0,0,0,0,0,0,0,0,0,0.21503559139191383,0.0,0.0,0.0,0.0,0.0,0.0,0,0,0,0,0,0,0,0,0.0,0.0,0.0,0.0,0,0,0,0,0,0,1,0,0,0,0,0,0,0,1489344.1818181819,61705.119621986305,1610240.0,1399992.0,8533586.818181816,58404.85357882225,8625352.0,8448680.0,-1,-1,0,Scarab
134.221.96.0-0.0.0.116-0-0-0,134.221.96.0,0,0.0.0.116,0,0,1970-01-01 00:26:53.375607,111608130,24,0,0.0,0.0,0.0,0.0,0.0,0.0,0,0,0,0,0.0,0.21503809803103052,4852527.391304349,3607799.054759547,8625550.0,1357036.0,1.1160813E8,4852527.391304349,3607799.054759547,8625550.0,1357036.0,0,0,0,0,0,0,0,0,0,0,0,0,0,0.21503809803103052,0.0,0.0,0.0,0.0,0.0,0.0,0,0,0,0,0,0,0,0,0.0,0.0,0.0,0.0,0,0,0,0,0,0,1,0,0,0,0,0,0,0,1485464.090909091,62481.3015284646,1608776.0,1402367.0,8537362.636363639,57291.063298340094,8625550.0,8448873.0,-1,-1,0,Scarab
134.221.96.0-0.0.0.28-0-0-0,134.221.96.0,0,0.0.0.28,0,0,1970-01-01 00:26:53.376147,111608051,24,0,0.0,0.0,0.0,0.0,0.0,0.0,0,0,0,0,0.0,0.2150382502423593,4852523.956521738,3608001.751744768,8625794.0,1356893.0,1.11608051E8,4852523.956521738,3608001.751744768,8625794.0,1356893.0,0,0,0,0,0,0,0,0,0,0,0,0,0,0.2150382502423593,0.0,0.0,0.0,0.0,0.0,0.0,0,0,0,0,0,0,0,0,0.0,0.0,0.0,0.0,0,0,0,0,0,0,1,0,0,0,0,0,0,0,1485265.0909090908,62422.41983046552,1608563.0,1403611.0,8537567.454545455,57208.714172516506,8625794.0,8449257.0,-1,-1,0,Scarab
134.221.96.0-0.0.0.136-0-0-0,134.221.96.0,0,0.0.0.136,0,0,1970-01-01 00:26:53.376377,111608152,48,0,0.0,0.0,0.0,0.0,0.0,0.0,0,0,0,0,0.0,0.4300761112862078,2374641.5319148935,3498174.8892732672,8625651.0,0.0,1.11608152E8,2374641.5319148935,3498174.8892732672,8625651.0,0.0,0,0,0,0,0,0,0,0,0,0,0,0,0,0.4300761112862078,0.0,0.0,0.0,0.0,0.0,0.0,0,0,0,0,0,0,0,0,0.0,0.0,0.0,0.0,0,0,0,0,0,0,1,0,0,0,0,0,0,0,1485378.090909091,62404.29248930645,1608637.0,1404041.0,8537451.181818184,57190.628058831826,8625651.0,8449172.0,-1,-1,0,Scarab
134.221.96.0-0.0.1.146-0-0-0,134.221.96.0,0,0.0.1.146,0,0,1970-01-01 00:26:58.211788,119811150,73,0,0.0,0.0,0.0,0.0,0.0,0.0,0,0,0,0,0.0,0.6092922069440114,1664043.75,925939.8457131938,3911838.0,18618.0,1.1981115E8,1664043.75,925939.8457131938,3911838.0,18618.0,0,0,0,0,0,0,0,0,0,0,0,0,0,0.6092922069440114,0.0,0.0,0.0,0.0,0.0,0.0,0,0,0,0,0,0,0,0,0.0,0.0,0.0,0.0,0,0,0,0,0,0,1,0,0,0,0,0,0,0,0,0,0,0,0,0,0,0,-1,-1,0,Scarab
134.221.96.0-0.0.0.194-0-0-0,134.221.96.0,0,0.0.0.194,0,0,1970-01-01 00:27:42.182983,119999254,33,0,0.0,0.0,0.0,0.0,0.0,0.0,0,0,0,0,0.0,0.2750017095939613,3749976.6875,8844412.46502887,2.6601439E7,766.0,1.19999254E8,3749976.6875,8844412.46502887,2.6601439E7,766.0,0,0,0,0,0,0,0,0,0,0,0,0,0,0.2750017095939613,0.0,0.0,0.0,0.0,0.0,0.0,0,0,0,0,0,0,0,0,0.0,0.0,0.0,0.0,0,0,0,0,0,0,1,0,0,0,0,0,0,0,3405283.25,8820.681507117277,3413322.0,3395319.0,2.659453025E7,5385.6898892650825,2.6601439E7,2.6589292E7,-1,-1,0,Scarab
134.221.96.0-0.0.0.42-0-0-0,134.221.96.0,0,0.0.0.42,0,0,1970-01-01 00:27:42.184721,119999303,33,0,0.0,0.0,0.0,0.0,0.0,0.0,0,0,0,0,0.0,0.2750015973009443,3749978.218749999,8844938.893763127,2.6602815E7,761.0,1.19999303E8,3749978.218749999,8844938.893763127,2.6602815E7,761.0,0,0,0,0,0,0,0,0,0,0,0,0,0,0.2750015973009443,0.0,0.0,0.0,0.0,0.0,0.0,0,0,0,0,0,0,0,0,0.0,0.0,0.0,0.0,0,0,0,0,0,0,1,0,0,0,0,0,0,0,3403963.75,8813.693942761307,3412123.0,3394095.0,2.6595862E7,5456.134956786293,2.6602815E7,2.6590585E7,-1,-1,0,Scarab
192.168.1.4-239.255.255.250-1900-1900-17,192.168.1.4,1900,239.255.255.250,1900,17,1970-01-01 00:22:23.098657,8490756,18,0,8607.0,0.0,513.0,433.0,478.1666666666667,30.86069268407915,0,0,0,0,1013.6906536944414,2.11995256959451,499456.2352941177,389441.4189448988,1240797.0,110808.0,8490756.0,499456.2352941177,389441.4189448988,1240797.0,110808.0,0,0,0,0,0,0,0,0,0,0,0,144,0,2.11995256959451,0.0,433.0,513.0,478.1666666666667,30.86069268407915,952.3823529411765,0,0,0,0,0,0,0,0,0.0,478.1666666666667,478.1666666666667,0.0,2563,5,1829,0,0,0,1,478,0,0,0,0,17,8,0,0,0,0,0,0,0,0,-1,-1,0,Scarab
8.6.0.1-8.0.6.4-0-0-0,8.6.0.1,0,8.0.6.4,0,0,1970-01-01 00:20:17.315464,198339,2,0,0.0,0.0,0.0,0.0,0.0,0.0,0,0,0,0,0.0,10.08374550643091,198339.0,0.0,198339.0,198339.0,198339.0,198339.0,0.0,198339.0,198339.0,0,0,0,0,0,0,0,0,0,0,0,0,0,10.08374550643091,0.0,0.0,0.0,0.0,0.0,0.0,0,0,0,0,0,0,0,0,0.0,0.0,0.0,0.0,0,0,0,0,0,0,1,0,0,0,0,0,0,0,0,0,0,0,0,0,0,0,-1,-1,0,Scarab
192.168.1.3-255.255.255.255-67-68-17,192.168.1.3,67,255.255.255.255,68,17,1970-01-01 00:20:17.424978,27201007,2,0,1096.0,0.0,548.0,548.0,548.0,0.0,0,0,0,0,40.29262593109145,0.07352668965527637,2.7201007E7,0.0,2.7201007E7,2.7201007E7,2.7201007E7,2.7201007E7,0.0,2.7201007E7,2.7201007E7,0,0,0,0,0,0,0,0,0,0,0,16,0,0.07352668965527637,0.0,548.0,548.0,548.0,0.0,0.0,0,0,0,0,0,0,0,0,0.0,548.0,548.0,0.0,0,0,0,0,0,0,1,548,0,0,0,0,1,8,0,0,0,0,2.7201007E7,0.0,2.7201007E7,2.7201007E7,-1,-1,0,Scarab
192.168.1.4-224.0.0.22-0-0-0,192.168.1.4,0,224.0.0.22,0,0,1970-01-01 00:20:17.490894,454553,5,0,0.0,0.0,0.0,0.0,0.0,0.0,0,0,0,0,0.0,10.99981740303111,113638.25,163631.33173361595,352901.0,1079.0,454553.0,113638.25,163631.33173361595,352901.0,1079.0,0,0,0,0,0,0,0,0,0,0,0,0,0,10.99981740303111,0.0,0.0,0.0,0.0,0.0,0.0,0,0,0,0,0,0,0,0,0.0,0.0,0.0,0.0,0,0,0,0,0,0,1,0,0,0,0,0,0,0,0,0,0,0,0,0,0,0,-1,-1,0,Scarab
192.168.1.4-239.255.255.250-51818-1900-17,192.168.1.4,51818,239.255.255.250,1900,17,1970-01-01 00:19:47.682113,45154347,12,0,1542.0,0.0,133.0,123.0,128.5,4.757768766592553,0,0,0,0,34.14953603470337,0.2657551442389367,4104940.6363636362,6759012.055668244,2.405438E7,585.0,4.5154347E7,4104940.6363636362,6759012.055668244,2.405438E7,585.0,0,0,0,0,0,0,0,0,0,0,0,96,0,0.2657551442389367,0.0,123.0,133.0,128.5,4.757768766592553,22.63636363636363,0,0,0,0,0,0,0,0,0.0,128.5,128.5,0.0,0,0,0,0,0,0,1,128,0,0,0,0,11,8,6029414.0,0.0,6029414.0,6029414.0,2.405438E7,0.0,2.405438E7,2.405438E7,-1,-1,0,Scarab
192.168.1.5-239.255.255.250-1900-1900-17,192.168.1.5,1900,239.255.255.250,1900,17,1970-01-01 00:23:16.212656,6016892,18,0,8607.0,0.0,513.0,433.0,478.1666666666667,30.860692684079147,0,0,0,0,1430.47274240588,2.9915777115494175,353934.82352941175,989365.7614324339,2982730.0,506.0,6016892.0,353934.82352941175,989365.7614324339,2982730.0,506.0,0,0,0,0,0,0,0,0,0,0,0,144,0,2.9915777115494175,0.0,433.0,513.0,478.1666666666667,30.860692684079147,952.3823529411761,0,0,0,0,0,0,0,0,0.0,478.1666666666667,478.1666666666667,0.0,2869,6,165774,0,0,0,1,478,0,0,0,0,17,8,0,0,0,0,0,0,0,0,-1,-1,0,Scarab
192.168.1.5-224.0.0.22-0-0-0,192.168.1.5,0,224.0.0.22,0,0,1970-01-01 00:20:44.646534,784936,6,0,0.0,0.0,0.0,0.0,0.0,0.0,0,0,0,0,0.0,7.643935301731607,156987.2,196573.85062159208,446693.0,2307.0,784936.0,156987.2,196573.85062159208,446693.0,2307.0,0,0,0,0,0,0,0,0,0,0,0,0,0,7.643935301731607,0.0,0.0,0.0,0.0,0.0,0.0,0,0,0,0,0,0,0,0,0.0,0.0,0.0,0.0,0,0,0,0,0,0,1,0,0,0,0,0,0,0,0,0,0,0,0,0,0,0,-1,-1,0,Scarab
192.168.1.5-239.255.255.250-49211-1900-17,192.168.1.5,49211,239.255.255.250,1900,17,1970-01-01 00:20:44.910214,25771848,12,0,1542.0,0.0,133.0,123.0,128.5,4.757768766592555,0,0,0,0,59.83272910813381,0.46562435103606076,2342895.272727273,1593691.5620085397,4782820.0,588.0,2.5771848E7,2342895.272727273,1593691.5620085397,4782820.0,588.0,0,0,0,0,0,0,0,0,0,0,0,96,0,0.46562435103606076,0.0,123.0,133.0,128.5,4.757768766592555,22.636363636363644,0,0,0,0,0,0,0,0,0.0,128.5,128.5,0.0,0,0,0,0,0,0,1,128,0,0,0,0,11,8,0,0,0,0,0,0,0,0,-1,-1,0,Scarab
134.221.96.0-0.0.0.64-0-0-0,134.221.96.0,0,0.0.0.64,0,0,1970-01-01 00:20:52.792368,2124084,2,0,0.0,0.0,0.0,0.0,0.0,0.0,0,0,0,0,0.0,0.9415823479674063,2124084.0,0.0,2124084.0,2124084.0,2124084.0,2124084.0,0.0,2124084.0,2124084.0,0,0,0,0,0,0,0,0,0,0,0,0,0,0.9415823479674063,0.0,0.0,0.0,0.0,0.0,0.0,0,0,0,0,0,0,0,0,0.0,0.0,0.0,0.0,0,0,0,0,0,0,1,0,0,0,0,0,0,0,0,0,0,0,0,0,0,0,-1,-1,0,Scarab
134.221.96.0-0.0.0.104-0-0-0,134.221.96.0,0,0.0.0.104,0,0,1970-01-01 00:28:53.655445,111342163,24,0,0.0,0.0,0.0,0.0,0.0,0.0,0,0,0,0,0.0,0.21555176721328828,4840963.608695652,3800044.006351048,8751622.0,1256965.0,1.11342163E8,4840963.608695652,3800044.006351048,8751622.0,1256965.0,0,0,0,0,0,0,0,0,0,0,0,0,0,0.21555176721328828,0.0,0.0,0.0,0.0,0.0,0.0,0,0,0,0,0,0,0,0,0.0,0.0,0.0,0.0,0,0,0,0,0,0,1,0,0,0,0,0,0,0,1282828.8181818181,20615.113697567485,1328760.0,1256965.0,8722698.181818182,15236.861565415402,8751622.0,8689386.0,-1,-1,0,Scarab
134.221.96.0-0.0.0.128-0-0-0,134.221.96.0,0,0.0.0.128,0,0,1970-01-01 00:28:53.656818,111341868,24,0,0.0,0.0,0.0,0.0,0.0,0.0,0,0,0,0,0.0,0.21555233831715487,4840950.782608696,3800812.965286876,8752063.0,1256674.0,1.11341868E8,4840950.782608696,3800812.965286876,8752063.0,1256674.0,0,0,0,0,0,0,0,0,0,0,0,0,0,0.21555233831715487,0.0,0.0,0.0,0.0,0.0,0.0,0,0,0,0,0,0,0,0,0.0,0.0,0.0,0.0,0,0,0,0,0,0,1,0,0,0,0,0,0,0,1282132.8181818181,24332.8832686066,1328296.0,1256674.0,8723457.636363635,16777.338157602655,8752063.0,8689727.0,-1,-1,0,Scarab
134.221.96.0-0.0.0.116-0-0-0,134.221.96.0,0,0.0.0.116,0,0,1970-01-01 00:28:53.667790,111331697,24,0,0.0,0.0,0.0,0.0,0.0,0.0,0,0,0,0,0.0,0.2155720306679597,4840508.565217392,3801333.560831536,8752174.0,1261927.0,1.11331697E8,4840508.565217392,3801333.560831536,8752174.0,1261927.0,0,0,0,0,0,0,0,0,0,0,0,0,0,0.2155720306679597,0.0,0.0,0.0,0.0,0.0,0.0,0,0,0,0,0,0,0,0,0.0,0.0,0.0,0.0,0,0,0,0,0,0,1,0,0,0,0,0,0,0,1281079.8181818181,19312.769272262216,1317838.0,1261927.0,8723565.181818182,14378.071461904816,8752174.0,8703741.0,-1,-1,0,Scarab
134.221.96.0-0.0.0.28-0-0-0,134.221.96.0,0,0.0.0.28,0,0,1970-01-01 00:28:53.668394,111331521,24,0,0.0,0.0,0.0,0.0,0.0,0.0,0,0,0,0,0.0,0.2155723714580348,4840500.9130434785,3801540.9121903563,8752142.0,1261546.0,1.11331521E8,4840500.9130434785,3801540.9121903563,8752142.0,1261546.0,0,0,0,0,0,0,0,0,0,0,0,0,0,0.2155723714580348,0.0,0.0,0.0,0.0,0.0,0.0,0,0,0,0,0,0,0,0,0.0,0.0,0.0,0.0,0,0,0,0,0,0,1,0,0,0,0,0,0,0,1280873.6363636365,19273.499252978047,1317569.0,1261546.0,8723769.636363635,14263.180320480484,8752142.0,8704070.0,-1,-1,0,Scarab
134.221.96.0-0.0.0.136-0-0-0,134.221.96.0,0,0.0.0.136,0,0,1970-01-01 00:28:53.668590,111331733,48,0,0.0,0.0,0.0,0.0,0.0,0.0,0,0,0,0,0.0,0.4311439219220633,2368760.276595744,3590982.2496160693,8752030.0,13.0,1.11331733E8,2368760.276595744,3590982.2496160693,8752030.0,13.0,0,0,0,0,0,0,0,0,0,0,0,0,0,0.4311439219220633,0.0,0.0,0.0,0.0,0.0,0.0,0,0,0,0,0,0,0,0,0.0,0.0,0.0,0.0,0,0,0,0,0,0,1,0,0,0,0,0,0,0,1280471.272727273,19303.211266993432,1317690.0,1261600.0,8724177.818181818,14092.203318276104,8752030.0,8703944.0,-1,-1,0,Scarab
134.221.96.0-0.0.0.32-0-0-0,134.221.96.0,0,0.0.0.32,0,0,1970-01-01 00:28:28.430668,109999920,14,0,0.0,0.0,0.0,0.0,0.0,0.0,0,0,0,0,0.0,0.12727281983477806,8461532.307692306,1.1318119162954478E7,3.051355E7,125.0,1.0999992E8,8461532.307692306,1.1318119162954478E7,3.051355E7,125.0,0,0,0,0,0,0,0,0,0,0,0,0,0,0.12727281983477806,0.0,0.0,0.0,0.0,0.0,0.0,0,0,0,0,0,0,0,0,0.0,0.0,0.0,0.0,0,0,0,0,0,0,1,0,0,0,0,0,0,0,229.0,109.31239636930479,429.0,125.0,1.83330335E7,9501210.756524323,3.051355E7,5485954.0,-1,-1,0,Scarab
134.221.96.0-0.0.1.146-0-0-0,134.221.96.0,0,0.0.1.146,0,0,1970-01-01 00:28:59.165552,119250012,72,0,0.0,0.0,0.0,0.0,0.0,0.0,0,0,0,0,0.0,0.6037735241485762,1679577.633802817,989464.469568452,3813838.0,16147.0,1.19250012E8,1679577.633802817,989464.469568452,3813838.0,16147.0,0,0,0,0,0,0,0,0,0,0,0,0,0,0.6037735241485762,0.0,0.0,0.0,0.0,0.0,0.0,0,0,0,0,0,0,0,0,0.0,0.0,0.0,0.0,0,0,0,0,0,0,1,0,0,0,0,0,0,0,0,0,0,0,0,0,0,0,-1,-1,0,Scarab
134.221.96.0-0.0.0.194-0-0-0,134.221.96.0,0,0.0.0.194,0,0,1970-01-01 00:29:42.189027,119985058,35,0,0.0,0.0,0.0,0.0,0.0,0.0,0,0,0,0,0.0,0.2917029885504577,3528972.294117647,8614708.935295234,2.6583473E7,431.0,1.19985058E8,3528972.294117647,8614708.935295234,2.6583473E7,431.0,0,0,0,0,0,0,0,0,0,0,0,0,0,0.2917029885504577,0.0,0.0,0.0,0.0,0.0,0.0,0,0,0,0,0,0,0,0,0.0,0.0,0.0,0.0,0,0,0,0,0,0,1,0,0,0,0,0,0,0,3412637.0,11983.85956192747,3420663.0,3394805.0,2.6581577E7,1703.6539163417747,2.6583473E7,2.6579391E7,-1,-1,0,Scarab
134.221.96.0-0.0.0.42-0-0-0,134.221.96.0,0,0.0.0.42,0,0,1970-01-01 00:29:42.189663,119984770,37,0,0.0,0.0,0.0,0.0,0.0,0.0,0,0,0,0,0.0,0.30837247093943676,3332910.2777777785,7798972.2100576805,2.6584923E7,0.0,1.1998477E8,3332910.2777777785,7798972.2100576805,2.6584923E7,0.0,0,0,0,0,0,0,0,0,0,0,0,0,0,0.30837247093943676,0.0,0.0,0.0,0.0,0.0,0.0,0,0,0,0,0,0,0,0,0.0,0.0,0.0,0.0,0,0,0,0,0,0,1,0,0,0,0,0,0,0,2985791.8,952052.4874720406,3419150.0,1282801.0,2.1009807E7,8274208.137649246,2.6584923E7,8128452.0,-1,-1,0,Scarab
192.168.1.4-192.168.1.255-138-138-17,192.168.1.4,138,192.168.1.255,138,17,1970-01-01 00:22:48.206953,5277697,2,0,405.0,0.0,204.0,201.0,202.5,2.1213203435596424,0,0,0,0,76.73801660080144,0.3789531683990195,5277697.0,0.0,5277697.0,5277697.0,5277697.0,5277697.0,0.0,5277697.0,5277697.0,0,0,0,0,0,0,0,0,0,0,0,16,0,0.3789531683990195,0.0,201.0,204.0,202.5,2.1213203435596424,4.5,0,0,0,0,0,0,0,0,0.0,202.5,202.5,0.0,0,0,0,0,0,0,1,202,0,0,0,0,1,8,0,0,0,0,5277697.0,0.0,5277697.0,5277697.0,-1,-1,0,Scarab
134.221.96.0-0.0.0.104-0-0-0,134.221.96.0,0,0.0.0.104,0,0,1970-01-01 00:30:53.715756,111283727,24,0,0.0,0.0,0.0,0.0,0.0,0.0,0,0,0,0,0.0,0.21566495521847504,4838422.9130434785,3796026.370133043,8720018.0,1279150.0,1.11283727E8,4838422.9130434785,3796026.370133043,8720018.0,1279150.0,0,0,0,0,0,0,0,0,0,0,0,0,0,0.21566495521847504,0.0,0.0,0.0,0.0,0.0,0.0,0,0,0,0,0,0,0,0,0.0,0.0,0.0,0.0,0,0,0,0,0,0,1,0,0,0,0,0,0,0,1283703.0909090908,2193.060849796274,1288100.0,1279150.0,8716093.0,2125.492225344416,8720018.0,8711673.0,-1,-1,0,Scarab
134.221.96.0-0.0.0.128-0-0-0,134.221.96.0,0,0.0.0.128,0,0,1970-01-01 00:30:53.716359,111284370,24,0,0.0,0.0,0.0,0.0,0.0,0.0,0,0,0,0,0.0,0.21566370910847588,4838450.869565218,3796693.468927826,8720106.0,1279217.0,1.1128437E8,4838450.869565218,3796693.468927826,8720106.0,1279217.0,0,0,0,0,0,0,0,0,0,0,0,0,0,0.21566370910847588,0.0,0.0,0.0,0.0,0.0,0.0,0,0,0,0,0,0,0,0,0.0,0.0,0.0,0.0,0,0,0,0,0,0,1,0,0,0,0,0,0,0,1283120.4545454544,2089.7836425638166,1287034.0,1279217.0,8716802.454545455,2046.7816377737222,8720106.0,8712277.0,-1,-1,0,Scarab
134.221.96.0-0.0.0.116-0-0-0,134.221.96.0,0,0.0.0.116,0,0,1970-01-01 00:30:53.716807,111284509,24,0,0.0,0.0,0.0,0.0,0.0,0.0,0,0,0,0,0.0,0.21566343973355717,4838456.9130434785,3796649.055637627,8720279.0,1278921.0,1.11284509E8,4838456.9130434785,3796649.055637627,8720279.0,1278921.0,0,0,0,0,0,0,0,0,0,0,0,0,0,0.21566343973355717,0.0,0.0,0.0,0.0,0.0,0.0,0,0,0,0,0,0,0,0,0.0,0.0,0.0,0.0,0,0,0,0,0,0,1,0,0,0,0,0,0,0,1283164.5454545454,2158.61693515253,1286958.0,1278921.0,8716763.090909092,2123.9590605540984,8720279.0,8712202.0,-1,-1,0,Scarab
134.221.96.0-0.0.0.28-0-0-0,134.221.96.0,0,0.0.0.28,0,0,1970-01-01 00:30:53.717648,111284289,24,0,0.0,0.0,0.0,0.0,0.0,0.0,0,0,0,0,0.0,0.2156638660826597,4838447.347826087,3796674.263808771,8720307.0,1279033.0,1.11284289E8,4838447.347826087,3796674.263808771,8720307.0,1279033.0,0,0,0,0,0,0,0,0,0,0,0,0,0,0.2156638660826597,0.0,0.0,0.0,0.0,0.0,0.0,0,0,0,0,0,0,0,0,0.0,0.0,0.0,0.0,0,0,0,0,0,0,1,0,0,0,0,0,0,0,1283118.4545454544,2140.4740766305094,1286796.0,1279033.0,8716779.272727272,2140.165745492999,8720307.0,8712302.0,-1,-1,0,Scarab
134.221.96.0-0.0.0.136-0-0-0,134.221.96.0,0,0.0.0.136,0,0,1970-01-01 00:30:53.717806,111284572,48,0,0.0,0.0,0.0,0.0,0.0,0.0,0,0,0,0,0.0,0.4313266352859766,2367756.85106383,3587538.588866351,8720073.0,130.0,1.11284572E8,2367756.85106383,3587538.588866351,8720073.0,130.0,0,0,0,0,0,0,0,0,0,0,0,0,0,0.4313266352859766,0.0,0.0,0.0,0.0,0.0,0.0,0,0,0,0,0,0,0,0,0.0,0.0,0.0,0.0,0,0,0,0,0,0,1,0,0,0,0,0,0,0,1283268.7272727273,2139.5517329996396,1286958.0,1279244.0,8716635.727272727,2076.258514294643,8720073.0,8712372.0,-1,-1,0,Scarab
134.221.96.0-0.0.1.146-0-0-0,134.221.96.0,0,0.0.1.146,0,0,1970-01-01 00:31:00.054902,118139575,73,0,0.0,0.0,0.0,0.0,0.0,0.0,0,0,0,0,0.0,0.6179131760038921,1640827.4305555553,1101222.5834795632,4486880.0,13609.0,1.18139575E8,1640827.4305555553,1101222.5834795632,4486880.0,13609.0,0,0,0,0,0,0,0,0,0,0,0,0,0,0.6179131760038921,0.0,0.0,0.0,0.0,0.0,0.0,0,0,0,0,0,0,0,0,0.0,0.0,0.0,0.0,0,0,0,0,0,0,1,0,0,0,0,0,0,0,0,0,0,0,0,0,0,0,-1,-1,0,Scarab
134.221.96.0-0.0.0.32-0-0-0,134.221.96.0,0,0.0.0.32,0,0,1970-01-01 00:30:56.463478,109466929,14,0,0.0,0.0,0.0,0.0,0.0,0.0,0,0,0,0,0.0,0.1278925071516348,8420533.0,1.2100560505942682E7,3.4985947E7,189.0,1.09466929E8,8420533.0,1.2100560505942682E7,3.4985947E7,189.0,0,0,0,0,0,0,0,0,0,0,0,0,0,0.1278925071516348,0.0,0.0,0.0,0.0,0.0,0.0,0,0,0,0,0,0,0,0,0.0,0.0,0.0,0.0,0,0,0,0,0,0,1,0,0,0,0,0,0,0,296458.0,662211.5364598385,1481058.0,219.0,2.159689E7,9280807.96232432,3.4985947E7,1.1013304E7,-1,-1,0,Scarab
134.221.96.0-0.0.0.194-0-0-0,134.221.96.0,0,0.0.0.194,0,0,1970-01-01 00:31:45.575811,116600383,32,0,0.0,0.0,0.0,0.0,0.0,0.0,0,0,0,0,0.0,0.2744416371256688,3761302.677419354,8985797.067997267,2.6581677E7,725.0,1.16600383E8,3761302.677419354,8985797.067997267,2.6581677E7,725.0,0,0,0,0,0,0,0,0,0,0,0,0,0,0.2744416371256688,0.0,0.0,0.0,0.0,0.0,0.0,0,0,0,0,0,0,0,0,0.0,0.0,0.0,0.0,0,0,0,0,0,0,1,0,0,0,0,0,0,0,2567054.25,1705413.519181858,3420023.0,8934.0,2.6581044E7,445.24899400971884,2.6581677E7,2.6580705E7,-1,-1,0,Scarab
134.221.96.0-0.0.0.42-0-0-0,134.221.96.0,0,0.0.0.42,0,0,1970-01-01 00:31:45.578161,119999320,33,0,0.0,0.0,0.0,0.0,0.0,0.0,0,0,0,0,0.0,0.27500155834216394,3749978.75,8840574.949236182,2.6582809E7,693.0,1.1999932E8,3749978.75,8840574.949236182,2.6582809E7,693.0,0,0,0,0,0,0,0,0,0,0,0,0,0,0.27500155834216394,0.0,0.0,0.0,0.0,0.0,0.0,0,0,0,0,0,0,0,0,0.0,0.0,0.0,0.0,0,0,0,0,0,0,1,0,0,0,0,0,0,0,2565358.0,1705637.3626346644,3418545.0,6902.0,2.658257425E7,335.0237553766989,2.6582809E7,2.6582087E7,-1,-1,0,Scarab
192.168.1.4-255.255.255.255-68-67-17,192.168.1.4,68,255.255.255.255,67,17,1970-01-01 00:10:06.010591,2980693,2,0,600.0,0.0,300.0,300.0,300.0,0.0,0,0,0,0,201.29547054996942,0.6709849018332313,2980693.0,0.0,2980693.0,2980693.0,2980693.0,2980693.0,0.0,2980693.0,2980693.0,0,0,0,0,0,0,0,0,0,0,0,16,0,0.6709849018332313,0.0,300.0,300.0,300.0,0.0,0.0,0,0,0,0,0,0,0,0,0.0,300.0,300.0,0.0,0,0,0,0,0,0,1,300,0,0,0,0,1,8,0,0,0,0,0,0,0,0,-1,-1,0,Scarab
192.168.1.4-192.168.1.255-137-137-17,192.168.1.4,137,192.168.1.255,137,17,1970-01-01 00:10:17.547749,27724275,10,0,500.0,0.0,50.0,50.0,50.0,0.0,0,0,0,0,18.03473670637014,0.3606947341274028,3080475.0,6859029.559821637,2.1331062E7,222665.0,2.7724275E7,3080475.0,6859029.559821637,2.1331062E7,222665.0,0,0,0,0,0,0,0,0,0,0,0,80,0,0.3606947341274028,0.0,50.0,50.0,50.0,0.0,0.0,0,0,0,0,0,0,0,0,0.0,50.0,50.0,0.0,200,4,133,0,0,0,1,50,0,0,0,0,9,8,1489557.0,0.0,1489557.0,1489557.0,2.1331062E7,0.0,2.1331062E7,2.1331062E7,-1,-1,0,Scarab
8.6.0.1-8.0.6.4-0-0-0,8.6.0.1,0,8.0.6.4,0,0,1970-01-01 00:30:17.532720,31411312,5,0,0.0,0.0,0.0,0.0,0.0,0.0,0,0,0,0,0.0,0.15917832403816817,7852828.0,1.0781021175642285E7,2.2999932E7,458.0,3.1411312E7,7852828.0,1.0781021175642285E7,2.2999932E7,458.0,0,0,0,0,0,0,0,0,0,0,0,0,0,0.15917832403816817,0.0,0.0,0.0,0.0,0.0,0.0,0,0,0,0,0,0,0,0,0.0,0.0,0.0,0.0,0,0,0,0,0,0,1,0,0,0,0,0,0,0,134768.5,189943.7306691116,269079.0,458.0,1.55708875E7,1.050625548737325E7,2.2999932E7,8141843.0,-1,-1,0,Scarab
134.221.96.0-0.0.0.104-0-0-0,134.221.96.0,0,0.0.0.104,0,0,1970-01-01 00:32:53.716002,111282676,24,0,0.0,0.0,0.0,0.0,0.0,0.0,0,0,0,0,0.0,0.21566699204825018,4838377.217391304,3795964.8020619447,8718154.0,1281244.0,1.11282676E8,4838377.217391304,3795964.8020619447,8718154.0,1281244.0,0,0,0,0,0,0,0,0,0,0,0,0,0,0.21566699204825018,0.0,0.0,0.0,0.0,0.0,0.0,0,0,0,0,0,0,0,0,0.0,0.0,0.0,0.0,0,0,0,0,0,0,1,0,0,0,0,0,0,0,1283966.5454545454,1702.3200852739928,1287907.0,1281244.0,8715984.727272728,1301.7230958163468,8718154.0,8713356.0,-1,-1,0,Scarab
134.221.96.0-0.0.0.128-0-0-0,134.221.96.0,0,0.0.0.128,0,0,1970-01-01 00:32:53.717744,119999897,25,0,0.0,0.0,0.0,0.0,0.0,0.0,0,0,0,0,0.0,0.20833351215293125,4999995.708333332,3796540.8755728696,8718788.0,1280670.0,1.19999897E8,4999995.708333332,3796540.8755728696,8718788.0,1280670.0,0,0,0,0,0,0,0,0,0,0,0,0,0,0.20833351215293125,0.0,0.0,0.0,0.0,0.0,0.0,0,0,0,0,0,0,0,0,0.0,0.0,0.0,0.0,0,0,0,0,0,0,1,0,0,0,0,0,0,0,1283391.25,1711.5676559543624,1287582.0,1280670.0,8716600.166666666,1322.5533041901388,8718788.0,8713808.0,-1,-1,0,Scarab
134.221.96.0-0.0.0.116-0-0-0,134.221.96.0,0,0.0.0.116,0,0,1970-01-01 00:32:53.718283,119999877,25,0,0.0,0.0,0.0,0.0,0.0,0.0,0,0,0,0,0.0,0.20833354687521888,4999994.875000001,3796495.5500866994,8718760.0,1280767.0,1.19999877E8,4999994.875000001,3796495.5500866994,8718760.0,1280767.0,0,0,0,0,0,0,0,0,0,0,0,0,0,0.20833354687521888,0.0,0.0,0.0,0.0,0.0,0.0,0,0,0,0,0,0,0,0,0.0,0.0,0.0,0.0,0,0,0,0,0,0,1,0,0,0,0,0,0,0,1283434.8333333333,1881.4690021524766,1288469.0,1280767.0,8716554.916666668,1369.9152235442139,8718760.0,8714071.0,-1,-1,0,Scarab
134.221.96.0-0.0.0.28-0-0-0,134.221.96.0,0,0.0.0.28,0,0,1970-01-01 00:32:53.718817,119999835,25,0,0.0,0.0,0.0,0.0,0.0,0.0,0,0,0,0,0.0,0.20833361979206053,4999993.125,3796555.2458892926,8719012.0,1280844.0,1.19999835E8,4999993.125,3796555.2458892926,8719012.0,1280844.0,0,0,0,0,0,0,0,0,0,0,0,0,0,0.20833361979206053,0.0,0.0,0.0,0.0,0.0,0.0,0,0,0,0,0,0,0,0,0.0,0.0,0.0,0.0,0,0,0,0,0,0,1,0,0,0,0,0,0,0,1283374.6666666667,1908.5592058996233,1288545.0,1280844.0,8716611.583333332,1461.092396949721,8719012.0,8713843.0,-1,-1,0,Scarab
134.221.96.0-0.0.0.136-0-0-0,134.221.96.0,0,0.0.0.136,0,0,1970-01-01 00:32:53.719214,119999999,50,0,0.0,0.0,0.0,0.0,0.0,0.0,0,0,0,0,0.0,0.4166666701388889,2448979.571428571,3644629.0770320795,8718989.0,127.0,1.19999999E8,2448979.571428571,3644629.0770320795,8718989.0,127.0,0,0,0,0,0,0,0,0,0,0,0,0,0,0.4166666701388889,0.0,0.0,0.0,0.0,0.0,0.0,0,0,0,0,0,0,0,0,0.0,0.0,0.0,0.0,0,0,0,0,0,0,1,0,0,0,0,0,0,0,1283518.1666666667,1914.1822765554107,1288796.0,1281170.0,8716454.416666666,1511.2104394897972,8718989.0,8713531.0,-1,-1,0,Scarab
134.221.96.0-0.0.1.146-0-0-0,134.221.96.0,0,0.0.1.146,0,0,1970-01-01 00:33:00.415297,119951376,72,0,0.0,0.0,0.0,0.0,0.0,0.0,0,0,0,0,0.0,0.6002432185521573,1689456.0000000002,1089514.3297194527,4312170.0,33193.0,1.19951376E8,1689456.0000000002,1089514.3297194527,4312170.0,33193.0,0,0,0,0,0,0,0,0,0,0,0,0,0,0.6002432185521573,0.0,0.0,0.0,0.0,0.0,0.0,0,0,0,0,0,0,0,0,0.0,0.0,0.0,0.0,0,0,0,0,0,0,1,0,0,0,0,0,0,0,0,0,0,0,0,0,0,0,-1,-1,0,Scarab
134.221.96.0-0.0.0.32-0-0-0,134.221.96.0,0,0.0.0.32,0,0,1970-01-01 00:33:14.943465,119487417,14,0,0.0,0.0,0.0,0.0,0.0,0.0,0,0,0,0,0.0,0.1171671490731112,9191339.769230768,1.4920751556045042E7,3.8486793E7,257.0,1.19487417E8,9191339.769230768,1.4920751556045042E7,3.8486793E7,257.0,0,0,0,0,0,0,0,0,0,0,0,0,0,0.1171671490731112,0.0,0.0,0.0,0.0,0.0,0.0,0,0,0,0,0,0,0,0,0.0,0.0,0.0,0.0,0,0,0,0,0,0,1,0,0,0,0,0,0,0,3019.2,5705.780682781279,13223.0,274.0,2.38943564E7,1.5125259262512306E7,3.8486793E7,6512648.0,-1,-1,0,Scarab
134.221.96.0-0.0.0.194-0-0-0,134.221.96.0,0,0.0.0.194,0,0,1970-01-01 00:33:45.575872,119999256,33,0,0.0,0.0,0.0,0.0,0.0,0.0,0,0,0,0,0.0,0.2750017050105711,3749976.75,8839685.05705259,2.6581647E7,701.0,1.19999256E8,3749976.75,8839685.05705259,2.6581647E7,701.0,0,0,0,0,0,0,0,0,0,0,0,0,0,0.2750017050105711,0.0,0.0,0.0,0.0,0.0,0.0,0,0,0,0,0,0,0,0,0.0,0.0,0.0,0.0,0,0,0,0,0,0,1,0,0,0,0,0,0,0,2566989.0,1704410.1239161894,3420086.0,10374.0,2.658050025E7,947.6364897294039,2.6581647E7,2.657933E7,-1,-1,0,Scarab
134.221.96.0-0.0.0.42-0-0-0,134.221.96.0,0,0.0.0.42,0,0,1970-01-01 00:33:45.584874,119999453,35,0,0.0,0.0,0.0,0.0,0.0,0.0,0,0,0,0,0.0,0.29166799618661593,3529395.6764705884,8614839.438312765,2.6582329E7,697.0,1.19999453E8,3529395.6764705884,8614839.438312765,2.6582329E7,697.0,0,0,0,0,0,0,0,0,0,0,0,0,0,0.29166799618661593,0.0,0.0,0.0,0.0,0.0,0.0,0,0,0,0,0,0,0,0,0.0,0.0,0.0,0.0,0,0,0,0,0,0,1,0,0,0,0,0,0,0,2564033.0,1708196.9362416423,3419182.0,1738.0,2.65817275E7,645.8062144840972,2.6582329E7,2.658097E7,-1,-1,0,Scarab
134.221.96.0-0.0.0.104-0-0-0,134.221.96.0,0,0.0.0.104,0,0,1970-01-01 00:34:53.716003,119999950,25,0,0.0,0.0,0.0,0.0,0.0,0.0,0,0,0,0,0.0,0.20833342013892506,4999997.916666667,3796718.338627039,8723960.0,1277020.0,1.1999995E8,4999997.916666667,3796718.338627039,8723960.0,1277020.0,0,0,0,0,0,0,0,0,0,0,0,0,0,0.20833342013892506,0.0,0.0,0.0,0.0,0.0,0.0,0,0,0,0,0,0,0,0,0.0,0.0,0.0,0.0,0,0,0,0,0,0,1,0,0,0,0,0,0,0,1283220.0833333335,2084.4647648882565,1285300.0,1277020.0,8716775.749999998,2456.7979576158755,8723960.0,8714170.0,-1,-1,0,Scarab
134.221.96.0-0.0.0.128-0-0-0,134.221.96.0,0,0.0.0.128,0,0,1970-01-01 00:34:55.000400,118717224,24,0,0.0,0.0,0.0,0.0,0.0,0.0,0,0,0,0,0.0,0.20216106131322611,5161618.434782608,3797370.67599039,8725361.0,1275569.0,1.18717224E8,5161618.434782608,3797370.67599039,8725361.0,1275569.0,0,0,0,0,0,0,0,0,0,0,0,0,0,0.20216106131322611,0.0,0.0,0.0,0.0,0.0,0.0,0,0,0,0,0,0,0,0,0.0,0.0,0.0,0.0,0,0,0,0,0,0,1,0,0,0,0,0,0,0,1282575.3636363635,2456.0164198443927,1284604.0,1275569.0,8717407.916666666,2630.233292740578,8725361.0,8715224.0,-1,-1,0,Scarab
134.221.96.0-0.0.0.116-0-0-0,134.221.96.0,0,0.0.0.116,0,0,1970-01-01 00:34:55.000867,118717289,24,0,0.0,0.0,0.0,0.0,0.0,0.0,0,0,0,0,0.0,0.20216095062615522,5161621.2608695645,3797316.397842779,8725721.0,1275220.0,1.18717289E8,5161621.2608695645,3797316.397842779,8725721.0,1275220.0,0,0,0,0,0,0,0,0,0,0,0,0,0,0.20216095062615522,0.0,0.0,0.0,0.0,0.0,0.0,0,0,0,0,0,0,0,0,0.0,0.0,0.0,0.0,0,0,0,0,0,0,1,0,0,0,0,0,0,0,1282633.7272727273,2598.3071446966787,1284999.0,1275220.0,8717359.833333332,2762.622069152826,8725721.0,8714992.0,-1,-1,0,Scarab
134.221.96.0-0.0.0.28-0-0-0,134.221.96.0,0,0.0.0.28,0,0,1970-01-01 00:34:55.001213,118717582,24,0,0.0,0.0,0.0,0.0,0.0,0.0,0,0,0,0,0.0,0.20216045168440175,5161633.999999999,3797517.1302270168,8726863.0,1274108.0,1.18717582E8,5161633.999999999,3797517.1302270168,8726863.0,1274108.0,0,0,0,0,0,0,0,0,0,0,0,0,0,0.20216045168440175,0.0,0.0,0.0,0.0,0.0,0.0,0,0,0,0,0,0,0,0,0.0,0.0,0.0,0.0,0,0,0,0,0,0,1,0,0,0,0,0,0,0,1282441.6363636365,2913.2431162787348,1285122.0,1274108.0,8717560.333333334,3053.076997311966,8726863.0,8715045.0,-1,-1,0,Scarab
134.221.96.0-0.0.0.136-0-0-0,134.221.96.0,0,0.0.0.136,0,0,1970-01-01 00:34:55.001402,118717950,48,0,0.0,0.0,0.0,0.0,0.0,0.0,0,0,0,0,0.0,0.40431965006134285,2525913.8297872334,3701141.704399364,8726502.0,42.0,1.1871795E8,2525913.8297872334,3701141.704399364,8726502.0,42.0,0,0,0,0,0,0,0,0,0,0,0,0,0,0.40431965006134285,0.0,0.0,0.0,0.0,0.0,0.0,0,0,0,0,0,0,0,0,0.0,0.0,0.0,0.0,0,0,0,0,0,0,1,0,0,0,0,0,0,0,1175757.4166666667,370235.90695699025,1285371.0,133.0,8717387.166666666,2998.0072725163777,8726502.0,8714879.0,-1,-1,0,Scarab
134.221.96.0-0.0.1.146-0-0-0,134.221.96.0,0,0.0.1.146,0,0,1970-01-01 00:35:00.728216,117687235,72,0,0.0,0.0,0.0,0.0,0.0,0.0,0,0,0,0,0.0,0.611791074877407,1657566.6901408446,1078523.8231300171,4925337.0,46360.0,1.17687235E8,1657566.6901408446,1078523.8231300171,4925337.0,46360.0,0,0,0,0,0,0,0,0,0,0,0,0,0,0.611791074877407,0.0,0.0,0.0,0.0,0.0,0.0,0,0,0,0,0,0,0,0,0.0,0.0,0.0,0.0,0,0,0,0,0,0,1,0,0,0,0,0,0,0,0,0,0,0,0,0,0,0,-1,-1,0,Scarab
192.168.1.4-239.255.255.250-1900-1900-17,192.168.1.4,1900,239.255.255.250,1900,17,1970-01-01 00:29:47.120939,8500285,18,0,8607.0,0.0,513.0,433.0,478.1666666666667,30.86069268407915,0,0,0,0,1012.5542849445636,2.117576057743946,500016.76470588235,384851.44906436454,1216908.0,132294.0,8500285.0,500016.76470588235,384851.44906436454,1216908.0,132294.0,0,0,0,0,0,0,0,0,0,0,0,144,0,2.117576057743946,0.0,433.0,513.0,478.1666666666667,30.86069268407915,952.3823529411765,0,0,0,0,0,0,0,0,0.0,478.1666666666667,478.1666666666667,0.0,2563,5,1816,0,0,0,1,478,0,0,0,0,17,8,0,0,0,0,0,0,0,0,-1,-1,0,Scarab
134.221.96.0-0.0.0.32-0-0-0,134.221.96.0,0,0.0.0.32,0,0,1970-01-01 00:35:29.943924,96487351,12,0,0.0,0.0,0.0,0.0,0.0,0.0,0,0,0,0,0.0,0.12436863356317036,8771577.363636363,1.2694410653108353E7,3.4513061E7,408.0,9.6487351E7,8771577.363636363,1.2694410653108353E7,3.4513061E7,408.0,0,0,0,0,0,0,0,0,0,0,0,0,0,0.12436863356317036,0.0,0.0,0.0,0.0,0.0,0.0,0,0,0,0,0,0,0,0,0.0,0.0,0.0,0.0,0,0,0,0,0,0,1,0,0,0,0,0,0,0,579.0,180.47160441465576,791.0,408.0,2.32493905E7,9721739.7101148,3.4513061E7,1.1485712E7,-1,-1,0,Scarab
134.221.96.0-0.0.0.194-0-0-0,134.221.96.0,0,0.0.0.194,0,0,1970-01-01 00:35:45.582245,119992649,32,0,0.0,0.0,0.0,0.0,0.0,0.0,0,0,0,0,0.0,0.26668300322297245,3870730.612903225,8959141.66606765,2.6582663E7,741.0,1.19992649E8,3870730.612903225,8959141.66606765,2.6582663E7,741.0,0,0,0,0,0,0,0,0,0,0,0,0,0,0.26668300322297245,0.0,0.0,0.0,0.0,0.0,0.0,0,0,0,0,0,0,0,0,0.0,0.0,0.0,0.0,0,0,0,0,0,0,1,0,0,0,0,0,0,0,2564667.75,1708599.9636514052,3419911.0,1768.0,2.6581004E7,1789.2883128961264,2.6582663E7,2.6579136E7,-1,-1,0,Scarab
192.168.1.5-239.255.255.250-1900-1900-17,192.168.1.5,1900,239.255.255.250,1900,17,1970-01-01 00:30:40.212126,6016989,18,0,8607.0,0.0,513.0,433.0,478.16666666666663,30.86069268407915,0,0,0,0,1430.4496817261925,2.991529484265303,353940.5294117647,989753.8632617276,2985011.0,506.0,6016989.0,353940.5294117647,989753.8632617276,2985011.0,506.0,0,0,0,0,0,0,0,0,0,0,0,144,0,2.991529484265303,0.0,433.0,513.0,478.16666666666663,30.86069268407915,952.3823529411765,0,0,0,0,0,0,0,0,0.0,478.1666666666667,478.1666666666667,0.0,2869,6,172367,0,0,0,1,478,0,0,0,0,17,8,0,0,0,0,0,0,0,0,-1,-1,0,Scarab
134.221.96.0-0.0.0.42-0-0-0,134.221.96.0,0,0.0.0.42,0,0,1970-01-01 00:36:12.168616,119999667,33,0,0.0,0.0,0.0,0.0,0.0,0.0,0,0,0,0,0.0,0.2750007631271177,3749989.5937499995,8840362.007155184,2.6583148E7,690.0,1.19999667E8,3749989.5937499995,8840362.007155184,2.6583148E7,690.0,0,0,0,0,0,0,0,0,0,0,0,0,0,0.2750007631271177,0.0,0.0,0.0,0.0,0.0,0.0,0,0,0,0,0,0,0,0,0.0,0.0,0.0,0.0,0,0,0,0,0,0,1,0,0,0,0,0,0,0,3417841.0,589.755316494392,3418490.0,3417099.0,2.658207575E7,1162.4326145340933,2.6583148E7,2.6580909E7,-1,-1,0,Scarab
134.221.96.0-0.0.1.146-0-0-0,134.221.96.0,0,0.0.1.146,0,0,1970-01-01 00:37:01.633989,118640325,73,0,0.0,0.0,0.0,0.0,0.0,0.0,0,0,0,0,0.0,0.6153051249648887,1647782.2916666674,1161937.805003136,4628305.0,1990.0,1.18640325E8,1647782.2916666674,1161937.805003136,4628305.0,1990.0,0,0,0,0,0,0,0,0,0,0,0,0,0,0.6153051249648887,0.0,0.0,0.0,0.0,0.0,0.0,0,0,0,0,0,0,0,0,0.0,0.0,0.0,0.0,0,0,0,0,0,0,1,0,0,0,0,0,0,0,0,0,0,0,0,0,0,0,-1,-1,0,Scarab
134.221.96.0-0.0.0.104-0-0-0,134.221.96.0,0,0.0.0.104,0,0,1970-01-01 00:36:55.000081,119997828,25,0,0.0,0.0,0.0,0.0,0.0,0.0,0,0,0,0,0.0,0.20833710423492,4999909.5,3796308.521200677,8719728.0,1279786.0,1.19997828E8,4999909.5,3796308.521200677,8719728.0,1279786.0,0,0,0,0,0,0,0,0,0,0,0,0,0,0.20833710423492,0.0,0.0,0.0,0.0,0.0,0.0,0,0,0,0,0,0,0,0,0.0,0.0,0.0,0.0,0,0,0,0,0,0,1,0,0,0,0,0,0,0,1283873.0909090908,986.0817871297821,1285313.0,1282415.0,8716286.500000002,1529.8331756938428,8719728.0,8714248.0,-1,-1,0,Scarab
134.221.96.0-0.0.0.128-0-0-0,134.221.96.0,0,0.0.0.128,0,0,1970-01-01 00:36:55.001265,119997679,25,0,0.0,0.0,0.0,0.0,0.0,0.0,0,0,0,0,0.0,0.20833736292516122,4999903.29166667,3796826.9525672356,8719809.0,1279454.0,1.19997679E8,4999903.29166667,3796826.9525672356,8719809.0,1279454.0,0,0,0,0,0,0,0,0,0,0,0,0,0,0.20833736292516122,0.0,0.0,0.0,0.0,0.0,0.0,0,0,0,0,0,0,0,0,0.0,0.0,0.0,0.0,0,0,0,0,0,0,1,0,0,0,0,0,0,0,1283342.8181818181,983.3179361917595,1284641.0,1281831.0,8716787.833333336,1434.6460338437273,8719809.0,8715051.0,-1,-1,0,Scarab
134.221.96.0-0.0.0.116-0-0-0,134.221.96.0,0,0.0.0.116,0,0,1970-01-01 00:36:55.001852,119997578,25,0,0.0,0.0,0.0,0.0,0.0,0.0,0,0,0,0,0.0,0.20833753827931425,4999899.083333332,3796777.1378683206,8719901.0,1279259.0,1.19997578E8,4999899.083333332,3796777.1378683206,8719901.0,1279259.0,0,0,0,0,0,0,0,0,0,0,0,0,0,0.20833753827931425,0.0,0.0,0.0,0.0,0.0,0.0,0,0,0,0,0,0,0,0,0.0,0.0,0.0,0.0,0,0,0,0,0,0,1,0,0,0,0,0,0,0,1283409.1818181819,1047.3953234745454,1284849.0,1281801.0,8716734.833333332,1477.6575955539377,8719901.0,8715134.0,-1,-1,0,Scarab
134.221.96.0-0.0.0.28-0-0-0,134.221.96.0,0,0.0.0.28,0,0,1970-01-01 00:36:55.002320,119997451,25,0,0.0,0.0,0.0,0.0,0.0,0.0,0,0,0,0,0.0,0.20833775877455932,4999893.791666667,3796830.4715414476,8719865.0,1279200.0,1.19997451E8,4999893.791666667,3796830.4715414476,8719865.0,1279200.0,0,0,0,0,0,0,0,0,0,0,0,0,0,0.20833775877455932,0.0,0.0,0.0,0.0,0.0,0.0,0,0,0,0,0,0,0,0,0.0,0.0,0.0,0.0,0,0,0,0,0,0,1,0,0,0,0,0,0,0,1283351.8181818181,1093.125593715753,1284832.0,1281599.0,8716781.75,1460.2535972155931,8719865.0,8715283.0,-1,-1,0,Scarab
134.221.96.0-0.0.0.136-0-0-0,134.221.96.0,0,0.0.0.136,0,0,1970-01-01 00:36:55.002549,119997533,50,0,0.0,0.0,0.0,0.0,0.0,0.0,0,0,0,0,0.0,0.41667523281499463,2448929.2448979598,3644708.2420089743,8719613.0,135.0,1.19997533E8,2448929.2448979598,3644708.2420089743,8719613.0,135.0,0,0,0,0,0,0,0,0,0,0,0,0,0,0.41667523281499463,0.0,0.0,0.0,0.0,0.0,0.0,0,0,0,0,0,0,0,0,0.0,0.0,0.0,0.0,0,0,0,0,0,0,1,0,0,0,0,0,0,0,1176603.6666666667,370480.2293778695,1285100.0,176.0,8716579.833333334,1480.6763708355725,8719613.0,8714956.0,-1,-1,0,Scarab
134.221.96.0-0.0.0.194-0-0-0,134.221.96.0,0,0.0.0.194,0,0,1970-01-01 00:37:45.582685,119993872,32,0,0.0,0.0,0.0,0.0,0.0,0.0,0,0,0,0,0.0,0.2666802851398945,3870770.0645161285,8959339.30997704,2.6582332E7,746.0,1.19993872E8,3870770.0645161285,8959339.30997704,2.6582332E7,746.0,0,0,0,0,0,0,0,0,0,0,0,0,0,0.2666802851398945,0.0,0.0,0.0,0.0,0.0,0.0,0,0,0,0,0,0,0,0,0.0,0.0,0.0,0.0,0,0,0,0,0,0,1,0,0,0,0,0,0,0,2564061.5,1707932.5978899167,3419372.0,2163.0,2.658162975E7,776.6905754551321,2.6582332E7,2.6580634E7,-1,-1,0,Scarab
192.168.1.4-239.255.255.250-51818-1900-17,192.168.1.4,51818,239.255.255.250,1900,17,1970-01-01 00:30:18.043632,14993955,6,0,798.0,0.0,133.0,133.0,133.0,0.0,0,0,0,0,53.221448243642186,0.4001612649897909,2998791.0,10581.551209534404,3014468.0,2985592.0,1.4993955E7,2998791.0,10581.551209534404,3014468.0,2985592.0,0,0,0,0,0,0,0,0,0,0,0,48,0,0.4001612649897909,0.0,133.0,133.0,133.0,0.0,0.0,0,0,0,0,0,0,0,0,0.0,133.0,133.0,0.0,0,0,0,0,0,0,1,133,0,0,0,0,5,8,0,0,0,0,0,0,0,0,-1,-1,0,Scarab
134.221.96.0-0.0.1.88-0-0-0,134.221.96.0,0,0.0.1.88,0,0,1970-01-01 00:19:47.787974,77049419,2,0,0.0,0.0,0.0,0.0,0.0,0.0,0,0,0,0,0.0,0.025957366401426075,7.7049419E7,0.0,7.7049419E7,7.7049419E7,7.7049419E7,7.7049419E7,0.0,7.7049419E7,7.7049419E7,0,0,0,0,0,0,0,0,0,0,0,0,0,0.025957366401426075,0.0,0.0,0.0,0.0,0.0,0.0,0,0,0,0,0,0,0,0,0.0,0.0,0.0,0.0,0,0,0,0,0,0,1,0,0,0,0,0,0,0,0,0,0,0,7.7049419E7,0.0,7.7049419E7,7.7049419E7,-1,-1,0,Scarab
134.221.96.0-0.0.0.244-0-0-0,134.221.96.0,0,0.0.0.244,0,0,1970-01-01 00:19:47.794114,77046778,2,0,0.0,0.0,0.0,0.0,0.0,0.0,0,0,0,0,0.0,0.025958256164845723,7.7046778E7,0.0,7.7046778E7,7.7046778E7,7.7046778E7,7.7046778E7,0.0,7.7046778E7,7.7046778E7,0,0,0,0,0,0,0,0,0,0,0,0,0,0.025958256164845723,0.0,0.0,0.0,0.0,0.0,0.0,0,0,0,0,0,0,0,0,0.0,0.0,0.0,0.0,0,0,0,0,0,0,1,0,0,0,0,0,0,0,0,0,0,0,7.7046778E7,0.0,7.7046778E7,7.7046778E7,-1,-1,0,Scarab
134.221.96.0-0.0.5.180-0-0-0,134.221.96.0,0,0.0.5.180,0,0,1970-01-01 00:19:47.794339,77297961,12,0,0.0,0.0,0.0,0.0,0.0,0.0,0,0,0,0,0.0,0.1552434222682795,7027087.363636363,2.3178077193148904E7,7.6911191E7,38.0,7.7297961E7,7027087.363636363,2.3178077193148904E7,7.6911191E7,38.0,0,0,0,0,0,0,0,0,0,0,0,0,0,0.1552434222682795,0.0,0.0,0.0,0.0,0.0,0.0,0,0,0,0,0,0,0,0,0.0,0.0,0.0,0.0,0,0,0,0,0,0,1,0,0,0,0,0,0,0,135572.0,0.0,135572.0,135572.0,7.6911191E7,0.0,7.6911191E7,7.6911191E7,-1,-1,0,Scarab
134.221.96.0-0.0.5.91-0-0-0,134.221.96.0,0,0.0.5.91,0,0,1970-01-01 00:19:47.794763,77046752,2,0,0.0,0.0,0.0,0.0,0.0,0.0,0,0,0,0,0.0,0.025958264924652502,7.7046752E7,0.0,7.7046752E7,7.7046752E7,7.7046752E7,7.7046752E7,0.0,7.7046752E7,7.7046752E7,0,0,0,0,0,0,0,0,0,0,0,0,0,0.025958264924652502,0.0,0.0,0.0,0.0,0.0,0.0,0,0,0,0,0,0,0,0,0.0,0.0,0.0,0.0,0,0,0,0,0,0,1,0,0,0,0,0,0,0,0,0,0,0,7.7046752E7,0.0,7.7046752E7,7.7046752E7,-1,-1,0,Scarab
134.221.96.0-0.0.0.32-0-0-0,134.221.96.0,0,0.0.0.32,0,0,1970-01-01 00:37:42.430132,111500776,14,0,0.0,0.0,0.0,0.0,0.0,0.0,0,0,0,0,0.0,0.12555966426637247,8576982.76923077,1.1046530799036713E7,2.9985901E7,210.0,1.11500776E8,8576982.76923077,1.1046530799036713E7,2.9985901E7,210.0,0,0,0,0,0,0,0,0,0,0,0,0,0,0.12555966426637247,0.0,0.0,0.0,0.0,0.0,0.0,0,0,0,0,0,0,0,0,0.0,0.0,0.0,0.0,0,0,0,0,0,0,1,0,0,0,0,0,0,0,420.83333333333337,68.09821338821354,495.0,297.0,1.8583006833333332E7,8350826.161530233,2.9985901E7,6013673.0,-1,-1,0,Scarab
134.221.96.0-0.0.0.227-0-0-0,134.221.96.0,0,0.0.0.227,0,0,1970-01-01 00:19:47.928169,77121075,2,0,0.0,0.0,0.0,0.0,0.0,0.0,0,0,0,0,0.0,0.025933248466777723,7.7121075E7,0.0,7.7121075E7,7.7121075E7,7.7121075E7,7.7121075E7,0.0,7.7121075E7,7.7121075E7,0,0,0,0,0,0,0,0,0,0,0,0,0,0.025933248466777723,0.0,0.0,0.0,0.0,0.0,0.0,0,0,0,0,0,0,0,0,0.0,0.0,0.0,0.0,0,0,0,0,0,0,1,0,0,0,0,0,0,0,0,0,0,0,7.7121075E7,0.0,7.7121075E7,7.7121075E7,-1,-1,0,Scarab
134.221.96.0-0.0.0.209-0-0-0,134.221.96.0,0,0.0.0.209,0,0,1970-01-01 00:19:47.929282,77161691,2,0,0.0,0.0,0.0,0.0,0.0,0.0,0,0,0,0,0.0,0.02591959784810833,7.7161691E7,0.0,7.7161691E7,7.7161691E7,7.7161691E7,7.7161691E7,0.0,7.7161691E7,7.7161691E7,0,0,0,0,0,0,0,0,0,0,0,0,0,0.02591959784810833,0.0,0.0,0.0,0.0,0.0,0.0,0,0,0,0,0,0,0,0,0.0,0.0,0.0,0.0,0,0,0,0,0,0,1,0,0,0,0,0,0,0,0,0,0,0,7.7161691E7,0.0,7.7161691E7,7.7161691E7,-1,-1,0,Scarab
134.221.96.0-0.0.4.102-0-0-0,134.221.96.0,0,0.0.4.102,0,0,1970-01-01 00:19:47.929986,77162355,2,0,0.0,0.0,0.0,0.0,0.0,0.0,0,0,0,0,0.0,0.025919374803944226,7.7162355E7,0.0,7.7162355E7,7.7162355E7,7.7162355E7,7.7162355E7,0.0,7.7162355E7,7.7162355E7,0,0,0,0,0,0,0,0,0,0,0,0,0,0.025919374803944226,0.0,0.0,0.0,0.0,0.0,0.0,0,0,0,0,0,0,0,0,0.0,0.0,0.0,0.0,0,0,0,0,0,0,1,0,0,0,0,0,0,0,0,0,0,0,7.7162355E7,0.0,7.7162355E7,7.7162355E7,-1,-1,0,Scarab
134.221.96.0-0.0.1.214-0-0-0,134.221.96.0,0,0.0.1.214,0,0,1970-01-01 00:19:49.946291,81051729,6,0,0.0,0.0,0.0,0.0,0.0,0.0,0,0,0,0,0.0,0.07402679836725014,1.62103458E7,3.131012513336465E7,7.2190961E7,1010868.0,8.1051729E7,1.62103458E7,3.131012513336465E7,7.2190961E7,1010868.0,0,0,0,0,0,0,0,0,0,0,0,0,0,0.07402679836725014,0.0,0.0,0.0,0.0,0.0,0.0,0,0,0,0,0,0,0,0,0.0,0.0,0.0,0.0,0,0,0,0,0,0,1,0,0,0,0,0,0,0,4437243.0,0.0,4437243.0,4437243.0,7.2190961E7,0.0,7.2190961E7,7.2190961E7,-1,-1,0,Scarab
192.168.1.5-192.168.1.4-1900-51818-17,192.168.1.5,1900,192.168.1.4,51818,17,1970-01-01 00:19:49.684723,4667900,3,0,1338.0,0.0,446.0,446.0,446.0,0.0,0,0,0,0,286.63853124531374,0.642687289787699,2333950.0,341613.1854861577,2575507.0,2092393.0,4667900.0,2333950.0,341613.1854861577,2575507.0,2092393.0,0,0,0,0,0,0,0,0,0,0,0,24,0,0.642687289787699,0.0,446.0,446.0,446.0,0.0,0.0,0,0,0,0,0,0,0,0,0.0,446.0,446.0,0.0,0,0,0,0,0,0,1,446,0,0,0,0,2,8,0,0,0,0,0,0,0,0,-1,-1,0,Scarab
134.221.96.0-0.0.0.42-0-0-0,134.221.96.0,0,0.0.0.42,0,0,1970-01-01 00:38:12.174421,119999675,33,0,0.0,0.0,0.0,0.0,0.0,0.0,0,0,0,0,0.0,0.2750007447936838,3749989.8437500005,8840801.935392438,2.6583946E7,698.0,1.19999675E8,3749989.8437500005,8840801.935392438,2.6583946E7,698.0,0,0,0,0,0,0,0,0,0,0,0,0,0,0.2750007447936838,0.0,0.0,0.0,0.0,0.0,0.0,0,0,0,0,0,0,0,0,0.0,0.0,0.0,0.0,0,0,0,0,0,0,1,0,0,0,0,0,0,0,3415233.25,3980.397080275618,3418341.0,3409478.0,2.658329325E7,658.6655069151526,2.6583946E7,2.6582391E7,-1,-1,0,Scarab
192.168.1.3-255.255.255.255-67-68-17,192.168.1.3,67,255.255.255.255,68,17,1970-01-01 00:30:17.772654,27125936,2,0,1096.0,0.0,548.0,548.0,548.0,0.0,0,0,0,0,40.404135731943036,0.07373017469332671,2.7125936E7,0.0,2.7125936E7,2.7125936E7,2.7125936E7,2.7125936E7,0.0,2.7125936E7,2.7125936E7,0,0,0,0,0,0,0,0,0,0,0,16,0,0.07373017469332671,0.0,548.0,548.0,548.0,0.0,0.0,0,0,0,0,0,0,0,0,0.0,548.0,548.0,0.0,0,0,0,0,0,0,1,548,0,0,0,0,1,8,0,0,0,0,2.7125936E7,0.0,2.7125936E7,2.7125936E7,-1,-1,0,Scarab
192.168.1.4-224.0.0.22-0-0-0,192.168.1.4,0,224.0.0.22,0,0,1970-01-01 00:30:17.786625,657463,6,0,0.0,0.0,0.0,0.0,0.0,0.0,0,0,0,0,0.0,9.12598883891565,131492.6,134006.801724017,325950.0,1183.0,657463.0,131492.6,134006.801724017,325950.0,1183.0,0,0,0,0,0,0,0,0,0,0,0,0,0,9.12598883891565,0.0,0.0,0.0,0.0,0.0,0.0,0,0,0,0,0,0,0,0,0.0,0.0,0.0,0.0,0,0,0,0,0,0,1,0,0,0,0,0,0,0,0,0,0,0,0,0,0,0,-1,-1,0,Scarab
192.168.1.5-224.0.0.22-0-0-0,192.168.1.5,0,224.0.0.22,0,0,1970-01-01 00:30:44.946716,483561,5,0,0.0,0.0,0.0,0.0,0.0,0.0,0,0,0,0,0.0,10.339957109857908,120890.25,149018.31549259304,318679.0,1792.0,483561.0,120890.25,149018.31549259304,318679.0,1792.0,0,0,0,0,0,0,0,0,0,0,0,0,0,10.339957109857908,0.0,0.0,0.0,0.0,0.0,0.0,0,0,0,0,0,0,0,0,0.0,0.0,0.0,0.0,0,0,0,0,0,0,1,0,0,0,0,0,0,0,0,0,0,0,0,0,0,0,-1,-1,0,Scarab
192.168.1.5-239.255.255.250-49211-1900-17,192.168.1.5,49211,239.255.255.250,1900,17,1970-01-01 00:30:45.213434,14998238,6,0,798.0,0.0,133.0,133.0,133.0,0.0,0,0,0,0,53.20624996082873,0.40004699218668216,2999647.6,7989.523784306546,3011428.0,2988927.0,1.4998238E7,2999647.6,7989.523784306546,3011428.0,2988927.0,0,0,0,0,0,0,0,0,0,0,0,48,0,0.40004699218668216,0.0,133.0,133.0,133.0,0.0,0.0,0,0,0,0,0,0,0,0,0.0,133.0,133.0,0.0,0,0,0,0,0,0,1,133,0,0,0,0,5,8,0,0,0,0,0,0,0,0,-1,-1,0,Scarab
134.221.96.0-0.0.0.64-0-0-0,134.221.96.0,0,0.0.0.64,0,0,1970-01-01 00:30:53.710355,1283759,2,0,0.0,0.0,0.0,0.0,0.0,0.0,0,0,0,0,0.0,1.5579248129906,1283759.0,0.0,1283759.0,1283759.0,1283759.0,1283759.0,0.0,1283759.0,1283759.0,0,0,0,0,0,0,0,0,0,0,0,0,0,1.5579248129906,0.0,0.0,0.0,0.0,0.0,0.0,0,0,0,0,0,0,0,0,0.0,0.0,0.0,0.0,0,0,0,0,0,0,1,0,0,0,0,0,0,0,0,0,0,0,0,0,0,0,-1,-1,0,Scarab
134.221.96.0-0.0.0.104-0-0-0,134.221.96.0,0,0.0.0.104,0,0,1970-01-01 00:39:03.716124,111284043,24,0,0.0,0.0,0.0,0.0,0.0,0.0,0,0,0,0,0.0,0.21566434282047067,4838436.652173912,3796328.104751121,8719513.0,1280876.0,1.11284043E8,4838436.652173912,3796328.104751121,8719513.0,1280876.0,0,0,0,0,0,0,0,0,0,0,0,0,0,0.21566434282047067,0.0,0.0,0.0,0.0,0.0,0.0,0,0,0,0,0,0,0,0,0.0,0.0,0.0,0.0,0,0,0,0,0,0,1,0,0,0,0,0,0,0,1283577.2727272727,1136.5298140311927,1285077.0,1280876.0,8716415.363636363,1391.1777221280993,8719513.0,8714361.0,-1,-1,0,Scarab
134.221.96.0-0.0.0.128-0-0-0,134.221.96.0,0,0.0.0.128,0,0,1970-01-01 00:39:03.717480,111283715,24,0,0.0,0.0,0.0,0.0,0.0,0.0,0,0,0,0,0.0,0.215664978474164,4838422.391304348,3796965.1157804457,8720346.0,1280035.0,1.11283715E8,4838422.391304348,3796965.1157804457,8720346.0,1280035.0,0,0,0,0,0,0,0,0,0,0,0,0,0,0.215664978474164,0.0,0.0,0.0,0.0,0.0,0.0,0,0,0,0,0,0,0,0,0.0,0.0,0.0,0.0,0,0,0,0,0,0,1,0,0,0,0,0,0,0,1282967.4545454546,1174.0934684799306,1284529.0,1280035.0,8717051.818181818,1338.07173336715,8720346.0,8715265.0,-1,-1,0,Scarab
134.221.96.0-0.0.0.116-0-0-0,134.221.96.0,0,0.0.0.116,0,0,1970-01-01 00:39:03.717894,111283758,24,0,0.0,0.0,0.0,0.0,0.0,0.0,0,0,0,0,0.0,0.21566489514130174,4838424.260869565,3796937.8378796396,8720406.0,1279958.0,1.11283758E8,4838424.260869565,3796937.8378796396,8720406.0,1279958.0,0,0,0,0,0,0,0,0,0,0,0,0,0,0.21566489514130174,0.0,0.0,0.0,0.0,0.0,0.0,0,0,0,0,0,0,0,0,0.0,0.0,0.0,0.0,0,0,0,0,0,0,1,0,0,0,0,0,0,0,1283002.0000000002,1205.4651384424594,1284591.0,1279958.0,8717025.81818182,1343.45381894366,8720406.0,8715287.0,-1,-1,0,Scarab
134.221.96.0-0.0.0.28-0-0-0,134.221.96.0,0,0.0.0.28,0,0,1970-01-01 00:39:03.718305,111283711,26,0,0.0,0.0,0.0,0.0,0.0,0.0,0,0,0,0,0.0,0.23363706841156653,4451348.44,3690506.2894816464,8720610.0,357.0,1.11283711E8,4451348.44,3690506.2894816464,8720610.0,357.0,0,0,0,0,0,0,0,0,0,0,0,0,0,0.23363706841156653,0.0,0.0,0.0,0.0,0.0,0.0,0,0,0,0,0,0,0,0,0.0,0.0,0.0,0.0,0,0,0,0,0,0,1,0,0,0,0,0,0,0,1541129.8181818181,856812.7970366476,4124515.0,1279719.0,8458910.818181816,856471.5975443459,8720610.0,5876555.0,-1,-1,0,Scarab
134.221.96.0-0.0.0.136-0-0-0,134.221.96.0,0,0.0.0.136,0,0,1970-01-01 00:39:03.718479,111283869,48,0,0.0,0.0,0.0,0.0,0.0,0.0,0,0,0,0,0.0,0.43132936005307293,2367741.8936170214,3587739.168717944,8720571.0,129.0,1.11283869E8,2367741.8936170214,3587739.168717944,8720571.0,129.0,0,0,0,0,0,0,0,0,0,0,0,0,0,0.43132936005307293,0.0,0.0,0.0,0.0,0.0,0.0,0,0,0,0,0,0,0,0,0.0,0.0,0.0,0.0,0,0,0,0,0,0,1,0,0,0,0,0,0,0,1283012.2727272727,1272.181204931818,1284652.0,1279773.0,8717036.454545455,1368.8518081688726,8720571.0,8715400.0,-1,-1,0,Scarab
134.221.96.0-0.0.1.146-0-0-0,134.221.96.0,0,0.0.1.146,0,0,1970-01-01 00:39:02.335189,119578069,73,0,0.0,0.0,0.0,0.0,0.0,0.0,0,0,0,0,0.0,0.610479836398763,1660806.5138888888,943003.978097534,4425704.0,90900.0,1.19578069E8,1660806.5138888888,943003.978097534,4425704.0,90900.0,0,0,0,0,0,0,0,0,0,0,0,0,0,0.610479836398763,0.0,0.0,0.0,0.0,0.0,0.0,0,0,0,0,0,0,0,0,0.0,0.0,0.0,0.0,0,0,0,0,0,0,1,0,0,0,0,0,0,0,0,0,0,0,0,0,0,0,-1,-1,0,Scarab
192.168.1.4-192.168.1.5-1900-49211-17,192.168.1.4,1900,192.168.1.5,49211,17,1970-01-01 00:21:06.772070,4859140,3,0,1338.0,0.0,446.0,446.0,446.0,0.0,0,0,0,0,275.35736776466615,0.6173932012660677,2429570.0,1111392.2549028313,3215443.0,1643697.0,4859140.0,2429570.0,1111392.2549028313,3215443.0,1643697.0,0,0,0,0,0,0,0,0,0,0,0,24,0,0.6173932012660677,0.0,446.0,446.0,446.0,0.0,0.0,0,0,0,0,0,0,0,0,0.0,446.0,446.0,0.0,0,0,0,0,0,0,1,446,0,0,0,0,2,8,0,0,0,0,0,0,0,0,-1,-1,0,Scarab
134.221.96.0-0.0.0.32-0-0-0,134.221.96.0,0,0.0.0.32,0,0,1970-01-01 00:39:47.896067,81954102,10,0,0.0,0.0,0.0,0.0,0.0,0.0,0,0,0,0,0.0,0.12201951770516622,9106011.333333334,1.4027676076947484E7,3.6534171E7,186.0,8.1954102E7,9106011.333333334,1.4027676076947484E7,3.6534171E7,186.0,0,0,0,0,0,0,0,0,0,0,0,0,0,0.12201951770516622,0.0,0.0,0.0,0.0,0.0,0.0,0,0,0,0,0,0,0,0,0.0,0.0,0.0,0.0,0,0,0,0,0,0,1,0,0,0,0,0,0,0,316.5,172.6605533023298,560.0,186.0,2.0488144E7,1.4622179178296305E7,3.6534171E7,5919607.0,-1,-1,0,Scarab
192.168.1.4-130.206.193.108-49187-80-6,192.168.1.4,49187,130.206.193.108,80,6,1970-01-01 00:10:46.288923,118908514,4236,41080,13076.0,5.9882613E7,551.0,0.0,3.086874409820581,40.91703827628238,1460.0,0.0,1457.7072297955244,43.7829816708294,503712.3666350754,381.0997083017958,2624.043120379567,343038.77130131354,7.1970963E7,0.0,1.18908514E8,28077.571192443895,1121918.3801449954,7.1970963E7,0.0,4.6709437E7,1137.0636334866974,64129.685834646916,7951904.0,0.0,24,4711,0,0,1,0,84732,821604,35.62402604745359,345.4756822543422,0.0,1460.0,1321.7338026304242,425.6748991408855,181199.11975860305,0,2,1,4735,45315,0,0,0,9.697828139754485,1321.7338026304176,3.0868744098205854,1457.707229795521,0,0,0,2603564,1785,6764945,0,0,0,1321,8192,32768,24,20,1.0636688E7,1.7888260533101507E7,3.1292235E7,275025.0,2.8999483333333332E7,3.721482835936601E7,7.1970963E7,7333740.0,-1,-1,118908514,Scarab
192.168.1.4-224.0.0.252-50258-5355-17,192.168.1.4,50258,224.0.0.252,5355,17,1970-01-01 00:30:18.121777,104035,2,0,42.0,0.0,21.0,21.0,21.0,0.0,0,0,0,0,403.7102898063152,19.224299514586438,104035.0,0.0,104035.0,104035.0,104035.0,104035.0,0.0,104035.0,104035.0,0,0,0,0,0,0,0,0,0,0,0,16,0,19.224299514586438,0.0,21.0,21.0,21.0,0.0,0.0,0,0,0,0,0,0,0,0,0.0,21.0,21.0,0.0,0,0,0,0,0,0,1,21,0,0,0,0,1,8,0,0,0,0,0,0,0,0,-1,-1,0,Scarab
192.168.1.4-192.168.1.255-137-137-17,192.168.1.4,137,192.168.1.255,137,17,1970-01-01 00:34:33.226414,1498416,3,0,150.0,0.0,50.0,50.0,50.0,0.0,0,0,0,0,100.10571163148285,2.002114232629657,749208.0,427.0924958366747,749510.0,748906.0,1498416.0,749208.0,427.0924958366747,749510.0,748906.0,0,0,0,0,0,0,0,0,0,0,0,24,0,2.002114232629657,0.0,50.0,50.0,50.0,0.0,0.0,0,0,0,0,0,0,0,0,0.0,50.0,50.0,0.0,0,0,0,0,0,0,1,50,0,0,0,0,2,8,0,0,0,0,0,0,0,0,-1,-1,0,Scarab
192.168.1.5-192.168.1.4-3702-60114-17,192.168.1.5,3702,192.168.1.4,60114,17,1970-01-01 00:10:44.941277,7114845,4,0,4944.0,0.0,1236.0,1236.0,1236.0,0.0,0,0,0,0,694.8851310183145,0.5622047985585069,2371615.0,3808328.3347416357,6768841.0,132169.0,7114845.0,2371615.0,3808328.3347416357,6768841.0,132169.0,0,0,0,0,0,0,0,0,0,0,0,32,0,0.5622047985585069,0.0,1236.0,1236.0,1236.0,0.0,0.0,0,0,0,0,0,0,0,0,0.0,1236.0,1236.0,0.0,0,0,0,0,0,0,1,1236,0,0,0,0,3,8,213835.0,0.0,213835.0,213835.0,6768841.0,0.0,6768841.0,6768841.0,-1,-1,0,Scarab
192.168.1.4-224.0.0.252-61131-5355-17,192.168.1.4,61131,224.0.0.252,5355,17,1970-01-01 00:40:18.213023,107247,2,0,42.0,0.0,21.0,21.0,21.0,0.0,0,0,0,0,391.6193459956922,18.648540285509153,107247.0,0.0,107247.0,107247.0,107247.0,107247.0,0.0,107247.0,107247.0,0,0,0,0,0,0,0,0,0,0,0,16,0,18.648540285509153,0.0,21.0,21.0,21.0,0.0,0.0,0,0,0,0,0,0,0,0,0.0,21.0,21.0,0.0,0,0,0,0,0,0,1,21,0,0,0,0,1,8,0,0,0,0,0,0,0,0,-1,-1,0,Scarab
192.168.1.4-216.58.211.46-49178-80-6,192.168.1.4,49178,216.58.211.46,80,6,1970-01-01 00:02:45.289984,119908839,5,2,322.0,546.0,322.0,0.0,64.4,144.00277775098644,546.0,0.0,273.0,386.08030252785494,7.238832493407763,0.0583776813984497,1.9984806499999996E7,4.876979527362468E7,1.19535582E8,190.0,1.19908839E8,2.997720975E7,5.9705718010781236E7,1.19535582E8,25052.0,90054.0,90054.0,0.0,90054.0,90054.0,1,1,0,0,1,0,112,44,0.0416983438560355,0.0166793375424142,0.0,546.0,124.0,221.42267273249143,49028.0,0,2,1,2,6,0,0,0,0.4,124.0,64.4,273.0,0,0,0,0,0,0,0,46,0,78,8192,32446,1,20,373257.0,0.0,373257.0,373257.0,1.19535582E8,0.0,1.19535582E8,1.19535582E8,-1,-1,119908839,Scarab
192.168.1.4-224.0.0.252-59326-5355-17,192.168.1.4,59326,224.0.0.252,5355,17,1970-01-01 00:10:17.225673,112569,2,0,44.0,0.0,22.0,22.0,22.0,0.0,0,0,0,0,390.8713766667555,17.766880757579795,112569.0,0.0,112569.0,112569.0,112569.0,112569.0,0.0,112569.0,112569.0,0,0,0,0,0,0,0,0,0,0,0,16,0,17.766880757579795,0.0,22.0,22.0,22.0,0.0,0.0,0,0,0,0,0,0,0,0,0.0,22.0,22.0,0.0,0,0,0,0,0,0,1,22,0,0,0,0,1,8,0,0,0,0,0,0,0,0,-1,-1,0,Scarab
192.168.1.4-8.8.8.8-51652-53-17,192.168.1.4,51652,8.8.8.8,53,17,1970-01-01 00:34:35.488631,37120,1,1,39.0,55.0,39.0,39.0,39.0,0.0,55.0,55.0,55.0,0.0,2532.3275862068967,53.87931034482759,37120.0,0.0,37120.0,37120.0,0,0,0,0,0,0,0,0,0,0,0,0,0,0,0,0,8,8,26.939655172413794,26.939655172413794,39.0,55.0,47.0,11.313708498984761,128.0,0,0,0,0,0,0,0,0,1.0,47.0,39.0,55.0,0,0,0,0,0,0,0,19,0,27,0,0,0,8,0,0,0,0,0,0,0,0,-1,-1,0,Scarab
192.168.1.4-8.8.8.8-50866-53-17,192.168.1.4,50866,8.8.8.8,53,17,1970-01-01 00:00:10.748370,27006,1,1,43.0,116.0,43.0,43.0,43.0,0.0,116.0,116.0,116.0,0.0,5887.580537658298,74.05761682589055,27006.0,0.0,27006.0,27006.0,0,0,0,0,0,0,0,0,0,0,0,0,0,0,0,0,8,8,37.028808412945274,37.028808412945274,43.0,116.0,79.5,51.61879502661797,2664.5,0,0,0,0,0,0,0,0,1.0,79.5,43.0,116.0,0,0,0,0,0,0,0,21,0,58,0,0,0,8,0,0,0,0,0,0,0,0,-1,-1,0,Scarab
192.168.1.4-192.168.1.5-3702-61197-17,192.168.1.4,3702,192.168.1.5,61197,17,1970-01-01 00:10:51.870687,110836,2,0,2452.0,0.0,1226.0,1226.0,1226.0,0.0,0,0,0,0,22122.77599335956,18.0446786242737,110836.0,0.0,110836.0,110836.0,110836.0,110836.0,0.0,110836.0,110836.0,0,0,0,0,0,0,0,0,0,0,0,16,0,18.0446786242737,0.0,1226.0,1226.0,1226.0,0.0,0.0,0,0,0,0,0,0,0,0,0.0,1226.0,1226.0,0.0,0,0,0,0,0,0,1,1226,0,0,0,0,1,8,0,0,0,0,0,0,0,0,-1,-1,0,Scarab
192.168.1.4-172.217.16.238-49176-443-6,192.168.1.4,49176,172.217.16.238,443,6,1970-01-01 00:02:25.941101,4932181,10,7,760.0,4200.0,473.0,0.0,76.0,151.93785279222263,1460.0,0.0,600.0,658.7394527934899,1005.6403039547819,3.4467510417805025,308261.31249999994,621924.9722405127,2226118.0,51.0,4932181.0,548020.1111111111,763091.4185050905,2226118.0,6466.0,4342001.0,723666.8333333334,1000800.4259534299,2237755.0,51.0,3,3,0,0,1,0,212,144,2.02750061281206,1.4192504289684422,0.0,1460.0,291.76470588235287,496.3617039785307,246374.94117647054,0,2,1,6,16,0,0,0,0.7,291.7647058823529,76.0,600.0,0,0,0,0,0,0,0,44,0,247,8192,32008,3,20,0,0,0,0,0,0,0,0,-1,-1,4932181,Scarab
134.221.96.0-0.0.0.128-0-0-0,134.221.96.0,0,0.0.0.128,0,0,1970-01-01 00:41:03.718442,31280989,8,0,0.0,0.0,0.0,0.0,0.0,0.0,0,0,0,0,0.0,0.25574638960424173,4468712.714285715,3969307.7372514093,8718635.0,1281652.0,3.1280989E7,4468712.714285715,3969307.7372514093,8718635.0,1281652.0,0,0,0,0,0,0,0,0,0,0,0,0,0,0.25574638960424173,0.0,0.0,0.0,0.0,0.0,0.0,0,0,0,0,0,0,0,0,0.0,0.0,0.0,0.0,0,0,0,0,0,0,1,0,0,0,0,0,0,0,1287573.6666666667,8984.005472690525,1297911.0,1281652.0,8712072.333333334,10239.176448002707,8718635.0,8700274.0,-1,-1,0,Scarab
134.221.96.0-0.0.0.209-0-0-0,134.221.96.0,0,0.0.0.209,0,0,1970-01-01 00:39:47.898499,81953582,2,0,0.0,0.0,0.0,0.0,0.0,0.0,0,0,0,0,0.0,0.024404058385147826,8.1953582E7,0.0,8.1953582E7,8.1953582E7,8.1953582E7,8.1953582E7,0.0,8.1953582E7,8.1953582E7,0,0,0,0,0,0,0,0,0,0,0,0,0,0.024404058385147826,0.0,0.0,0.0,0.0,0.0,0.0,0,0,0,0,0,0,0,0,0.0,0.0,0.0,0.0,0,0,0,0,0,0,1,0,0,0,0,0,0,0,0,0,0,0,8.1953582E7,0.0,8.1953582E7,8.1953582E7,-1,-1,0,Scarab
134.221.96.0-0.0.0.28-0-0-0,134.221.96.0,0,0.0.0.28,0,0,1970-01-01 00:41:03.719392,31281065,10,0,0.0,0.0,0.0,0.0,0.0,0.0,0,0,0,0,0.0,0.3196822103083766,3475673.888888889,3317220.767626698,8718513.0,242.0,3.1281065E7,3475673.888888889,3317220.767626698,8718513.0,242.0,0,0,0,0,0,0,0,0,0,0,0,0,0,0.3196822103083766,0.0,0.0,0.0,0.0,0.0,0.0,0,0,0,0,0,0,0,0,0.0,0.0,0.0,0.0,0,0,0,0,0,0,1,0,0,0,0,0,0,0,6281595.0,7069004.474277973,1.1280136E7,1283054.0,8717794.5,1016.1124445650688,8718513.0,8717076.0,-1,-1,0,Scarab
192.168.1.4-192.168.1.5-49184-445-6,192.168.1.4,49184,192.168.1.5,445,6,1970-01-01 00:28:45.270086,96004539,21546,21734,1.3611263E7,1.4202592E7,1460.0,0.0,631.7303907917902,634.7037842933073,1460.0,0.0,653.4734517346079,642.0499274473814,289713.9582119133,450.8120183775894,2218.2707317636587,66046.48535063717,1.1736057E7,0.0,9.6004539E7,4456.000881875162,93802.95049012752,1.1736057E7,0.0,9.6003258E7,4417.395573551753,95485.63719614163,1.1951085E7,0.0,11688,12394,0,0,1,0,430920,434680,224.42688881616317,226.38512956142628,0.0,1460.0,642.6491451016662,638.4885644434293,407667.6469250311,0,0,1,24082,43280,0,0,0,1.0087255174974474,642.6491451016636,631.7303907917943,653.4734517346094,8526,6,25050613,7372,5,6696331,0,314,0,328,64072,62828,17942,20,3.92497535E7,5.513487996053417E7,7.8236001E7,263506.0,8751858.5,4220293.991513447,1.1736057E7,5767660.0,-1,-1,1176505723,Scarab
192.168.1.5-224.0.0.252-63815-5355-17,192.168.1.5,63815,224.0.0.252,5355,17,1970-01-01 00:30:44.967461,104913,2,0,42.0,0.0,21.0,21.0,21.0,0.0,0,0,0,0,400.331703411398,19.063414448161808,104913.0,0.0,104913.0,104913.0,104913.0,104913.0,0.0,104913.0,104913.0,0,0,0,0,0,0,0,0,0,0,0,16,0,19.063414448161808,0.0,21.0,21.0,21.0,0.0,0.0,0,0,0,0,0,0,0,0,0.0,21.0,21.0,0.0,0,0,0,0,0,0,1,21,0,0,0,0,1,8,0,0,0,0,0,0,0,0,-1,-1,0,Scarab
192.168.1.5-192.168.1.4-49168-2869-6,192.168.1.5,49168,192.168.1.4,2869,6,1970-01-01 00:00:46.455998,119802694,7,6,191.0,5615.0,191.0,0.0,27.28571428571429,72.19121434476239,1460.0,0.0,935.8333333333333,673.7852526337057,48.463017033657025,0.108511750161478,9983557.833333334,3.449628227062717E7,1.19523742E8,0.0,1.19802694E8,1.9967115666666664E7,4.87726794239036E7,1.19523742E8,338.0,33377.0,6675.4,14545.842766921414,32694.0,0.0,1,2,0,0,1,0,152,132,0.05842940393310354,0.050082346228374465,0.0,1460.0,446.61538461538464,643.4327909038025,414005.75641025644,0,2,1,3,12,0,0,0,0.8571428571428571,446.61538461538464,27.285714285714285,935.8333333333334,0,0,0,5615,5,8221083,0,14,0,431,8192,256,1,20,278952.0,0.0,278952.0,278952.0,1.19523742E8,0.0,1.19523742E8,1.19523742E8,-1,-1,119802694,Scarab
192.168.1.5-192.168.1.4-49167-2869-6,192.168.1.5,49167,192.168.1.4,2869,6,1970-01-01 00:00:46.255227,35068,6,7,308.0,5895.0,308.0,0.0,51.333333333333336,125.7404734628698,1460.0,0.0,842.1428571428571,724.2495952297635,176884.90931903728,370.7083380860043,2922.3333333333335,6788.544861259542,24195.0,0.0,34875.0,6975.0,11018.9824167207,26605.0,490.0,34749.0,5791.5,10623.89805579854,27129.0,0.0,1,2,0,0,0,0,132,152,171.0961560396943,199.61218204631,0.0,1460.0,477.15384615384625,661.2321637359864,437227.97435897443,2,2,0,3,12,0,0,0,1.1666666666666667,477.15384615384613,51.333333333333336,842.1428571428571,0,0,0,5895,5,2276940,0,23,0,453,8192,256,1,20,0,0,0,0,0,0,0,0,-1,-1,35068,Scarab
192.168.1.4-8.8.8.8-61399-53-17,192.168.1.4,61399,8.8.8.8,53,17,1970-01-01 00:10:19.866405,36247,1,1,37.0,77.0,37.0,37.0,37.0,0.0,77.0,77.0,77.0,0.0,3145.087869340911,55.176980163875626,36247.0,0.0,36247.0,36247.0,0,0,0,0,0,0,0,0,0,0,0,0,0,0,0,0,8,8,27.588490081937813,27.588490081937813,37.0,77.0,57.0,28.284271247461902,800.0,0,0,0,0,0,0,0,0,1.0,57.0,37.0,77.0,0,0,0,0,0,0,0,18,0,38,0,0,0,8,0,0,0,0,0,0,0,0,-1,-1,0,Scarab
0.0.0.0-255.255.255.255-68-67-17,0.0.0.0,68,255.255.255.255,67,17,1970-01-01 00:00:07.685209,34100913,3,0,902.0,0.0,302.0,300.0,300.6666666666667,1.1547005383792515,0,0,0,0,26.4509047015838,0.08797418415160908,1.70504565E7,2.4111145520894285E7,3.4099611E7,1302.0,3.4100913E7,1.70504565E7,2.4111145520894285E7,3.4099611E7,1302.0,0,0,0,0,0,0,0,0,0,0,0,24,0,0.08797418415160908,0.0,300.0,302.0,300.6666666666667,1.1547005383792515,1.3333333333333333,0,0,0,0,0,0,0,0,0.0,300.6666666666667,300.6666666666667,0.0,0,0,0,0,0,0,1,300,0,0,0,0,2,8,1302.0,0.0,1302.0,1302.0,3.4099611E7,0.0,3.4099611E7,3.4099611E7,-1,-1,0,Scarab
192.168.1.4-224.0.0.252-59463-5355-17,192.168.1.4,59463,224.0.0.252,5355,17,1970-01-01 00:10:17.214964,110811,2,0,42.0,0.0,21.0,21.0,21.0,0.0,0,0,0,0,379.02374313019465,18.04874967286641,110811.0,0.0,110811.0,110811.0,110811.0,110811.0,0.0,110811.0,110811.0,0,0,0,0,0,0,0,0,0,0,0,16,0,18.04874967286641,0.0,21.0,21.0,21.0,0.0,0.0,0,0,0,0,0,0,0,0,0.0,21.0,21.0,0.0,0,0,0,0,0,0,1,21,0,0,0,0,1,8,0,0,0,0,0,0,0,0,-1,-1,0,Scarab
192.168.1.5-192.168.1.4-1900-51818-17,192.168.1.5,1900,192.168.1.4,51818,17,1970-01-01 00:39:49.604041,4951692,3,0,1338.0,0.0,446.0,446.0,446.0,0.0,0,0,0,0,270.2106673839972,0.6058535143138951,2475846.0,1758291.722098469,3719146.0,1232546.0,4951692.0,2475846.0,1758291.722098469,3719146.0,1232546.0,0,0,0,0,0,0,0,0,0,0,0,24,0,0.6058535143138951,0.0,446.0,446.0,446.0,0.0,0.0,0,0,0,0,0,0,0,0,0.0,446.0,446.0,0.0,0,0,0,0,0,0,1,446,0,0,0,0,2,8,0,0,0,0,0,0,0,0,-1,-1,0,Scarab
192.168.1.5-255.255.255.255-68-67-17,192.168.1.5,68,255.255.255.255,67,17,1970-01-01 00:10:44.018258,1579,2,0,602.0,0.0,302.0,300.0,301.0,1.4142135623730951,0,0,0,0,381253.95820139325,1266.624445851805,1579.0,0.0,1579.0,1579.0,1579.0,1579.0,0.0,1579.0,1579.0,0,0,0,0,0,0,0,0,0,0,0,16,0,1266.624445851805,0.0,300.0,302.0,301.0,1.4142135623730951,2.0,0,0,0,0,0,0,0,0,0.0,301.0,301.0,0.0,0,0,0,0,0,0,1,301,0,0,0,0,1,8,0,0,0,0,0,0,0,0,-1,-1,0,Scarab
192.168.1.4-8.8.8.8-56911-53-17,192.168.1.4,56911,8.8.8.8,53,17,1970-01-01 00:20:20.648853,16594,1,1,43.0,116.0,43.0,43.0,43.0,0.0,116.0,116.0,116.0,0.0,9581.776545739423,120.52549114137639,16594.0,0.0,16594.0,16594.0,0,0,0,0,0,0,0,0,0,0,0,0,0,0,0,0,8,8,60.262745570688196,60.262745570688196,43.0,116.0,79.5,51.61879502661797,2664.5,0,0,0,0,0,0,0,0,1.0,79.5,43.0,116.0,0,0,0,0,0,0,0,21,0,58,0,0,0,8,0,0,0,0,0,0,0,0,-1,-1,0,Scarab
192.168.1.4-224.0.0.252-60113-5355-17,192.168.1.4,60113,224.0.0.252,5355,17,1970-01-01 00:00:15.331699,101761,2,0,48.0,0.0,24.0,24.0,24.0,0.0,0,0,0,0,471.6934778549739,19.65389491062391,101761.0,0.0,101761.0,101761.0,101761.0,101761.0,0.0,101761.0,101761.0,0,0,0,0,0,0,0,0,0,0,0,16,0,19.65389491062391,0.0,24.0,24.0,24.0,0.0,0.0,0,0,0,0,0,0,0,0,0.0,24.0,24.0,0.0,0,0,0,0,0,0,1,24,0,0,0,0,1,8,0,0,0,0,0,0,0,0,-1,-1,0,Scarab
192.168.1.5-224.0.0.252-52131-5355-17,192.168.1.5,52131,224.0.0.252,5355,17,1970-01-01 00:20:44.664919,110213,2,0,42.0,0.0,21.0,21.0,21.0,0.0,0,0,0,0,381.08027183726057,18.146679611298122,110213.0,0.0,110213.0,110213.0,110213.0,110213.0,0.0,110213.0,110213.0,0,0,0,0,0,0,0,0,0,0,0,16,0,18.146679611298122,0.0,21.0,21.0,21.0,0.0,0.0,0,0,0,0,0,0,0,0,0.0,21.0,21.0,0.0,0,0,0,0,0,0,1,21,0,0,0,0,1,8,0,0,0,0,0,0,0,0,-1,-1,0,Scarab
192.168.1.4-224.0.0.252-56621-5355-17,192.168.1.4,56621,224.0.0.252,5355,17,1970-01-01 00:00:10.771998,119616,2,0,42.0,0.0,21.0,21.0,21.0,0.0,0,0,0,0,351.12359550561797,16.720171214553236,119616.0,0.0,119616.0,119616.0,119616.0,119616.0,0.0,119616.0,119616.0,0,0,0,0,0,0,0,0,0,0,0,16,0,16.720171214553236,0.0,21.0,21.0,21.0,0.0,0.0,0,0,0,0,0,0,0,0,0.0,21.0,21.0,0.0,0,0,0,0,0,0,1,21,0,0,0,0,1,8,0,0,0,0,0,0,0,0,-1,-1,0,Scarab
134.221.96.0-0.0.1.88-0-0-0,134.221.96.0,0,0.0.1.88,0,0,1970-01-01 00:39:47.842488,81910448,2,0,0.0,0.0,0.0,0.0,0.0,0.0,0,0,0,0,0.0,0.024416909549804928,8.1910448E7,0.0,8.1910448E7,8.1910448E7,8.1910448E7,8.1910448E7,0.0,8.1910448E7,8.1910448E7,0,0,0,0,0,0,0,0,0,0,0,0,0,0.024416909549804928,0.0,0.0,0.0,0.0,0.0,0.0,0,0,0,0,0,0,0,0,0.0,0.0,0.0,0.0,0,0,0,0,0,0,1,0,0,0,0,0,0,0,0,0,0,0,8.1910448E7,0.0,8.1910448E7,8.1910448E7,-1,-1,0,Scarab
192.168.1.5-224.0.0.252-58131-5355-17,192.168.1.5,58131,224.0.0.252,5355,17,1970-01-01 00:00:45.013895,122703,2,0,42.0,0.0,21.0,21.0,21.0,0.0,0,0,0,0,342.2899195618689,16.299519979136612,122703.0,0.0,122703.0,122703.0,122703.0,122703.0,0.0,122703.0,122703.0,0,0,0,0,0,0,0,0,0,0,0,16,0,16.299519979136612,0.0,21.0,21.0,21.0,0.0,0.0,0,0,0,0,0,0,0,0,0.0,21.0,21.0,0.0,0,0,0,0,0,0,1,21,0,0,0,0,1,8,0,0,0,0,0,0,0,0,-1,-1,0,Scarab
192.168.1.4-224.0.0.252-51475-5355-17,192.168.1.4,51475,224.0.0.252,5355,17,1970-01-01 00:20:17.862365,103941,2,0,42.0,0.0,21.0,21.0,21.0,0.0,0,0,0,0,404.07538892256184,19.241685186788658,103941.0,0.0,103941.0,103941.0,103941.0,103941.0,0.0,103941.0,103941.0,0,0,0,0,0,0,0,0,0,0,0,16,0,19.241685186788658,0.0,21.0,21.0,21.0,0.0,0.0,0,0,0,0,0,0,0,0,0.0,21.0,21.0,0.0,0,0,0,0,0,0,1,21,0,0,0,0,1,8,0,0,0,0,0,0,0,0,-1,-1,0,Scarab
192.168.1.4-239.255.255.250-60114-3702-17,192.168.1.4,60114,239.255.255.250,3702,17,1970-01-01 00:10:44.930695,7280415,4,0,2624.0,0.0,656.0,656.0,656.0,0.0,0,0,0,0,360.4190145754054,0.549419229535679,2426805.0,3817690.1410731333,6834416.0,156052.0,7280415.0,2426805.0,3817690.1410731333,6834416.0,156052.0,0,0,0,0,0,0,0,0,0,0,0,32,0,0.549419229535679,0.0,656.0,656.0,656.0,0.0,0.0,0,0,0,0,0,0,0,0,0.0,656.0,656.0,0.0,0,0,0,0,0,0,1,656,0,0,0,0,3,8,156052.0,0.0,156052.0,156052.0,6834416.0,0.0,6834416.0,6834416.0,-1,-1,0,Scarab
192.168.1.4-8.8.8.8-50069-53-17,192.168.1.4,50069,8.8.8.8,53,17,1970-01-01 00:30:44.387729,16653,1,1,43.0,116.0,43.0,43.0,43.0,0.0,116.0,116.0,116.0,0.0,9547.829219960367,120.09848075421846,16653.0,0.0,16653.0,16653.0,0,0,0,0,0,0,0,0,0,0,0,0,0,0,0,0,8,8,60.04924037710923,60.04924037710923,43.0,116.0,79.5,51.61879502661797,2664.5,0,0,0,0,0,0,0,0,1.0,79.5,43.0,116.0,0,0,0,0,0,0,0,21,0,58,0,0,0,8,0,0,0,0,0,0,0,0,-1,-1,0,Scarab
134.221.96.0-0.0.1.146-0-0-0,134.221.96.0,0,0.0.1.146,0,0,1970-01-01 00:41:03.836720,37826711,24,0,0.0,0.0,0.0,0.0,0.0,0.0,0,0,0,0,0.0,0.6344722912864403,1644639.6086956523,804647.2177822989,3064324.0,107270.0,3.7826711E7,1644639.6086956523,804647.2177822989,3064324.0,107270.0,0,0,0,0,0,0,0,0,0,0,0,0,0,0.6344722912864403,0.0,0.0,0.0,0.0,0.0,0.0,0,0,0,0,0,0,0,0,0.0,0.0,0.0,0.0,0,0,0,0,0,0,1,0,0,0,0,0,0,0,0,0,0,0,0,0,0,0,-1,-1,0,Scarab
134.221.96.0-0.0.0.172-0-0-0,134.221.96.0,0,0.0.0.172,0,0,1970-01-01 00:00:46.691464,15925,2,0,0.0,0.0,0.0,0.0,0.0,0.0,0,0,0,0,0.0,125.58869701726843,15925.0,0.0,15925.0,15925.0,15925.0,15925.0,0.0,15925.0,15925.0,0,0,0,0,0,0,0,0,0,0,0,0,0,125.58869701726843,0.0,0.0,0.0,0.0,0.0,0.0,0,0,0,0,0,0,0,0,0.0,0.0,0.0,0.0,0,0,0,0,0,0,1,0,0,0,0,0,0,0,0,0,0,0,0,0,0,0,-1,-1,0,Scarab
192.168.1.4-192.168.1.5-3702-63776-17,192.168.1.4,3702,192.168.1.5,63776,17,1970-01-01 00:00:52.397792,108431,2,0,2452.0,0.0,1226.0,1226.0,1226.0,0.0,0,0,0,0,22613.45925058332,18.44490966605491,108431.0,0.0,108431.0,108431.0,108431.0,108431.0,0.0,108431.0,108431.0,0,0,0,0,0,0,0,0,0,0,0,16,0,18.44490966605491,0.0,1226.0,1226.0,1226.0,0.0,0.0,0,0,0,0,0,0,0,0,0.0,1226.0,1226.0,0.0,0,0,0,0,0,0,1,1226,0,0,0,0,1,8,0,0,0,0,0,0,0,0,-1,-1,0,Scarab
192.168.1.5-224.0.0.252-55844-5355-17,192.168.1.5,55844,224.0.0.252,5355,17,1970-01-01 00:10:47.528718,115976,2,0,42.0,0.0,21.0,21.0,21.0,0.0,0,0,0,0,362.143891839691,17.244947230461474,115976.0,0.0,115976.0,115976.0,115976.0,115976.0,0.0,115976.0,115976.0,0,0,0,0,0,0,0,0,0,0,0,16,0,17.244947230461474,0.0,21.0,21.0,21.0,0.0,0.0,0,0,0,0,0,0,0,0,0.0,21.0,21.0,0.0,0,0,0,0,0,0,1,21,0,0,0,0,1,8,0,0,0,0,0,0,0,0,-1,-1,0,Scarab
192.168.1.4-224.0.0.252-61938-5355-17,192.168.1.4,61938,224.0.0.252,5355,17,1970-01-01 00:30:17.807365,105839,2,0,42.0,0.0,21.0,21.0,21.0,0.0,0,0,0,0,396.8291461559538,18.896626007426374,105839.0,0.0,105839.0,105839.0,105839.0,105839.0,0.0,105839.0,105839.0,0,0,0,0,0,0,0,0,0,0,0,16,0,18.896626007426374,0.0,21.0,21.0,21.0,0.0,0.0,0,0,0,0,0,0,0,0,0.0,21.0,21.0,0.0,0,0,0,0,0,0,1,21,0,0,0,0,1,8,0,0,0,0,0,0,0,0,-1,-1,0,Scarab
192.168.1.4-224.0.0.252-53783-5355-17,192.168.1.4,53783,224.0.0.252,5355,17,1970-01-01 00:00:09.231606,99130,2,0,48.0,0.0,24.0,24.0,24.0,0.0,0,0,0,0,484.2126500554827,20.175527085645115,99130.0,0.0,99130.0,99130.0,99130.0,99130.0,0.0,99130.0,99130.0,0,0,0,0,0,0,0,0,0,0,0,16,0,20.175527085645115,0.0,24.0,24.0,24.0,0.0,0.0,0,0,0,0,0,0,0,0,0.0,24.0,24.0,0.0,0,0,0,0,0,0,1,24,0,0,0,0,1,8,0,0,0,0,0,0,0,0,-1,-1,0,Scarab
134.221.96.0-0.0.0.32-0-0-0,134.221.96.0,0,0.0.0.32,0,0,1970-01-01 00:41:58.444115,1999667,3,0,0.0,0.0,0.0,0.0,0.0,0.0,0,0,0,0,0.0,1.5002497915902997,999833.5,386.7874093090415,1000107.0,999560.0,1999667.0,999833.5,386.7874093090415,1000107.0,999560.0,0,0,0,0,0,0,0,0,0,0,0,0,0,1.5002497915902997,0.0,0.0,0.0,0.0,0.0,0.0,0,0,0,0,0,0,0,0,0.0,0.0,0.0,0.0,0,0,0,0,0,0,1,0,0,0,0,0,0,0,0,0,0,0,0,0,0,0,-1,-1,0,Scarab
192.168.1.4-224.0.0.252-52005-5355-17,192.168.1.4,52005,224.0.0.252,5355,17,1970-01-01 00:00:12.764398,107564,2,0,48.0,0.0,24.0,24.0,24.0,0.0,0,0,0,0,446.24595589602467,18.593581495667696,107564.0,0.0,107564.0,107564.0,107564.0,107564.0,0.0,107564.0,107564.0,0,0,0,0,0,0,0,0,0,0,0,16,0,18.593581495667696,0.0,24.0,24.0,24.0,0.0,0.0,0,0,0,0,0,0,0,0,0.0,24.0,24.0,0.0,0,0,0,0,0,0,1,24,0,0,0,0,1,8,0,0,0,0,0,0,0,0,-1,-1,0,Scarab
134.221.96.0-0.0.0.244-0-0-0,134.221.96.0,0,0.0.0.244,0,0,1970-01-01 00:39:47.848092,81907522,2,0,0.0,0.0,0.0,0.0,0.0,0.0,0,0,0,0,0.0,0.024417781800308888,8.1907522E7,0.0,8.1907522E7,8.1907522E7,8.1907522E7,8.1907522E7,0.0,8.1907522E7,8.1907522E7,0,0,0,0,0,0,0,0,0,0,0,0,0,0.024417781800308888,0.0,0.0,0.0,0.0,0.0,0.0,0,0,0,0,0,0,0,0,0.0,0.0,0.0,0.0,0,0,0,0,0,0,1,0,0,0,0,0,0,0,0,0,0,0,8.1907522E7,0.0,8.1907522E7,8.1907522E7,-1,-1,0,Scarab
134.221.96.0-0.0.0.116-0-0-0,134.221.96.0,0,0.0.0.116,0,0,1970-01-01 00:41:03.718815,31281185,8,0,0.0,0.0,0.0,0.0,0.0,0.0,0,0,0,0,0.0,0.2557447871619953,4468740.714285715,3969068.9580765124,8718601.0,1281834.0,3.1281185E7,4468740.714285715,3969068.9580765124,8718601.0,1281834.0,0,0,0,0,0,0,0,0,0,0,0,0,0,0.2557447871619953,0.0,0.0,0.0,0.0,0.0,0.0,0,0,0,0,0,0,0,0,0.0,0.0,0.0,0.0,0,0,0,0,0,0,1,0,0,0,0,0,0,0,1287813.6666666667,9211.059457702644,1298421.0,1281834.0,8711844.666666666,10454.293966276888,8718601.0,8699803.0,-1,-1,0,Scarab
192.168.1.4-224.0.0.252-54956-5355-17,192.168.1.4,54956,224.0.0.252,5355,17,1970-01-01 00:40:17.909533,97405,2,0,42.0,0.0,21.0,21.0,21.0,0.0,0,0,0,0,431.1893639956881,20.53282685693753,97405.0,0.0,97405.0,97405.0,97405.0,97405.0,0.0,97405.0,97405.0,0,0,0,0,0,0,0,0,0,0,0,16,0,20.53282685693753,0.0,21.0,21.0,21.0,0.0,0.0,0,0,0,0,0,0,0,0,0.0,21.0,21.0,0.0,0,0,0,0,0,0,1,21,0,0,0,0,1,8,0,0,0,0,0,0,0,0,-1,-1,0,Scarab
192.168.1.4-224.0.0.252-63732-5355-17,192.168.1.4,63732,224.0.0.252,5355,17,1970-01-01 00:00:08.561613,111900,2,0,48.0,0.0,24.0,24.0,24.0,0.0,0,0,0,0,428.9544235924933,17.873100983020553,111900.0,0.0,111900.0,111900.0,111900.0,111900.0,0.0,111900.0,111900.0,0,0,0,0,0,0,0,0,0,0,0,16,0,17.873100983020553,0.0,24.0,24.0,24.0,0.0,0.0,0,0,0,0,0,0,0,0,0.0,24.0,24.0,0.0,0,0,0,0,0,0,1,24,0,0,0,0,1,8,0,0,0,0,0,0,0,0,-1,-1,0,Scarab
192.168.1.4-224.0.0.252-60546-5355-17,192.168.1.4,60546,224.0.0.252,5355,17,1970-01-01 00:00:09.528872,112134,2,0,48.0,0.0,24.0,24.0,24.0,0.0,0,0,0,0,428.05928621114026,17.835803592130844,112134.0,0.0,112134.0,112134.0,112134.0,112134.0,0.0,112134.0,112134.0,0,0,0,0,0,0,0,0,0,0,0,16,0,17.835803592130844,0.0,24.0,24.0,24.0,0.0,0.0,0,0,0,0,0,0,0,0,0.0,24.0,24.0,0.0,0,0,0,0,0,0,1,24,0,0,0,0,1,8,0,0,0,0,0,0,0,0,-1,-1,0,Scarab
192.168.1.5-224.0.0.252-63302-5355-17,192.168.1.5,63302,224.0.0.252,5355,17,1970-01-01 00:00:42.664026,110378,2,0,48.0,0.0,24.0,24.0,24.0,0.0,0,0,0,0,434.8692674264799,18.119552809436662,110378.0,0.0,110378.0,110378.0,110378.0,110378.0,0.0,110378.0,110378.0,0,0,0,0,0,0,0,0,0,0,0,16,0,18.119552809436662,0.0,24.0,24.0,24.0,0.0,0.0,0,0,0,0,0,0,0,0,0.0,24.0,24.0,0.0,0,0,0,0,0,0,1,24,0,0,0,0,1,8,0,0,0,0,0,0,0,0,-1,-1,0,Scarab
192.168.1.5-239.255.255.250-49213-3702-17,192.168.1.5,49213,239.255.255.250,3702,17,1970-01-01 00:00:44.552481,250193,2,0,1248.0,0.0,624.0,624.0,624.0,0.0,0,0,0,0,4988.149148857083,7.993828764194042,250193.0,0.0,250193.0,250193.0,250193.0,250193.0,0.0,250193.0,250193.0,0,0,0,0,0,0,0,0,0,0,0,16,0,7.993828764194042,0.0,624.0,624.0,624.0,0.0,0.0,0,0,0,0,0,0,0,0,0.0,624.0,624.0,0.0,0,0,0,0,0,0,1,624,0,0,0,0,1,8,0,0,0,0,0,0,0,0,-1,-1,0,Scarab
192.168.1.4-224.0.0.252-61237-5355-17,192.168.1.4,61237,224.0.0.252,5355,17,1970-01-01 00:02:38.062898,103378,2,0,44.0,0.0,22.0,22.0,22.0,0.0,0,0,0,0,425.62247286656736,19.346476039389426,103378.0,0.0,103378.0,103378.0,103378.0,103378.0,0.0,103378.0,103378.0,0,0,0,0,0,0,0,0,0,0,0,16,0,19.346476039389426,0.0,22.0,22.0,22.0,0.0,0.0,0,0,0,0,0,0,0,0,0.0,22.0,22.0,0.0,0,0,0,0,0,0,1,22,0,0,0,0,1,8,0,0,0,0,0,0,0,0,-1,-1,0,Scarab
192.168.1.4-8.8.8.8-49885-53-17,192.168.1.4,49885,8.8.8.8,53,17,1970-01-01 00:02:46.539966,63422,1,1,47.0,96.0,47.0,47.0,47.0,0.0,96.0,96.0,96.0,0.0,2254.738103497209,31.534798650310616,63422.0,0.0,63422.0,63422.0,0,0,0,0,0,0,0,0,0,0,0,0,0,0,0,0,8,8,15.767399325155308,15.767399325155308,47.0,96.0,71.5,34.64823227814083,1200.5,0,0,0,0,0,0,0,0,1.0,71.5,47.0,96.0,0,0,0,0,0,0,0,23,0,48,0,0,0,8,0,0,0,0,0,0,0,0,-1,-1,0,Scarab
192.168.1.5-224.0.0.252-57528-5355-17,192.168.1.5,57528,224.0.0.252,5355,17,1970-01-01 00:00:43.546357,100113,2,0,48.0,0.0,24.0,24.0,24.0,0.0,0,0,0,0,479.45821222019123,19.977425509174633,100113.0,0.0,100113.0,100113.0,100113.0,100113.0,0.0,100113.0,100113.0,0,0,0,0,0,0,0,0,0,0,0,16,0,19.977425509174633,0.0,24.0,24.0,24.0,0.0,0.0,0,0,0,0,0,0,0,0,0.0,24.0,24.0,0.0,0,0,0,0,0,0,1,24,0,0,0,0,1,8,0,0,0,0,0,0,0,0,-1,-1,0,Scarab
192.168.1.5-224.0.0.252-50681-5355-17,192.168.1.5,50681,224.0.0.252,5355,17,1970-01-01 00:30:45.281178,103472,2,0,42.0,0.0,21.0,21.0,21.0,0.0,0,0,0,0,405.90691201484464,19.328900572135456,103472.0,0.0,103472.0,103472.0,103472.0,103472.0,0.0,103472.0,103472.0,0,0,0,0,0,0,0,0,0,0,0,16,0,19.328900572135456,0.0,21.0,21.0,21.0,0.0,0.0,0,0,0,0,0,0,0,0,0.0,21.0,21.0,0.0,0,0,0,0,0,0,1,21,0,0,0,0,1,8,0,0,0,0,0,0,0,0,-1,-1,0,Scarab
192.168.1.4-172.217.16.227-49193-443-6,192.168.1.4,49193,172.217.16.227,443,6,1970-01-01 00:34:35.532613,218886,9,7,2165.0,4214.0,1460.0,0.0,240.55555555555554,476.2179414698461,1460.0,0.0,602.0,734.4333416541854,29143.024222654716,73.09741143791746,14592.4,18024.963755858153,47069.0,0.0,218886.0,27360.75,29772.011030256494,77775.0,0.0,172043.0,28673.833333333336,22524.556567592328,47482.0,230.0,4,4,0,0,1,0,192,144,41.11729393382857,31.980117504088888,0.0,1460.0,398.68750000000006,609.0990853985362,371001.69583333336,0,2,1,8,15,0,0,0,0.7777777777777778,398.6875,240.55555555555554,602.0,0,0,0,0,0,0,0,135,0,263,8192,32753,5,20,0,0,0,0,0,0,0,0,-1,-1,218886,Scarab
192.168.1.4-192.168.1.5-1900-49211-17,192.168.1.4,1900,192.168.1.5,49211,17,1970-01-01 00:41:12.101227,4139686,3,0,1338.0,0.0,446.0,446.0,446.0,0.0,0,0,0,0,323.21292001374013,0.7246926457707178,2069843.0,98734.73407064,2139659.0,2000027.0,4139686.0,2069843.0,98734.73407064,2139659.0,2000027.0,0,0,0,0,0,0,0,0,0,0,0,24,0,0.7246926457707178,0.0,446.0,446.0,446.0,0.0,0.0,0,0,0,0,0,0,0,0,0.0,446.0,446.0,0.0,0,0,0,0,0,0,1,446,0,0,0,0,2,8,0,0,0,0,0,0,0,0,-1,-1,0,Scarab
192.168.1.5-239.255.255.250-49478-3702-17,192.168.1.5,49478,239.255.255.250,3702,17,1970-01-01 00:10:44.964907,208625,2,0,1312.0,0.0,656.0,656.0,656.0,0.0,0,0,0,0,6288.795686039544,9.586578789694428,208625.0,0.0,208625.0,208625.0,208625.0,208625.0,0.0,208625.0,208625.0,0,0,0,0,0,0,0,0,0,0,0,16,0,9.586578789694428,0.0,656.0,656.0,656.0,0.0,0.0,0,0,0,0,0,0,0,0,0.0,656.0,656.0,0.0,0,0,0,0,0,0,1,656,0,0,0,0,1,8,0,0,0,0,0,0,0,0,-1,-1,0,Scarab
192.168.1.5-224.0.0.252-59621-5355-17,192.168.1.5,59621,224.0.0.252,5355,17,1970-01-01 00:10:56.465071,100055,2,0,48.0,0.0,24.0,24.0,24.0,0.0,0,0,0,0,479.7361451201839,19.989006046674326,100055.0,0.0,100055.0,100055.0,100055.0,100055.0,0.0,100055.0,100055.0,0,0,0,0,0,0,0,0,0,0,0,16,0,19.989006046674326,0.0,24.0,24.0,24.0,0.0,0.0,0,0,0,0,0,0,0,0,0.0,24.0,24.0,0.0,0,0,0,0,0,0,1,24,0,0,0,0,1,8,0,0,0,0,0,0,0,0,-1,-1,0,Scarab
134.221.96.0-0.0.4.200-0-0-0,134.221.96.0,0,0.0.4.200,0,0,1970-01-01 00:00:46.659658,44569,4,0,0.0,0.0,0.0,0.0,0.0,0.0,0,0,0,0,0.0,89.74847988512195,14856.333333333334,18150.123011520704,35299.0,635.0,44569.0,14856.333333333334,18150.123011520704,35299.0,635.0,0,0,0,0,0,0,0,0,0,0,0,0,0,89.74847988512195,0.0,0.0,0.0,0.0,0.0,0.0,0,0,0,0,0,0,0,0,0.0,0.0,0.0,0.0,0,0,0,0,0,0,1,0,0,0,0,0,0,0,0,0,0,0,0,0,0,0,-1,-1,0,Scarab
134.221.96.0-0.0.5.91-0-0-0,134.221.96.0,0,0.0.5.91,0,0,1970-01-01 00:39:47.848886,81907667,2,0,0.0,0.0,0.0,0.0,0.0,0.0,0,0,0,0,0.0,0.02441773857385048,8.1907667E7,0.0,8.1907667E7,8.1907667E7,8.1907667E7,8.1907667E7,0.0,8.1907667E7,8.1907667E7,0,0,0,0,0,0,0,0,0,0,0,0,0,0.02441773857385048,0.0,0.0,0.0,0.0,0.0,0.0,0,0,0,0,0,0,0,0,0.0,0.0,0.0,0.0,0,0,0,0,0,0,1,0,0,0,0,0,0,0,0,0,0,0,8.1907667E7,0.0,8.1907667E7,8.1907667E7,-1,-1,0,Scarab
192.168.1.5-239.255.255.250-49211-1900-17,192.168.1.5,49211,239.255.255.250,1900,17,1970-01-01 00:40:45.337808,30376824,12,0,1542.0,0.0,133.0,123.0,128.5,4.757768766592555,0,0,0,0,50.76238384895011,0.39503800660661564,2761529.454545455,2588399.7095695776,9375560.0,819.0,3.0376824E7,2761529.454545455,2588399.7095695776,9375560.0,819.0,0,0,0,0,0,0,0,0,0,0,0,96,0,0.39503800660661564,0.0,123.0,133.0,128.5,4.757768766592555,22.636363636363644,0,0,0,0,0,0,0,0,0.0,128.5,128.5,0.0,0,0,0,0,0,0,1,128,0,0,0,0,11,8,1.4999393E7,0.0,1.4999393E7,1.4999393E7,9375560.0,0.0,9375560.0,9375560.0,-1,-1,0,Scarab
192.168.1.4-224.0.0.252-63905-5355-17,192.168.1.4,63905,224.0.0.252,5355,17,1970-01-01 00:05:01.017182,92227,2,0,44.0,0.0,22.0,22.0,22.0,0.0,0,0,0,0,477.0837173495831,21.68562351589014,92227.0,0.0,92227.0,92227.0,92227.0,92227.0,0.0,92227.0,92227.0,0,0,0,0,0,0,0,0,0,0,0,16,0,21.68562351589014,0.0,22.0,22.0,22.0,0.0,0.0,0,0,0,0,0,0,0,0,0.0,22.0,22.0,0.0,0,0,0,0,0,0,1,22,0,0,0,0,1,8,0,0,0,0,0,0,0,0,-1,-1,0,Scarab
192.168.1.4-8.8.8.8-50408-53-17,192.168.1.4,50408,8.8.8.8,53,17,1970-01-01 00:00:09.313677,22509,1,1,43.0,116.0,43.0,43.0,43.0,0.0,116.0,116.0,116.0,0.0,7063.8411302145805,88.85334754986894,22509.0,0.0,22509.0,22509.0,0,0,0,0,0,0,0,0,0,0,0,0,0,0,0,0,8,8,44.42667377493447,44.42667377493447,43.0,116.0,79.5,51.61879502661797,2664.5,0,0,0,0,0,0,0,0,1.0,79.5,43.0,116.0,0,0,0,0,0,0,0,21,0,58,0,0,0,8,0,0,0,0,0,0,0,0,-1,-1,0,Scarab
192.168.1.5-239.255.255.250-61232-3702-17,192.168.1.5,61232,239.255.255.250,3702,17,1970-01-01 00:10:44.831458,6634490,4,0,3964.0,0.0,991.0,991.0,991.0,0.0,0,0,0,0,597.4837553451734,0.6029099448488128,2211496.666666667,3641081.86309637,6415416.0,56870.0,6634490.0,2211496.666666667,3641081.86309637,6415416.0,56870.0,0,0,0,0,0,0,0,0,0,0,0,32,0,0.6029099448488128,0.0,991.0,991.0,991.0,0.0,0.0,0,0,0,0,0,0,0,0,0.0,991.0,991.0,0.0,0,0,0,0,0,0,1,991,0,0,0,0,3,8,162204.0,0.0,162204.0,162204.0,6415416.0,0.0,6415416.0,6415416.0,-1,-1,0,Scarab
192.168.1.4-130.206.193.109-49179-80-6,192.168.1.4,49179,130.206.193.109,80,6,1970-01-01 00:06:14.191557,1487,2,2,0.0,0.0,0.0,0.0,0.0,0.0,0.0,0.0,0.0,0.0,0.0,2689.979825151311,495.6666666666667,205.5269649786454,665.0,267.0,665.0,665.0,0.0,665.0,665.0,1487.0,1487.0,0.0,1487.0,1487.0,0,0,0,0,0,0,40,40,1344.9899125756556,1344.9899125756556,0.0,0.0,0.0,0.0,0.0,2,0,0,0,4,0,0,0,1.0,0.0,0.0,0.0,0,0,0,0,0,0,0,0,0,0,0,31700,0,0,0,0,0,0,0,0,0,0,-1,-1,207586398,Scarab
134.221.96.0-0.0.4.102-0-0-0,134.221.96.0,0,0.0.4.102,0,0,1970-01-01 00:39:47.899386,81953510,2,0,0.0,0.0,0.0,0.0,0.0,0.0,0,0,0,0,0.0,0.024404079825257028,8.195351E7,0.0,8.195351E7,8.195351E7,8.195351E7,8.195351E7,0.0,8.195351E7,8.195351E7,0,0,0,0,0,0,0,0,0,0,0,0,0,0.024404079825257028,0.0,0.0,0.0,0.0,0.0,0.0,0,0,0,0,0,0,0,0,0.0,0.0,0.0,0.0,0,0,0,0,0,0,1,0,0,0,0,0,0,0,0,0,0,0,8.195351E7,0.0,8.195351E7,8.195351E7,-1,-1,0,Scarab
192.168.1.4-172.217.16.227-49180-443-6,192.168.1.4,49180,172.217.16.227,443,6,1970-01-01 00:04:34.774838,558256,9,6,2218.0,4286.0,1460.0,0.0,246.44444444444446,473.3994378722664,1460.0,0.0,714.3333333333334,765.0261869156288,11650.568914619816,26.869393253274485,39875.42857142858,62124.67149916465,209693.0,0.0,558256.0,69782.0,96407.48160357088,260679.0,0.0,499266.0,99853.2,74189.29157701938,209835.0,42752.0,4,3,0,0,1,0,192,124,16.12163595196469,10.747757301309793,0.0,1460.0,433.6,627.1986242696282,393378.1142857143,0,2,1,7,14,0,0,0,0.6666666666666666,433.6,246.44444444444446,714.3333333333334,0,0,0,0,0,0,0,147,0,285,8192,32700,5,20,0,0,0,0,0,0,0,0,-1,-1,558256,Scarab
192.168.1.5-224.0.0.252-62301-5355-17,192.168.1.5,62301,224.0.0.252,5355,17,1970-01-01 00:40:45.106368,105515,2,0,42.0,0.0,21.0,21.0,21.0,0.0,0,0,0,0,398.04767094725867,18.95465099748851,105515.0,0.0,105515.0,105515.0,105515.0,105515.0,0.0,105515.0,105515.0,0,0,0,0,0,0,0,0,0,0,0,16,0,18.95465099748851,0.0,21.0,21.0,21.0,0.0,0.0,0,0,0,0,0,0,0,0,0.0,21.0,21.0,0.0,0,0,0,0,0,0,1,21,0,0,0,0,1,8,0,0,0,0,0,0,0,0,-1,-1,0,Scarab
192.168.1.4-8.8.8.8-64707-53-17,192.168.1.4,64707,8.8.8.8,53,17,1970-01-01 00:10:25.843510,27637,1,1,43.0,116.0,43.0,43.0,43.0,0.0,116.0,116.0,116.0,0.0,5753.15699967435,72.3667547128849,27637.0,0.0,27637.0,27637.0,0,0,0,0,0,0,0,0,0,0,0,0,0,0,0,0,8,8,36.18337735644245,36.18337735644245,43.0,116.0,79.5,51.61879502661797,2664.5,0,0,0,0,0,0,0,0,1.0,79.5,43.0,116.0,0,0,0,0,0,0,0,21,0,58,0,0,0,8,0,0,0,0,0,0,0,0,-1,-1,0,Scarab
192.168.1.5-224.0.0.22-0-0-0,192.168.1.5,0,224.0.0.22,0,0,1970-01-01 00:40:45.075399,354982,5,0,0.0,0.0,0.0,0.0,0.0,0.0,0,0,0,0,0.0,14.08522122248452,88745.5,163323.7153355262,333639.0,1786.0,354982.0,88745.5,163323.7153355262,333639.0,1786.0,0,0,0,0,0,0,0,0,0,0,0,0,0,14.08522122248452,0.0,0.0,0.0,0.0,0.0,0.0,0,0,0,0,0,0,0,0,0.0,0.0,0.0,0.0,0,0,0,0,0,0,1,0,0,0,0,0,0,0,0,0,0,0,0,0,0,0,-1,-1,0,Scarab
192.168.1.5-239.255.255.250-61197-3702-17,192.168.1.5,61197,239.255.255.250,3702,17,1970-01-01 00:10:50.061126,167219,2,0,1248.0,0.0,624.0,624.0,624.0,0.0,0,0,0,0,7463.26673404338,11.96036335583875,167219.0,0.0,167219.0,167219.0,167219.0,167219.0,0.0,167219.0,167219.0,0,0,0,0,0,0,0,0,0,0,0,16,0,11.96036335583875,0.0,624.0,624.0,624.0,0.0,0.0,0,0,0,0,0,0,0,0,0.0,624.0,624.0,0.0,0,0,0,0,0,0,1,624,0,0,0,0,1,8,0,0,0,0,0,0,0,0,-1,-1,0,Scarab
192.168.1.5-239.255.255.250-58336-3702-17,192.168.1.5,58336,239.255.255.250,3702,17,1970-01-01 00:10:51.879685,167713,2,0,1312.0,0.0,656.0,656.0,656.0,0.0,0,0,0,0,7822.887909702885,11.925134008693423,167713.0,0.0,167713.0,167713.0,167713.0,167713.0,0.0,167713.0,167713.0,0,0,0,0,0,0,0,0,0,0,0,16,0,11.925134008693423,0.0,656.0,656.0,656.0,0.0,0.0,0,0,0,0,0,0,0,0,0.0,656.0,656.0,0.0,0,0,0,0,0,0,1,656,0,0,0,0,1,8,0,0,0,0,0,0,0,0,-1,-1,0,Scarab
134.221.96.0-0.0.0.227-0-0-0,134.221.96.0,0,0.0.0.227,0,0,1970-01-01 00:39:47.897223,81953537,2,0,0.0,0.0,0.0,0.0,0.0,0.0,0,0,0,0,0.0,0.024404071785211662,8.1953537E7,0.0,8.1953537E7,8.1953537E7,8.1953537E7,8.1953537E7,0.0,8.1953537E7,8.1953537E7,0,0,0,0,0,0,0,0,0,0,0,0,0,0.024404071785211662,0.0,0.0,0.0,0.0,0.0,0.0,0,0,0,0,0,0,0,0,0.0,0.0,0.0,0.0,0,0,0,0,0,0,1,0,0,0,0,0,0,0,0,0,0,0,8.1953537E7,0.0,8.1953537E7,8.1953537E7,-1,-1,0,Scarab
192.168.1.5-224.0.0.252-53554-5355-17,192.168.1.5,53554,224.0.0.252,5355,17,1970-01-01 00:00:42.203110,104607,2,0,42.0,0.0,21.0,21.0,21.0,0.0,0,0,0,0,401.50276750121884,19.119179404819945,104607.0,0.0,104607.0,104607.0,104607.0,104607.0,0.0,104607.0,104607.0,0,0,0,0,0,0,0,0,0,0,0,16,0,19.119179404819945,0.0,21.0,21.0,21.0,0.0,0.0,0,0,0,0,0,0,0,0,0.0,21.0,21.0,0.0,0,0,0,0,0,0,1,21,0,0,0,0,1,8,0,0,0,0,0,0,0,0,-1,-1,0,Scarab
192.168.1.4-51.145.123.29-123-123-17,192.168.1.4,123,51.145.123.29,123,17,1970-01-01 00:00:08.672549,1560054,2,2,96.0,96.0,48.0,48.0,48.0,0.0,48.0,48.0,48.0,0.0,123.0726628693622,2.5640138097783796,520018.0,812908.602298561,1458684.0,50653.0,1509401.0,1509401.0,0.0,1509401.0,1509401.0,1509337.0,1509337.0,0.0,1509337.0,1509337.0,0,0,0,0,0,0,16,16,1.2820069048891898,1.2820069048891898,48.0,48.0,48.0,0.0,0.0,0,0,0,0,0,0,0,0,1.0,48.0,48.0,48.0,0,0,0,0,0,0,0,24,0,24,0,0,1,8,0,0,0,0,0,0,0,0,-1,-1,0,Scarab
192.168.1.4-224.0.0.252-56752-5355-17,192.168.1.4,56752,224.0.0.252,5355,17,1970-01-01 00:00:08.514379,112259,2,0,42.0,0.0,21.0,21.0,21.0,0.0,0,0,0,0,374.1348132443724,17.81594348782726,112259.0,0.0,112259.0,112259.0,112259.0,112259.0,0.0,112259.0,112259.0,0,0,0,0,0,0,0,0,0,0,0,16,0,17.81594348782726,0.0,21.0,21.0,21.0,0.0,0.0,0,0,0,0,0,0,0,0,0.0,21.0,21.0,0.0,0,0,0,0,0,0,1,21,0,0,0,0,1,8,0,0,0,0,0,0,0,0,-1,-1,0,Scarab
192.168.1.5-224.0.0.252-59995-5355-17,192.168.1.5,59995,224.0.0.252,5355,17,1970-01-01 00:00:43.053577,82265,2,0,42.0,0.0,21.0,21.0,21.0,0.0,0,0,0,0,510.54518932717434,24.3116756822464,82265.0,0.0,82265.0,82265.0,82265.0,82265.0,0.0,82265.0,82265.0,0,0,0,0,0,0,0,0,0,0,0,16,0,24.3116756822464,0.0,21.0,21.0,21.0,0.0,0.0,0,0,0,0,0,0,0,0,0.0,21.0,21.0,0.0,0,0,0,0,0,0,1,21,0,0,0,0,1,8,0,0,0,0,0,0,0,0,-1,-1,0,Scarab
192.168.1.5-224.0.0.252-50530-5355-17,192.168.1.5,50530,224.0.0.252,5355,17,1970-01-01 00:00:43.213103,95023,2,0,48.0,0.0,24.0,24.0,24.0,0.0,0,0,0,0,505.14086063374134,21.04753585973922,95023.0,0.0,95023.0,95023.0,95023.0,95023.0,0.0,95023.0,95023.0,0,0,0,0,0,0,0,0,0,0,0,16,0,21.04753585973922,0.0,24.0,24.0,24.0,0.0,0.0,0,0,0,0,0,0,0,0,0.0,24.0,24.0,0.0,0,0,0,0,0,0,1,24,0,0,0,0,1,8,0,0,0,0,0,0,0,0,-1,-1,0,Scarab
192.168.1.5-239.255.255.250-63776-3702-17,192.168.1.5,63776,239.255.255.250,3702,17,1970-01-01 00:00:50.031675,300836,2,0,1248.0,0.0,624.0,624.0,624.0,0.0,0,0,0,0,4148.439681421107,6.648140515097928,300836.0,0.0,300836.0,300836.0,300836.0,300836.0,0.0,300836.0,300836.0,0,0,0,0,0,0,0,0,0,0,0,16,0,6.648140515097928,0.0,624.0,624.0,624.0,0.0,0.0,0,0,0,0,0,0,0,0,0.0,624.0,624.0,0.0,0,0,0,0,0,0,1,624,0,0,0,0,1,8,0,0,0,0,0,0,0,0,-1,-1,0,Scarab
192.168.1.4-8.8.8.8-54889-53-17,192.168.1.4,54889,8.8.8.8,53,17,1970-01-01 00:00:08.647197,22788,1,1,34.0,89.0,34.0,34.0,34.0,0.0,89.0,89.0,89.0,0.0,5397.57767245919,87.76549060909251,22788.0,0.0,22788.0,22788.0,0,0,0,0,0,0,0,0,0,0,0,0,0,0,0,0,8,8,43.882745304546255,43.882745304546255,34.0,89.0,61.5,38.890872965260115,1512.5,0,0,0,0,0,0,0,0,1.0,61.5,34.0,89.0,0,0,0,0,0,0,0,17,0,44,0,0,0,8,0,0,0,0,0,0,0,0,-1,-1,0,Scarab
192.168.1.4-8.8.8.8-53196-53-17,192.168.1.4,53196,8.8.8.8,53,17,1970-01-01 00:02:45.214503,65638,1,1,37.0,53.0,37.0,37.0,37.0,0.0,53.0,53.0,53.0,0.0,1371.1569517657454,30.47015448368323,65638.0,0.0,65638.0,65638.0,0,0,0,0,0,0,0,0,0,0,0,0,0,0,0,0,8,8,15.235077241841616,15.235077241841616,37.0,53.0,45.0,11.313708498984761,128.0,0,0,0,0,0,0,0,0,1.0,45.0,37.0,53.0,0,0,0,0,0,0,0,18,0,26,0,0,0,8,0,0,0,0,0,0,0,0,-1,-1,0,Scarab
192.168.1.4-8.8.8.8-61793-53-17,192.168.1.4,61793,8.8.8.8,53,17,1970-01-01 00:00:10.965575,26696,1,1,34.0,50.0,34.0,34.0,34.0,0.0,50.0,50.0,50.0,0.0,3146.5388073119566,74.91759065028468,26696.0,0.0,26696.0,26696.0,0,0,0,0,0,0,0,0,0,0,0,0,0,0,0,0,8,8,37.45879532514234,37.45879532514234,34.0,50.0,42.0,11.313708498984761,128.0,0,0,0,0,0,0,0,0,1.0,42.0,34.0,50.0,0,0,0,0,0,0,0,17,0,25,0,0,0,8,0,0,0,0,0,0,0,0,-1,-1,0,Scarab
192.168.1.4-224.0.0.252-63765-5355-17,192.168.1.4,63765,224.0.0.252,5355,17,1970-01-01 00:10:40.058069,109928,2,0,44.0,0.0,22.0,22.0,22.0,0.0,0,0,0,0,400.2619896659632,18.193726802998327,109928.0,0.0,109928.0,109928.0,109928.0,109928.0,0.0,109928.0,109928.0,0,0,0,0,0,0,0,0,0,0,0,16,0,18.193726802998327,0.0,22.0,22.0,22.0,0.0,0.0,0,0,0,0,0,0,0,0,0.0,22.0,22.0,0.0,0,0,0,0,0,0,1,22,0,0,0,0,1,8,0,0,0,0,0,0,0,0,-1,-1,0,Scarab
192.168.1.5-224.0.0.252-65358-5355-17,192.168.1.5,65358,224.0.0.252,5355,17,1970-01-01 00:10:44.987225,103426,2,0,42.0,0.0,21.0,21.0,21.0,0.0,0,0,0,0,406.0874441629764,19.337497341094114,103426.0,0.0,103426.0,103426.0,103426.0,103426.0,0.0,103426.0,103426.0,0,0,0,0,0,0,0,0,0,0,0,16,0,19.337497341094114,0.0,21.0,21.0,21.0,0.0,0.0,0,0,0,0,0,0,0,0,0.0,21.0,21.0,0.0,0,0,0,0,0,0,1,21,0,0,0,0,1,8,0,0,0,0,0,0,0,0,-1,-1,0,Scarab
192.168.1.4-239.255.255.250-51818-1900-17,192.168.1.4,51818,239.255.255.250,1900,17,1970-01-01 00:39:47.829398,45302140,12,0,1542.0,0.0,133.0,123.0,128.5,4.757768766592553,0,0,0,0,34.038127117173715,0.26488814877177985,4118376.3636363638,6841789.349382753,2.4327877E7,735.0,4.530214E7,4118376.3636363638,6841789.349382753,2.4327877E7,735.0,0,0,0,0,0,0,0,0,0,0,0,96,0,0.26488814877177985,0.0,123.0,133.0,128.5,4.757768766592553,22.63636363636363,0,0,0,0,0,0,0,0,0.0,128.5,128.5,0.0,0,0,0,0,0,0,1,128,0,0,0,0,11,8,5991911.0,0.0,5991911.0,5991911.0,2.4327877E7,0.0,2.4327877E7,2.4327877E7,-1,-1,0,Scarab
192.168.1.4-8.8.8.8-53227-53-17,192.168.1.4,53227,8.8.8.8,53,17,1970-01-01 00:02:40.683973,53572,1,1,39.0,55.0,39.0,39.0,39.0,0.0,55.0,55.0,55.0,0.0,1754.647950421862,37.332935115358765,53572.0,0.0,53572.0,53572.0,0,0,0,0,0,0,0,0,0,0,0,0,0,0,0,0,8,8,18.666467557679383,18.666467557679383,39.0,55.0,47.0,11.313708498984761,128.0,0,0,0,0,0,0,0,0,1.0,47.0,39.0,55.0,0,0,0,0,0,0,0,19,0,27,0,0,0,8,0,0,0,0,0,0,0,0,-1,-1,0,Scarab
192.168.1.4-216.58.211.46-49186-80-6,192.168.1.4,49186,216.58.211.46,80,6,1970-01-01 00:10:46.174109,119023033,5,2,336.0,560.0,336.0,0.0,67.2,150.26376808798588,560.0,0.0,280.0,395.9797974644666,7.527954694281736,0.058812146049076065,1.9837172166666668E7,4.846396679184366E7,1.18763705E8,151.0,1.19023033E8,2.975575825E7,5.9338733856662445E7,1.18763705E8,452.0,39477.0,39477.0,0.0,39477.0,39477.0,1,1,0,0,1,0,112,44,0.042008675749340044,0.016803470299736018,0.0,560.0,127.99999999999999,227.96490958040013,51968.00000000001,0,2,1,2,6,0,0,0,0.4,128.0,67.2,280.0,0,0,0,0,0,0,0,48,0,80,8192,32432,1,20,259328.0,0.0,259328.0,259328.0,1.18763705E8,0.0,1.18763705E8,1.18763705E8,-1,-1,119023033,Scarab
192.168.1.4-172.217.16.227-49181-443-6,192.168.1.4,49181,172.217.16.227,443,6,1970-01-01 00:05:03.625168,759779,8,8,1469.0,4114.0,780.0,0.0,183.62499999999997,278.0287433753157,1460.0,0.0,514.25,700.8037732285896,7348.1894077093475,21.058755243301015,50651.93333333333,70953.35994910085,208317.0,142.0,759779.0,108539.85714285714,110452.87733150968,253109.0,15570.0,602960.0,86137.14285714287,90479.1895952297,228242.0,18593.0,4,3,0,0,1,0,172,164,10.529377621650507,10.529377621650507,0.0,1460.0,348.9375,542.6007087782568,294415.5291666667,0,2,1,7,15,0,0,0,1.0,348.9375,183.625,514.25,0,0,0,0,0,0,0,91,0,257,8192,32768,4,20,0,0,0,0,0,0,0,0,-1,-1,759779,Scarab
134.221.96.0-0.0.0.194-0-0-0,134.221.96.0,0,0.0.0.194,0,0,1970-01-01 00:39:45.583071,116593581,31,0,0.0,0.0,0.0,0.0,0.0,0.0,0,0,0,0,0.0,0.2658808463906774,3886452.6999999997,9112118.83260903,2.6582216E7,711.0,1.16593581E8,3886452.6999999997,9112118.83260903,2.6582216E7,711.0,0,0,0,0,0,0,0,0,0,0,0,0,0,0.2658808463906774,0.0,0.0,0.0,0.0,0.0,0.0,0,0,0,0,0,0,0,0,0.0,0.0,0.0,0.0,0,0,0,0,0,0,1,0,0,0,0,0,0,0,2564158.25,1708386.2275126537,3418730.0,1579.0,2.658173125E7,704.1881259057601,2.6582216E7,2.658069E7,-1,-1,0,Scarab
134.221.96.0-0.0.0.104-0-0-0,134.221.96.0,0,0.0.0.104,0,0,1970-01-01 00:41:03.717837,51491849,12,0,0.0,0.0,0.0,0.0,0.0,0.0,0,0,0,0,0.0,0.23304659345210152,4681077.181818182,3821707.4614920444,8718135.0,1281967.0,5.1491849E7,4681077.181818182,3821707.4614920444,8718135.0,1281967.0,0,0,0,0,0,0,0,0,0,0,0,0,0,0.23304659345210152,0.0,0.0,0.0,0.0,0.0,0.0,0,0,0,0,0,0,0,0,0.0,0.0,0.0,0.0,0,0,0,0,0,0,1,0,0,0,0,0,0,0,1328123.4,93542.15189581647,1495040.0,1281967.0,8671460.0,92619.8848520122,8718135.0,8506333.0,-1,-1,0,Scarab
192.168.1.4-224.0.0.252-58528-5355-17,192.168.1.4,58528,224.0.0.252,5355,17,1970-01-01 00:34:32.912018,110025,2,0,44.0,0.0,22.0,22.0,22.0,0.0,0,0,0,0,399.9091115655533,18.17768688934333,110025.0,0.0,110025.0,110025.0,110025.0,110025.0,0.0,110025.0,110025.0,0,0,0,0,0,0,0,0,0,0,0,16,0,18.17768688934333,0.0,22.0,22.0,22.0,0.0,0.0,0,0,0,0,0,0,0,0,0.0,22.0,22.0,0.0,0,0,0,0,0,0,1,22,0,0,0,0,1,8,0,0,0,0,0,0,0,0,-1,-1,0,Scarab
192.168.1.4-224.0.0.252-60725-5355-17,192.168.1.4,60725,224.0.0.252,5355,17,1970-01-01 00:20:17.539065,112803,2,0,42.0,0.0,21.0,21.0,21.0,0.0,0,0,0,0,372.33052312438497,17.730024910685,112803.0,0.0,112803.0,112803.0,112803.0,112803.0,0.0,112803.0,112803.0,0,0,0,0,0,0,0,0,0,0,0,16,0,17.730024910685,0.0,21.0,21.0,21.0,0.0,0.0,0,0,0,0,0,0,0,0,0.0,21.0,21.0,0.0,0,0,0,0,0,0,1,21,0,0,0,0,1,8,0,0,0,0,0,0,0,0,-1,-1,0,Scarab
192.168.1.4-224.0.0.22-0-0-0,192.168.1.4,0,224.0.0.22,0,0,1970-01-01 00:40:17.896031,547768,6,0,0.0,0.0,0.0,0.0,0.0,0.0,0,0,0,0,0.0,10.95354237560427,109553.6,128988.68229732406,265755.0,1147.0,547768.0,109553.6,128988.68229732406,265755.0,1147.0,0,0,0,0,0,0,0,0,0,0,0,0,0,10.95354237560427,0.0,0.0,0.0,0.0,0.0,0.0,0,0,0,0,0,0,0,0,0.0,0.0,0.0,0.0,0,0,0,0,0,0,1,0,0,0,0,0,0,0,0,0,0,0,0,0,0,0,-1,-1,0,Scarab
192.168.1.3-255.255.255.255-67-68-17,192.168.1.3,67,255.255.255.255,68,17,1970-01-01 00:40:17.884994,27176811,2,0,1096.0,0.0,548.0,548.0,548.0,0.0,0,0,0,0,40.328499175271155,0.07359215177969189,2.7176811E7,0.0,2.7176811E7,2.7176811E7,2.7176811E7,2.7176811E7,0.0,2.7176811E7,2.7176811E7,0,0,0,0,0,0,0,0,0,0,0,16,0,0.07359215177969189,0.0,548.0,548.0,548.0,0.0,0.0,0,0,0,0,0,0,0,0,0.0,548.0,548.0,0.0,0,0,0,0,0,0,1,548,0,0,0,0,1,8,0,0,0,0,2.7176811E7,0.0,2.7176811E7,2.7176811E7,-1,-1,0,Scarab
192.168.1.5-224.0.0.252-55047-5355-17,192.168.1.5,55047,224.0.0.252,5355,17,1970-01-01 00:10:53.887804,102258,2,0,48.0,0.0,24.0,24.0,24.0,0.0,0,0,0,0,469.40092706683095,19.558371961117956,102258.0,0.0,102258.0,102258.0,102258.0,102258.0,0.0,102258.0,102258.0,0,0,0,0,0,0,0,0,0,0,0,16,0,19.558371961117956,0.0,24.0,24.0,24.0,0.0,0.0,0,0,0,0,0,0,0,0,0.0,24.0,24.0,0.0,0,0,0,0,0,0,1,24,0,0,0,0,1,8,0,0,0,0,0,0,0,0,-1,-1,0,Scarab
192.168.1.4-224.0.0.252-59902-5355-17,192.168.1.4,59902,224.0.0.252,5355,17,1970-01-01 00:10:17.535865,100344,2,0,42.0,0.0,21.0,21.0,21.0,0.0,0,0,0,0,418.5601530734274,19.9314358606394,100344.0,0.0,100344.0,100344.0,100344.0,100344.0,0.0,100344.0,100344.0,0,0,0,0,0,0,0,0,0,0,0,16,0,19.9314358606394,0.0,21.0,21.0,21.0,0.0,0.0,0,0,0,0,0,0,0,0,0.0,21.0,21.0,0.0,0,0,0,0,0,0,1,21,0,0,0,0,1,8,0,0,0,0,0,0,0,0,-1,-1,0,Scarab
192.168.1.4-224.0.0.252-52899-5355-17,192.168.1.4,52899,224.0.0.252,5355,17,1970-01-01 00:10:43.461322,107642,2,0,44.0,0.0,22.0,22.0,22.0,0.0,0,0,0,0,408.76237899704574,18.580108136229352,107642.0,0.0,107642.0,107642.0,107642.0,107642.0,0.0,107642.0,107642.0,0,0,0,0,0,0,0,0,0,0,0,16,0,18.580108136229352,0.0,22.0,22.0,22.0,0.0,0.0,0,0,0,0,0,0,0,0,0.0,22.0,22.0,0.0,0,0,0,0,0,0,1,22,0,0,0,0,1,8,0,0,0,0,0,0,0,0,-1,-1,0,Scarab
192.168.1.4-8.8.8.8-51953-53-17,192.168.1.4,51953,8.8.8.8,53,17,1970-01-01 00:10:46.248638,36961,1,1,47.0,96.0,47.0,47.0,47.0,0.0,96.0,96.0,96.0,0.0,3868.9429398555235,54.111090067909416,36961.0,0.0,36961.0,36961.0,0,0,0,0,0,0,0,0,0,0,0,0,0,0,0,0,8,8,27.055545033954708,27.055545033954708,47.0,96.0,71.5,34.64823227814083,1200.5,0,0,0,0,0,0,0,0,1.0,71.5,47.0,96.0,0,0,0,0,0,0,0,23,0,48,0,0,0,8,0,0,0,0,0,0,0,0,-1,-1,0,Scarab
192.168.1.4-172.217.16.227-49177-443-6,192.168.1.4,49177,172.217.16.227,443,6,1970-01-01 00:02:40.769032,114692603,10,8,2002.0,7041.0,1108.0,0.0,200.20000000000002,370.4852073820072,1460.0,0.0,880.125,720.7881474964946,78.84553810327245,0.1569412458098976,6746623.705882353,2.763793366994772E7,1.13997247E8,68.0,1.14692603E8,1.2743622555555556E7,3.79702249162177E7,1.13997247E8,370.0,464139.0,66305.57142857143,74714.19777359844,222521.0,76.0,4,3,0,0,1,0,212,164,0.08718958100549867,0.06975166480439893,0.0,1460.0,502.3888888888889,638.3222622292884,407455.3104575164,0,2,1,7,17,0,0,0,0.8,502.3888888888889,200.2,880.125,0,0,0,0,0,0,0,111,0,391,8192,32768,4,20,695356.0,0.0,695356.0,695356.0,1.13997247E8,0.0,1.13997247E8,1.13997247E8,-1,-1,114692603,Scarab
192.168.1.5-224.0.0.252-55772-5355-17,192.168.1.5,55772,224.0.0.252,5355,17,1970-01-01 00:10:59.023615,122144,2,0,48.0,0.0,24.0,24.0,24.0,0.0,0,0,0,0,392.9787791459261,16.37411579774692,122144.0,0.0,122144.0,122144.0,122144.0,122144.0,0.0,122144.0,122144.0,0,0,0,0,0,0,0,0,0,0,0,16,0,16.37411579774692,0.0,24.0,24.0,24.0,0.0,0.0,0,0,0,0,0,0,0,0,0.0,24.0,24.0,0.0,0,0,0,0,0,0,1,24,0,0,0,0,1,8,0,0,0,0,0,0,0,0,-1,-1,0,Scarab
192.168.1.4-239.255.255.250-1900-1900-17,192.168.1.4,1900,239.255.255.250,1900,17,1970-01-01 00:37:11.131493,8484572,18,0,8607.0,0.0,513.0,433.0,478.1666666666667,30.86069268407915,0,0,0,0,1014.4294844807729,2.121497701946545,499092.4705882352,382580.4860354742,1202963.0,140154.0,8484572.0,499092.4705882352,382580.4860354742,1202963.0,140154.0,0,0,0,0,0,0,0,0,0,0,0,144,0,2.121497701946545,0.0,433.0,513.0,478.1666666666667,30.86069268407915,952.3823529411765,0,0,0,0,0,0,0,0,0.0,478.1666666666667,478.1666666666667,0.0,2563,5,1822,0,0,0,1,478,0,0,0,0,17,8,0,0,0,0,0,0,0,0,-1,-1,0,Scarab
192.168.1.4-224.0.0.252-51765-5355-17,192.168.1.4,51765,224.0.0.252,5355,17,1970-01-01 00:04:32.137408,105165,2,0,44.0,0.0,22.0,22.0,22.0,0.0,0,0,0,0,418.39014881376886,19.017734036989495,105165.0,0.0,105165.0,105165.0,105165.0,105165.0,0.0,105165.0,105165.0,0,0,0,0,0,0,0,0,0,0,0,16,0,19.017734036989495,0.0,22.0,22.0,22.0,0.0,0.0,0,0,0,0,0,0,0,0,0.0,22.0,22.0,0.0,0,0,0,0,0,0,1,22,0,0,0,0,1,8,0,0,0,0,0,0,0,0,-1,-1,0,Scarab
192.168.1.5-224.0.0.252-54517-5355-17,192.168.1.5,54517,224.0.0.252,5355,17,1970-01-01 00:00:45.323849,122510,2,0,48.0,0.0,24.0,24.0,24.0,0.0,0,0,0,0,391.80475063260144,16.32519794302506,122510.0,0.0,122510.0,122510.0,122510.0,122510.0,0.0,122510.0,122510.0,0,0,0,0,0,0,0,0,0,0,0,16,0,16.32519794302506,0.0,24.0,24.0,24.0,0.0,0.0,0,0,0,0,0,0,0,0,0.0,24.0,24.0,0.0,0,0,0,0,0,0,1,24,0,0,0,0,1,8,0,0,0,0,0,0,0,0,-1,-1,0,Scarab
192.168.1.4-224.0.0.252-61090-5355-17,192.168.1.4,61090,224.0.0.252,5355,17,1970-01-01 00:00:07.988281,98222,2,0,42.0,0.0,21.0,21.0,21.0,0.0,0,0,0,0,427.60277738184925,20.362037018183297,98222.0,0.0,98222.0,98222.0,98222.0,98222.0,0.0,98222.0,98222.0,0,0,0,0,0,0,0,0,0,0,0,16,0,20.362037018183297,0.0,21.0,21.0,21.0,0.0,0.0,0,0,0,0,0,0,0,0,0.0,21.0,21.0,0.0,0,0,0,0,0,0,1,21,0,0,0,0,1,8,0,0,0,0,0,0,0,0,-1,-1,0,Scarab
192.168.1.5-224.0.0.252-64194-5355-17,192.168.1.5,64194,224.0.0.252,5355,17,1970-01-01 00:10:44.692216,102097,2,0,42.0,0.0,21.0,21.0,21.0,0.0,0,0,0,0,411.3734977521377,19.589214178673224,102097.0,0.0,102097.0,102097.0,102097.0,102097.0,0.0,102097.0,102097.0,0,0,0,0,0,0,0,0,0,0,0,16,0,19.589214178673224,0.0,21.0,21.0,21.0,0.0,0.0,0,0,0,0,0,0,0,0,0.0,21.0,21.0,0.0,0,0,0,0,0,0,1,21,0,0,0,0,1,8,0,0,0,0,0,0,0,0,-1,-1,0,Scarab
134.221.96.0-0.0.0.84-0-0-0,134.221.96.0,0,0.0.0.84,0,0,1970-01-01 00:00:46.626460,35330,3,0,0.0,0.0,0.0,0.0,0.0,0.0,0,0,0,0,0.0,84.91367110104727,17665.0,22433.669739924408,33528.0,1802.0,35330.0,17665.0,22433.669739924408,33528.0,1802.0,0,0,0,0,0,0,0,0,0,0,0,0,0,84.91367110104727,0.0,0.0,0.0,0.0,0.0,0.0,0,0,0,0,0,0,0,0,0.0,0.0,0.0,0.0,0,0,0,0,0,0,1,0,0,0,0,0,0,0,0,0,0,0,0,0,0,0,-1,-1,0,Scarab
134.221.96.0-0.0.0.64-0-0-0,134.221.96.0,0,0.0.0.64,0,0,1970-01-01 00:41:03.710662,1288423,2,0,0.0,0.0,0.0,0.0,0.0,0.0,0,0,0,0,0.0,1.5522852355165966,1288423.0,0.0,1288423.0,1288423.0,1288423.0,1288423.0,0.0,1288423.0,1288423.0,0,0,0,0,0,0,0,0,0,0,0,0,0,1.5522852355165966,0.0,0.0,0.0,0.0,0.0,0.0,0,0,0,0,0,0,0,0,0.0,0.0,0.0,0.0,0,0,0,0,0,0,1,0,0,0,0,0,0,0,0,0,0,0,0,0,0,0,-1,-1,0,Scarab
192.168.1.4-172.217.16.238-49182-443-6,192.168.1.4,49182,172.217.16.238,443,6,1970-01-01 00:10:20.032959,1269621,9,7,760.0,4201.0,473.0,0.0,84.44444444444444,158.6459195119048,1460.0,0.0,600.1428571428571,658.8005334372027,3907.465298699375,12.602186006690184,84641.40000000001,141416.00650148685,519359.0,78.0,1269621.0,158702.625,174668.71481500342,519359.0,16173.0,980686.0,163447.66666666666,298164.249212857,764205.0,167.0,3,4,0,0,1,0,192,144,7.088729628763229,5.513456377926956,0.0,1460.0,310.0625,506.79482617064406,256840.99583333332,0,2,1,7,15,0,0,0,0.7777777777777778,310.0625,84.44444444444444,600.1428571428571,0,0,0,0,0,0,0,47,0,262,8192,32008,3,20,0,0,0,0,0,0,0,0,-1,-1,1269621,Scarab
192.168.1.4-192.168.1.5-49173-2869-6,192.168.1.4,49173,192.168.1.5,2869,6,1970-01-01 00:01:05.547565,7748,7,7,308.0,5895.0,308.0,0.0,44.0,116.41305768684198,1460.0,0.0,842.1428571428571,724.2495952297635,800593.7016004131,1806.9179143004646,596.0000000000001,820.6136931183474,2652.0,14.0,6753.0,1125.5,1102.878551790722,2652.0,139.0,6840.0,1140.0,1572.694757414801,3827.0,14.0,1,2,0,0,0,0,152,152,903.4589571502323,903.4589571502323,0.0,1460.0,443.07142857142867,647.9642041734327,419857.6098901099,2,2,0,3,13,0,0,0,1.0,443.07142857142856,44.0,842.1428571428571,0,0,0,5895,5,8256302,0,22,0,421,8192,256,1,20,0,0,0,0,0,0,0,0,-1,-1,7748,Scarab
192.168.1.4-8.8.8.8-49352-53-17,192.168.1.4,49352,8.8.8.8,53,17,1970-01-01 00:02:23.555112,55461,1,1,37.0,77.0,37.0,37.0,37.0,0.0,77.0,77.0,77.0,0.0,2055.498458376156,36.06137646273958,55461.0,0.0,55461.0,55461.0,0,0,0,0,0,0,0,0,0,0,0,0,0,0,0,0,8,8,18.03068823136979,18.03068823136979,37.0,77.0,57.0,28.284271247461902,800.0,0,0,0,0,0,0,0,0,1.0,57.0,37.0,77.0,0,0,0,0,0,0,0,18,0,38,0,0,0,8,0,0,0,0,0,0,0,0,-1,-1,0,Scarab
192.168.1.4-8.8.8.8-64004-53-17,192.168.1.4,64004,8.8.8.8,53,17,1970-01-01 00:40:44.605054,19500,1,1,43.0,116.0,43.0,43.0,43.0,0.0,116.0,116.0,116.0,0.0,8153.846153846154,102.56410256410257,19500.0,0.0,19500.0,19500.0,0,0,0,0,0,0,0,0,0,0,0,0,0,0,0,0,8,8,51.282051282051285,51.282051282051285,43.0,116.0,79.5,51.61879502661797,2664.5,0,0,0,0,0,0,0,0,1.0,79.5,43.0,116.0,0,0,0,0,0,0,0,21,0,58,0,0,0,8,0,0,0,0,0,0,0,0,-1,-1,0,Scarab
192.168.1.4-239.255.255.250-58572-3702-17,192.168.1.4,58572,239.255.255.250,3702,17,1970-01-01 00:00:10.608563,4981431,4,0,3964.0,0.0,991.0,991.0,991.0,0.0,0,0,0,0,795.7552759438001,0.8029821149786076,1660477.0,2606043.9543110165,4669556.0,132533.0,4981431.0,1660477.0,2606043.9543110165,4669556.0,132533.0,0,0,0,0,0,0,0,0,0,0,0,32,0,0.8029821149786076,0.0,991.0,991.0,991.0,0.0,0.0,0,0,0,0,0,0,0,0,0.0,991.0,991.0,0.0,0,0,0,0,0,0,1,991,0,0,0,0,3,8,0,0,0,0,0,0,0,0,-1,-1,0,Scarab
192.168.1.4-192.168.1.5-49175-445-6,192.168.1.4,49175,192.168.1.5,445,6,1970-01-01 00:10:06.942607,37677058,9418,12125,6490515.0,1.0781944E7,1460.0,0.0,689.1606498194966,651.176782179671,1460.0,0.0,889.2324948453663,652.7440749761337,458434.38731336186,571.7803125711142,1749.0046420945218,9252.333189829558,759742.0,0.0,3.7675629E7,4000.8101306148324,15743.697917703012,971666.0,0.0,3.7677058E7,3107.642527218744,13153.938836624315,759742.0,0.0,4593,4830,0,0,0,1,188360,242500,249.9664384623661,321.81387410874805,0.0,1460.0,801.7666527410228,659.553880883351,435011.32178828947,0,0,1,9423,21542,0,0,0,1.2874283287322148,801.7666527410296,689.1606498194946,889.2324948453609,8310,6,29084345,18463,13,30175465,0,301,0,500,0,0,7703,0,0,0,0,0,0,0,0,0,-1,-1,517689014,Scarab
192.168.1.5-192.168.1.255-137-137-17,192.168.1.5,137,192.168.1.255,137,17,1970-01-01 00:10:44.700128,16139327,31,0,1838.0,0.0,68.0,50.0,59.290322580645174,9.14400914401372,0,0,0,0,113.88331124339942,1.9207740198832328,537977.5666666667,370525.1002811051,1095508.0,88.0,1.6139327E7,537977.5666666667,370525.1002811051,1095508.0,88.0,0,0,0,0,0,0,0,0,0,0,0,248,0,1.9207740198832328,0.0,50.0,68.0,59.290322580645174,9.14400914401372,83.61290322580653,0,0,0,0,0,0,0,0,0.0,59.29032258064516,59.29032258064516,0.0,1238,19,211,0,0,0,1,59,0,0,0,0,30,8,0,0,0,0,0,0,0,0,-1,-1,0,Scarab
192.168.1.5-192.168.1.4-49170-5357-6,192.168.1.5,49170,192.168.1.4,5357,6,1970-01-01 00:00:48.786439,67562,10,15,952.0,16953.0,733.0,0.0,95.20000000000002,234.4306578358158,1460.0,0.0,1130.1999999999998,602.6588942819502,265015.83730499394,370.0304905124182,2815.0833333333335,8524.656800010838,31828.0,0.0,67395.0,7488.333333333334,13041.171592307188,31828.0,233.0,67288.0,4806.285714285714,16202.916320733848,60976.0,0.0,2,1,0,0,0,0,212,312,148.0121962049673,222.01829430745093,0.0,1460.0,716.1999999999999,707.3052735559095,500280.75,2,2,0,3,24,0,0,0,1.5,716.2,95.2,1130.2,0,0,0,16953,12,15150134,0,38,0,678,8192,256,2,20,0,0,0,0,0,0,0,0,-1,-1,67562,Scarab
192.168.1.4-224.0.0.252-61152-5355-17,192.168.1.4,61152,224.0.0.252,5355,17,1970-01-01 00:00:08.868186,108085,2,0,48.0,0.0,24.0,24.0,24.0,0.0,0,0,0,0,444.0949252902808,18.503955220428367,108085.0,0.0,108085.0,108085.0,108085.0,108085.0,0.0,108085.0,108085.0,0,0,0,0,0,0,0,0,0,0,0,16,0,18.503955220428367,0.0,24.0,24.0,24.0,0.0,0.0,0,0,0,0,0,0,0,0,0.0,24.0,24.0,0.0,0,0,0,0,0,0,1,24,0,0,0,0,1,8,0,0,0,0,0,0,0,0,-1,-1,0,Scarab
192.168.1.5-224.0.0.252-63700-5355-17,192.168.1.5,63700,224.0.0.252,5355,17,1970-01-01 00:00:42.317450,98201,2,0,48.0,0.0,24.0,24.0,24.0,0.0,0,0,0,0,488.79339314263603,20.366391380943167,98201.0,0.0,98201.0,98201.0,98201.0,98201.0,0.0,98201.0,98201.0,0,0,0,0,0,0,0,0,0,0,0,16,0,20.366391380943167,0.0,24.0,24.0,24.0,0.0,0.0,0,0,0,0,0,0,0,0,0.0,24.0,24.0,0.0,0,0,0,0,0,0,1,24,0,0,0,0,1,8,0,0,0,0,0,0,0,0,-1,-1,0,Scarab
192.168.1.4-192.168.1.5-3702-58336-17,192.168.1.4,3702,192.168.1.5,58336,17,1970-01-01 00:10:51.900869,186769,2,0,2472.0,0.0,1236.0,1236.0,1236.0,0.0,0,0,0,0,13235.60119720082,10.70841520809128,186769.0,0.0,186769.0,186769.0,186769.0,186769.0,0.0,186769.0,186769.0,0,0,0,0,0,0,0,0,0,0,0,16,0,10.70841520809128,0.0,1236.0,1236.0,1236.0,0.0,0.0,0,0,0,0,0,0,0,0,0.0,1236.0,1236.0,0.0,0,0,0,0,0,0,1,1236,0,0,0,0,1,8,0,0,0,0,0,0,0,0,-1,-1,0,Scarab
192.168.1.4-192.168.1.5-3702-49213-17,192.168.1.4,3702,192.168.1.5,49213,17,1970-01-01 00:00:46.637924,185731,2,0,2452.0,0.0,1226.0,1226.0,1226.0,0.0,0,0,0,0,13201.888753089144,10.768261625684458,185731.0,0.0,185731.0,185731.0,185731.0,185731.0,0.0,185731.0,185731.0,0,0,0,0,0,0,0,0,0,0,0,16,0,10.768261625684458,0.0,1226.0,1226.0,1226.0,0.0,0.0,0,0,0,0,0,0,0,0,0.0,1226.0,1226.0,0.0,0,0,0,0,0,0,1,1226,0,0,0,0,1,8,0,0,0,0,0,0,0,0,-1,-1,0,Scarab
192.168.1.4-224.0.0.252-51815-5355-17,192.168.1.4,51815,224.0.0.252,5355,17,1970-01-01 00:00:10.487886,100810,2,0,42.0,0.0,21.0,21.0,21.0,0.0,0,0,0,0,416.62533478821547,19.83930165658169,100810.0,0.0,100810.0,100810.0,100810.0,100810.0,0.0,100810.0,100810.0,0,0,0,0,0,0,0,0,0,0,0,16,0,19.83930165658169,0.0,21.0,21.0,21.0,0.0,0.0,0,0,0,0,0,0,0,0,0.0,21.0,21.0,0.0,0,0,0,0,0,0,1,21,0,0,0,0,1,8,0,0,0,0,0,0,0,0,-1,-1,0,Scarab
134.221.96.0-0.0.0.20-0-0-0,134.221.96.0,0,0.0.0.20,0,0,1970-01-01 00:39:47.841956,82011158,20,0,0.0,0.0,0.0,0.0,0.0,0.0,0,0,0,0,0.0,0.24386925496162365,4316376.736842106,1.587029844141299E7,6.8704689E7,117.0,8.2011158E7,4316376.736842106,1.587029844141299E7,6.8704689E7,117.0,0,0,0,0,0,0,0,0,0,0,0,0,0,0.24386925496162365,0.0,0.0,0.0,0.0,0.0,0.0,0,0,0,0,0,0,0,0,0.0,0.0,0.0,0.0,0,0,0,0,0,0,1,0,0,0,0,0,0,0,273837.0,0.0,273837.0,273837.0,4.0817556E7,3.9438361704302296E7,6.8704689E7,1.2930423E7,-1,-1,0,Scarab
192.168.1.5-239.255.255.250-63774-3702-17,192.168.1.5,63774,239.255.255.250,3702,17,1970-01-01 00:00:48.717421,202740,2,0,1312.0,0.0,656.0,656.0,656.0,0.0,0,0,0,0,6471.342606293775,9.864851533984414,202740.0,0.0,202740.0,202740.0,202740.0,202740.0,0.0,202740.0,202740.0,0,0,0,0,0,0,0,0,0,0,0,16,0,9.864851533984414,0.0,656.0,656.0,656.0,0.0,0.0,0,0,0,0,0,0,0,0,0.0,656.0,656.0,0.0,0,0,0,0,0,0,1,656,0,0,0,0,1,8,0,0,0,0,0,0,0,0,-1,-1,0,Scarab
192.168.1.5-224.0.0.252-62012-5355-17,192.168.1.5,62012,224.0.0.252,5355,17,1970-01-01 00:20:44.988011,99611,2,0,42.0,0.0,21.0,21.0,21.0,0.0,0,0,0,0,421.6401803013723,20.078103823874873,99611.0,0.0,99611.0,99611.0,99611.0,99611.0,0.0,99611.0,99611.0,0,0,0,0,0,0,0,0,0,0,0,16,0,20.078103823874873,0.0,21.0,21.0,21.0,0.0,0.0,0,0,0,0,0,0,0,0,0.0,21.0,21.0,0.0,0,0,0,0,0,0,1,21,0,0,0,0,1,8,0,0,0,0,0,0,0,0,-1,-1,0,Scarab
192.168.1.4-224.0.0.252-54479-5355-17,192.168.1.4,54479,224.0.0.252,5355,17,1970-01-01 00:00:10.235107,111702,2,0,48.0,0.0,24.0,24.0,24.0,0.0,0,0,0,0,429.7147768168878,17.904782367370327,111702.0,0.0,111702.0,111702.0,111702.0,111702.0,0.0,111702.0,111702.0,0,0,0,0,0,0,0,0,0,0,0,16,0,17.904782367370327,0.0,24.0,24.0,24.0,0.0,0.0,0,0,0,0,0,0,0,0,0.0,24.0,24.0,0.0,0,0,0,0,0,0,1,24,0,0,0,0,1,8,0,0,0,0,0,0,0,0,-1,-1,0,Scarab
192.168.1.4-239.255.255.250-52006-3702-17,192.168.1.4,52006,239.255.255.250,3702,17,1970-01-01 00:00:15.303942,99500,2,0,1248.0,0.0,624.0,624.0,624.0,0.0,0,0,0,0,12542.713567839195,20.100502512562812,99500.0,0.0,99500.0,99500.0,99500.0,99500.0,0.0,99500.0,99500.0,0,0,0,0,0,0,0,0,0,0,0,16,0,20.100502512562812,0.0,624.0,624.0,624.0,0.0,0.0,0,0,0,0,0,0,0,0,0.0,624.0,624.0,0.0,0,0,0,0,0,0,1,624,0,0,0,0,1,8,0,0,0,0,0,0,0,0,-1,-1,0,Scarab
134.221.96.0-0.0.2.111-0-0-0,134.221.96.0,0,0.0.2.111,0,0,1970-01-01 00:00:46.660522,44392,2,0,0.0,0.0,0.0,0.0,0.0,0.0,0,0,0,0,0.0,45.053162732023786,44392.0,0.0,44392.0,44392.0,44392.0,44392.0,0.0,44392.0,44392.0,0,0,0,0,0,0,0,0,0,0,0,0,0,45.053162732023786,0.0,0.0,0.0,0.0,0.0,0.0,0,0,0,0,0,0,0,0,0.0,0.0,0.0,0.0,0,0,0,0,0,0,1,0,0,0,0,0,0,0,0,0,0,0,0,0,0,0,-1,-1,0,Scarab
192.168.1.4-255.255.255.255-68-67-17,192.168.1.4,68,255.255.255.255,67,17,1970-01-01 00:34:21.917082,2980161,2,0,600.0,0.0,300.0,300.0,300.0,0.0,0,0,0,0,201.33140457847747,0.6711046819282582,2980161.0,0.0,2980161.0,2980161.0,2980161.0,2980161.0,0.0,2980161.0,2980161.0,0,0,0,0,0,0,0,0,0,0,0,16,0,0.6711046819282582,0.0,300.0,300.0,300.0,0.0,0.0,0,0,0,0,0,0,0,0,0.0,300.0,300.0,0.0,0,0,0,0,0,0,1,300,0,0,0,0,1,8,0,0,0,0,0,0,0,0,-1,-1,0,Scarab
134.221.96.0-0.0.0.136-0-0-0,134.221.96.0,0,0.0.0.136,0,0,1970-01-01 00:41:03.719529,31281389,16,0,0.0,0.0,0.0,0.0,0.0,0.0,0,0,0,0,0.0,0.5114862386705399,2085425.9333333329,3475032.3019681303,8718279.0,114.0,3.1281389E7,2085425.9333333329,3475032.3019681303,8718279.0,114.0,0,0,0,0,0,0,0,0,0,0,0,0,0,0.5114862386705399,0.0,0.0,0.0,0.0,0.0,0.0,0,0,0,0,0,0,0,0,0.0,0.0,0.0,0.0,0,0,0,0,0,0,1,0,0,0,0,0,0,0,1287959.0,9072.813951580843,1298423.0,1282286.0,8711651.666666666,10328.491145047921,8718279.0,8699751.0,-1,-1,0,Scarab
192.168.1.4-239.255.255.250-51820-3702-17,192.168.1.4,51820,239.255.255.250,3702,17,1970-01-01 00:00:10.743821,189457,2,0,1312.0,0.0,656.0,656.0,656.0,0.0,0,0,0,0,6925.054233942267,10.55648511271687,189457.0,0.0,189457.0,189457.0,189457.0,189457.0,0.0,189457.0,189457.0,0,0,0,0,0,0,0,0,0,0,0,16,0,10.55648511271687,0.0,656.0,656.0,656.0,0.0,0.0,0,0,0,0,0,0,0,0,0.0,656.0,656.0,0.0,0,0,0,0,0,0,1,656,0,0,0,0,1,8,0,0,0,0,0,0,0,0,-1,-1,0,Scarab
192.168.1.4-8.8.8.8-52063-53-17,192.168.1.4,52063,8.8.8.8,53,17,1970-01-01 00:10:42.646736,37291,1,1,39.0,55.0,39.0,39.0,39.0,0.0,55.0,55.0,55.0,0.0,2520.7154541310238,53.632243704915396,37291.0,0.0,37291.0,37291.0,0,0,0,0,0,0,0,0,0,0,0,0,0,0,0,0,8,8,26.816121852457698,26.816121852457698,39.0,55.0,47.0,11.313708498984761,128.0,0,0,0,0,0,0,0,0,1.0,47.0,39.0,55.0,0,0,0,0,0,0,0,19,0,27,0,0,0,8,0,0,0,0,0,0,0,0,-1,-1,0,Scarab
192.168.1.4-224.0.0.252-53514-5355-17,192.168.1.4,53514,224.0.0.252,5355,17,1970-01-01 00:02:42.560329,95762,2,0,44.0,0.0,22.0,22.0,22.0,0.0,0,0,0,0,459.47244209602974,20.885111004364987,95762.0,0.0,95762.0,95762.0,95762.0,95762.0,0.0,95762.0,95762.0,0,0,0,0,0,0,0,0,0,0,0,16,0,20.885111004364987,0.0,22.0,22.0,22.0,0.0,0.0,0,0,0,0,0,0,0,0,0.0,22.0,22.0,0.0,0,0,0,0,0,0,1,22,0,0,0,0,1,8,0,0,0,0,0,0,0,0,-1,-1,0,Scarab
192.168.1.4-192.168.1.5-49188-5357-6,192.168.1.4,49188,192.168.1.5,5357,6,1970-01-01 00:10:51.950941,29934,9,12,952.0,13081.0,733.0,0.0,105.7777777777778,246.10707922456123,1460.0,0.0,1090.0833333333335,657.5589096780376,468798.02231576137,701.543395470034,1496.7,3759.700395398268,12770.0,13.0,29621.0,3702.625,5941.8199938474845,14435.0,141.0,29637.0,2694.2727272727275,5321.6398993338335,14009.0,13.0,2,1,0,0,0,0,192,252,300.6614552014432,400.88194026859094,0.0,1460.0,668.2380952380953,714.9638385794001,511173.2904761905,2,2,0,3,20,0,0,0,1.3333333333333333,668.2380952380952,105.77777777777777,1090.0833333333333,0,0,0,13081,9,12614271,0,45,0,622,8192,256,2,20,0,0,0,0,0,0,0,0,-1,-1,29934,Scarab
192.168.1.5-224.0.0.252-49208-5355-17,192.168.1.5,49208,224.0.0.252,5355,17,1970-01-01 00:00:43.943110,111912,2,0,48.0,0.0,24.0,24.0,24.0,0.0,0,0,0,0,428.9084280506112,17.8711845021088,111912.0,0.0,111912.0,111912.0,111912.0,111912.0,0.0,111912.0,111912.0,0,0,0,0,0,0,0,0,0,0,0,16,0,17.8711845021088,0.0,24.0,24.0,24.0,0.0,0.0,0,0,0,0,0,0,0,0,0.0,24.0,24.0,0.0,0,0,0,0,0,0,1,24,0,0,0,0,1,8,0,0,0,0,0,0,0,0,-1,-1,0,Scarab
192.168.1.5-224.0.0.252-61196-5355-17,192.168.1.5,61196,224.0.0.252,5355,17,1970-01-01 00:10:48.759261,95871,2,0,48.0,0.0,24.0,24.0,24.0,0.0,0,0,0,0,500.6727790468442,20.861365793618507,95871.0,0.0,95871.0,95871.0,95871.0,95871.0,0.0,95871.0,95871.0,0,0,0,0,0,0,0,0,0,0,0,16,0,20.861365793618507,0.0,24.0,24.0,24.0,0.0,0.0,0,0,0,0,0,0,0,0,0.0,24.0,24.0,0.0,0,0,0,0,0,0,1,24,0,0,0,0,1,8,0,0,0,0,0,0,0,0,-1,-1,0,Scarab
134.221.96.0-0.0.5.180-0-0-0,134.221.96.0,0,0.0.5.180,0,0,1970-01-01 00:39:47.848380,82004468,12,0,0.0,0.0,0.0,0.0,0.0,0.0,0,0,0,0,0.0,0.1463334900239826,7454951.636363637,2.4676275651676603E7,8.1856664E7,63.0,8.2004468E7,7454951.636363637,2.4676275651676603E7,8.1856664E7,63.0,0,0,0,0,0,0,0,0,0,0,0,0,0,0.1463334900239826,0.0,0.0,0.0,0.0,0.0,0.0,0,0,0,0,0,0,0,0,0.0,0.0,0.0,0.0,0,0,0,0,0,0,1,0,0,0,0,0,0,0,50921.0,0.0,50921.0,50921.0,8.1856664E7,0.0,8.1856664E7,8.1856664E7,-1,-1,0,Scarab
192.168.1.4-224.0.0.252-60371-5355-17,192.168.1.4,60371,224.0.0.252,5355,17,1970-01-01 00:02:01.531206,82905,2,0,44.0,0.0,22.0,22.0,22.0,0.0,0,0,0,0,530.7279416199264,24.12399734636029,82905.0,0.0,82905.0,82905.0,82905.0,82905.0,0.0,82905.0,82905.0,0,0,0,0,0,0,0,0,0,0,0,16,0,24.12399734636029,0.0,22.0,22.0,22.0,0.0,0.0,0,0,0,0,0,0,0,0,0.0,22.0,22.0,0.0,0,0,0,0,0,0,1,22,0,0,0,0,1,8,0,0,0,0,0,0,0,0,-1,-1,0,Scarab
192.168.1.4-8.8.8.8-65156-53-17,192.168.1.4,65156,8.8.8.8,53,17,1970-01-01 00:00:10.993483,26689,1,1,34.0,62.0,34.0,34.0,34.0,0.0,62.0,62.0,62.0,0.0,3596.9875229495296,74.93724006144853,26689.0,0.0,26689.0,26689.0,0,0,0,0,0,0,0,0,0,0,0,0,0,0,0,0,8,8,37.46862003072427,37.46862003072427,34.0,62.0,48.0,19.79898987322333,392.0,0,0,0,0,0,0,0,0,1.0,48.0,34.0,62.0,0,0,0,0,0,0,0,17,0,31,0,0,0,8,0,0,0,0,0,0,0,0,-1,-1,0,Scarab
192.168.1.4-192.168.1.5-3702-49478-17,192.168.1.4,3702,192.168.1.5,49478,17,1970-01-01 00:10:44.996633,168208,2,0,2472.0,0.0,1236.0,1236.0,1236.0,0.0,0,0,0,0,14696.090554551509,11.890040901740702,168208.0,0.0,168208.0,168208.0,168208.0,168208.0,0.0,168208.0,168208.0,0,0,0,0,0,0,0,0,0,0,0,16,0,11.890040901740702,0.0,1236.0,1236.0,1236.0,0.0,0.0,0,0,0,0,0,0,0,0,0.0,1236.0,1236.0,0.0,0,0,0,0,0,0,1,1236,0,0,0,0,1,8,0,0,0,0,0,0,0,0,-1,-1,0,Scarab
192.168.1.5-224.0.0.252-58335-5355-17,192.168.1.5,58335,224.0.0.252,5355,17,1970-01-01 00:10:51.322414,93990,2,0,48.0,0.0,24.0,24.0,24.0,0.0,0,0,0,0,510.6926268751995,21.27885945313331,93990.0,0.0,93990.0,93990.0,93990.0,93990.0,0.0,93990.0,93990.0,0,0,0,0,0,0,0,0,0,0,0,16,0,21.27885945313331,0.0,24.0,24.0,24.0,0.0,0.0,0,0,0,0,0,0,0,0,0.0,24.0,24.0,0.0,0,0,0,0,0,0,1,24,0,0,0,0,1,8,0,0,0,0,0,0,0,0,-1,-1,0,Scarab
192.168.1.4-224.0.0.252-64307-5355-17,192.168.1.4,64307,224.0.0.252,5355,17,1970-01-01 00:00:09.869754,94581,2,0,48.0,0.0,24.0,24.0,24.0,0.0,0,0,0,0,507.50150664509783,21.145896110212412,94581.0,0.0,94581.0,94581.0,94581.0,94581.0,0.0,94581.0,94581.0,0,0,0,0,0,0,0,0,0,0,0,16,0,21.145896110212412,0.0,24.0,24.0,24.0,0.0,0.0,0,0,0,0,0,0,0,0,0.0,24.0,24.0,0.0,0,0,0,0,0,0,1,24,0,0,0,0,1,8,0,0,0,0,0,0,0,0,-1,-1,0,Scarab
192.168.1.5-239.255.255.250-1900-1900-17,192.168.1.5,1900,239.255.255.250,1900,17,1970-01-01 00:38:04.212450,6016777,18,0,8607.0,0.0,513.0,433.0,478.16666666666674,30.860692684079144,0,0,0,0,1430.500083350272,2.991634890241071,353928.05882352934,989276.6475826207,2982494.0,488.0,6016777.0,353928.05882352934,989276.6475826207,2982494.0,488.0,0,0,0,0,0,0,0,0,0,0,0,144,0,2.991634890241071,0.0,433.0,513.0,478.16666666666674,30.860692684079144,952.382352941176,0,0,0,0,0,0,0,0,0.0,478.1666666666667,478.1666666666667,0.0,2869,6,164623,0,0,0,1,478,0,0,0,0,17,8,0,0,0,0,0,0,0,0,-1,-1,0,Scarab
192.168.1.4-192.168.1.5-3702-63774-17,192.168.1.4,3702,192.168.1.5,63774,17,1970-01-01 00:00:48.722097,207416,2,0,2472.0,0.0,1236.0,1236.0,1236.0,0.0,0,0,0,0,11918.077679638987,9.642457669610831,207416.0,0.0,207416.0,207416.0,207416.0,207416.0,0.0,207416.0,207416.0,0,0,0,0,0,0,0,0,0,0,0,16,0,9.642457669610831,0.0,1236.0,1236.0,1236.0,0.0,0.0,0,0,0,0,0,0,0,0,0.0,1236.0,1236.0,0.0,0,0,0,0,0,0,1,1236,0,0,0,0,1,8,0,0,0,0,0,0,0,0,-1,-1,0,Scarab
192.168.1.5-224.0.0.252-55953-5355-17,192.168.1.5,55953,224.0.0.252,5355,17,1970-01-01 00:40:45.420940,104411,2,0,42.0,0.0,21.0,21.0,21.0,0.0,0,0,0,0,402.2564672304642,19.155069868117344,104411.0,0.0,104411.0,104411.0,104411.0,104411.0,0.0,104411.0,104411.0,0,0,0,0,0,0,0,0,0,0,0,16,0,19.155069868117344,0.0,21.0,21.0,21.0,0.0,0.0,0,0,0,0,0,0,0,0,0.0,21.0,21.0,0.0,0,0,0,0,0,0,1,21,0,0,0,0,1,8,0,0,0,0,0,0,0,0,-1,-1,0,Scarab
8.6.0.1-8.0.6.4-0-0-0,8.6.0.1,0,8.0.6.4,0,0,1970-01-01 00:39:49.603824,82497267,5,0,0.0,0.0,0.0,0.0,0.0,0.0,0,0,0,0,0.0,0.06060806838607151,2.062431675E7,1.4172528399769075E7,3.1538118E7,88032.0,8.2497267E7,2.062431675E7,1.4172528399769075E7,3.1538118E7,88032.0,0,0,0,0,0,0,0,0,0,0,0,0,0,0.06060806838607151,0.0,0.0,0.0,0.0,0.0,0.0,0,0,0,0,0,0,0,0,0.0,0.0,0.0,0.0,0,0,0,0,0,0,1,0,0,0,0,0,0,0,88032.0,0.0,88032.0,88032.0,2.7469745E7,4486815.608870394,3.1538118E7,2.2657471E7,-1,-1,0,Scarab
134.221.96.0-0.0.1.214-0-0-0,134.221.96.0,0,0.0.1.214,0,0,1970-01-01 00:39:48.102814,87997016,6,0,0.0,0.0,0.0,0.0,0.0,0.0,0,0,0,0,0.0,0.06818413024368918,1.75994032E7,3.1836699183909263E7,7.4528491E7,2343254.0,8.7997016E7,1.75994032E7,3.1836699183909263E7,7.4528491E7,2343254.0,0,0,0,0,0,0,0,0,0,0,0,0,0,0.06818413024368918,0.0,0.0,0.0,0.0,0.0,0.0,0,0,0,0,0,0,0,0,0.0,0.0,0.0,0.0,0,0,0,0,0,0,1,0,0,0,0,0,0,0,8062959.0,0.0,8062959.0,8062959.0,7.4528491E7,0.0,7.4528491E7,7.4528491E7,-1,-1,0,Scarab
134.221.96.0-0.0.0.42-0-0-0,134.221.96.0,0,0.0.0.42,0,0,1970-01-01 00:40:12.174824,90002323,28,0,0.0,0.0,0.0,0.0,0.0,0.0,0,0,0,0,0.0,0.31110308119491537,3333419.370370371,7670306.806049377,2.6583673E7,711.0,9.0002323E7,3333419.370370371,7670306.806049377,2.6583673E7,711.0,0,0,0,0,0,0,0,0,0,0,0,0,0,0.31110308119491537,0.0,0.0,0.0,0.0,0.0,0.0,0,0,0,0,0,0,0,0,0.0,0.0,0.0,0.0,0,0,0,0,0,0,1,0,0,0,0,0,0,0,2882995.25,1063423.755533787,3417369.0,1287865.0,1.961547775E7,9206194.790206589,2.6583673E7,7167328.0,-1,-1,0,Scarab
